 BANKHEAD LOCK AL                         1 505 0
 LATT=  33.45 LONG= -87.35 YEARS= 35. TYPE= 4
 ELEVATION =  280. TP5 = 2.81 TP6= 6.16
 MEAN P   0.48  0.52  0.59  0.54  0.51  0.48  0.45  0.40  0.47  0.52  0.47  0.49
 S DEV P  0.57  0.68  0.73  0.70  0.64  0.57  0.55  0.46  0.64  0.64  0.56  0.65
 SQEW  P  1.78  2.67  2.60  2.60  2.00  2.46  2.24  2.16  2.33  2.01  1.74  2.45
 P(W/W)   0.52  0.49  0.47  0.46  0.49  0.47  0.52  0.46  0.50  0.46  0.48  0.48
 P(W/D)   0.27  0.28  0.29  0.24  0.22  0.22  0.28  0.22  0.20  0.14  0.23  0.26
 TMAX AV 51.90 57.05 65.37 74.98 82.21 88.99 91.37 91.10 85.76 75.85 65.55 56.12
 TMIN AV 30.15 32.82 39.57 48.13 56.68 64.37 68.26 67.52 62.06 49.60 40.63 33.54
 SD TMAX 11.34 11.29 10.47  8.28  6.43  5.39  4.90  4.71  7.17  8.01  9.74 10.65
 SD TMIN 10.58 10.48  9.60  9.20  7.09  5.35  3.66  3.99  6.98  8.90  9.87 10.73
 SOL.RAD  224.  287.  348.  472.  545.  553.  556.  516.  439.  363.  270.  199.
 SD SOL   39.9  48.9  67.9  66.9  69.3  77.0  70.6 111.4  65.8  35.2  31.7  39.5
 MX .5 P  0.89  0.87  1.26  0.97  1.38  0.94  1.41  1.45  1.40  0.81  0.90  0.79
 DEW PT  36.09 36.94 40.80 49.24 57.85 66.12 69.12 68.28 62.26 51.83 40.83 35.66
Time Pk  0.544 0.637 0.707 0.775 0.800 0.811 0.837 0.857 0.877 0.912 0.951 1.000
% N       8.67  9.45  7.67  6.36  6.87  5.34  5.10  7.47 11.07 11.13 10.17  9.85
MEAN      3.76  3.62  3.49  3.43  3.01  2.63  2.54  2.52  2.91  2.93  3.01  3.44
STD DEV   1.82  1.83  1.85  1.74  1.65  1.23  1.24  1.28  1.51  1.55  1.59  1.78
SKEW      0.58  0.87  0.84  0.72  0.90  0.85  1.10  1.28  1.04  1.11  1.02  0.78
% NNE     4.07  4.71  4.05  3.62  3.73  3.57  3.47  5.02  7.49  6.16  5.01  3.97
MEAN      3.33  2.93  2.85  2.97  2.85  2.54  2.37  2.38  2.77  2.70  2.75  2.83
STD DEV   1.72  1.59  1.49  1.60  1.62  1.33  1.32  1.21  1.54  1.65  1.56  1.44
SKEW      0.55  0.89  0.77  0.95  0.91  1.14  1.41  1.03  1.01  1.10  0.97  0.76
% NE      3.80  4.03  3.98  3.28  5.14  4.63  4.59  6.24  7.49  6.63  4.83  4.39
MEAN      2.37  2.38  2.50  2.27  2.23  2.05  2.17  2.12  2.59  2.39  2.00  2.13
STD DEV   1.24  1.24  1.37  1.19  1.29  1.00  1.08  1.16  1.49  1.40  1.13  1.08
SKEW      1.05  1.08  1.13  1.07  1.49  0.93  1.29  1.71  1.13  1.12  1.51  1.12
% ENE     2.74  3.97  3.53  3.30  4.01  4.93  4.52  5.72  7.72  6.77  3.82  3.55
MEAN      2.59  2.64  2.76  2.60  2.34  2.39  2.38  2.60  2.97  2.74  2.27  2.49
STD DEV   1.27  1.37  1.42  1.43  1.28  1.25  1.15  1.44  1.58  1.63  1.33  1.31
SKEW      0.83  0.84  1.11  0.77  1.13  1.09  1.13  1.03  0.81  1.00  1.35  1.39
% E       4.18  5.38  5.00  4.42  5.24  6.79  6.42  7.24 10.33  8.21  4.72  6.40
MEAN      2.55  2.80  3.04  2.59  2.43  2.56  2.44  2.57  3.00  2.89  2.32  2.93
STD DEV   1.23  1.45  1.66  1.47  1.42  1.31  1.23  1.41  1.52  1.58  1.24  1.59
SKEW      0.93  0.91  1.12  1.11  1.22  0.76  1.06  1.11  0.65  0.73  1.01  0.95
% ESE     4.98  4.98  4.95  3.86  4.07  4.98  4.90  4.26  5.71  4.89  3.27  5.69
MEAN      3.30  3.86  3.90  3.41  2.74  2.88  2.88  2.79  3.21  3.15  3.04  3.54
STD DEV   1.66  1.87  2.16  1.76  1.41  1.36  1.33  1.42  1.50  1.56  1.67  1.78
SKEW      0.84  0.46  1.05  0.70  0.81  0.56  0.60  0.91  0.50  0.46  0.76  0.66
% SE      8.38  6.14  6.24  6.30  5.72  5.85  5.87  5.25  5.84  4.84  6.40  7.26
MEAN      3.27  3.47  3.77  3.17  2.85  2.69  2.45  2.40  2.85  2.92  3.39  3.79
STD DEV   1.60  1.94  1.96  1.68  1.44  1.33  1.17  1.13  1.45  1.54  1.84  2.03
SKEW      0.84  0.90  0.79  1.06  0.94  0.92  0.93  0.89  0.99  0.88  0.81  0.67
% SSE     8.37  6.54  7.48  8.34  6.14  5.46  5.60  4.41  4.15  3.65  5.44  6.35
MEAN      4.05  4.16  4.41  3.89  3.22  2.68  2.49  2.48  2.90  2.86  3.89  4.17
STD DEV   1.93  2.01  2.22  2.03  1.51  1.23  1.04  1.24  1.40  1.30  2.08  2.02
SKEW      0.63  0.41  0.76  0.94  0.79  1.07  0.91  1.21  0.85  0.75  0.71  0.45
% S      11.13  8.56 10.27 12.02  8.86  8.36  9.36  6.62  4.67  3.70  6.11  7.24
MEAN      3.99  4.00  4.32  3.70  3.22  2.64  2.41  2.42  2.71  2.71  3.36  3.83
STD DEV   1.87  2.04  2.13  1.76  1.50  1.23  1.06  1.18  1.33  1.21  1.76  1.99
SKEW      0.48  0.72  0.64  0.67  0.71  1.11  1.07  1.49  1.16  0.84  0.97  0.63
% SSW     6.29  5.78  6.74  8.32  6.80  6.15  7.04  4.01  3.21  2.17  4.05  3.34
MEAN      4.32  4.47  4.36  4.13  3.56  3.07  2.79  2.64  2.89  2.80  3.46  3.72
STD DEV   1.92  2.12  2.06  1.79  1.66  1.33  1.15  1.21  1.29  1.46  1.68  1.95
SKEW      0.40  0.50  0.46  0.33  0.46  0.58  0.70  0.86  0.77  1.51  0.53  0.69
% SW      2.97  3.42  3.21  4.29  4.81  4.60  5.42  3.70  2.32  1.73  2.73  2.49
MEAN      3.33  3.57  3.58  3.81  3.26  2.87  2.67  2.54  2.70  2.61  2.90  3.02
STD DEV   1.80  1.82  1.59  1.78  1.65  1.27  1.23  1.18  1.33  1.21  1.36  1.50
SKEW      1.26  0.73  0.47  0.61  0.86  0.67  1.14  0.85  1.06  0.80  0.77  0.91
% WSW     2.05  3.04  2.79  3.17  3.30  3.89  4.28  3.52  1.42  1.66  2.13  2.53
MEAN      4.13  3.99  3.90  3.97  3.36  3.12  2.82  2.80  2.88  2.83  3.19  3.71
STD DEV   2.02  2.01  1.82  1.97  1.68  1.42  1.29  1.26  1.34  1.27  1.63  2.16
SKEW      0.36  0.52  0.37  0.47  0.68  0.59  0.88  0.85  0.79  0.69  0.52  0.64
% W       3.12  3.93  4.58  3.69  3.81  4.15  4.88  3.98  1.59  2.65  3.61  4.53
MEAN      3.92  4.10  4.29  4.21  3.03  2.97  2.75  2.62  2.42  2.84  3.35  3.68
STD DEV   2.07  2.12  2.22  2.43  1.55  1.46  1.38  1.30  1.20  1.53  1.86  2.12
SKEW      0.60  0.46  0.43  0.82  0.93  0.85  1.29  1.03  0.95  0.91  0.80  0.76
% WNW     5.56  6.26  6.41  6.41  4.31  3.90  3.06  3.57  1.91  3.37  6.01  5.59
MEAN      4.69  4.79  5.08  4.59  3.66  3.34  2.79  2.80  2.87  3.35  4.25  4.51
STD DEV   2.22  2.31  2.50  2.25  1.82  1.74  1.27  1.30  1.35  2.08  2.09  2.18
SKEW      0.27  0.28  0.25  0.32  0.58  0.68  0.71  0.66  0.75  1.17  0.37  0.16
% NW      7.75  7.18  7.54  5.92  5.04  4.84  3.43  4.54  3.47  5.54  8.19  6.93
MEAN      4.59  4.36  4.65  4.36  3.51  3.08  2.65  2.66  2.88  3.36  4.33  4.09
STD DEV   2.20  2.24  2.28  2.16  1.87  1.51  1.19  1.39  1.50  1.87  2.21  2.27
SKEW      0.39  0.39  0.31  0.31  0.67  0.66  0.75  1.16  0.78  0.90  0.40  0.49
% NNW     6.79  7.56  6.96  6.05  5.04  4.30  3.27  5.13  5.80  7.58  7.42  6.82
MEAN      4.62  4.49  4.47  4.29  3.69  3.01  2.77  2.79  3.34  3.60  4.20  4.08
STD DEV   2.13  2.07  2.12  1.99  1.91  1.41  1.31  1.32  1.71  1.95  2.14  2.09
SKEW      0.43  0.37  0.39  0.30  0.53  0.68  0.91  0.74  0.64  0.84  0.54  0.58
CALM      9.17  9.09  8.60 10.69 17.04 18.35 18.89 19.21 15.88 19.27 16.06 13.13
TUSCALOOSA    AL    0.511  BIRMINGHAM    AL    0.310  COLUMBUS      MS    0.179
 BIRMINGHAM WB AP AL                      1 831 0
 LATT=  33.57 LONG= -86.75 YEARS= 62. TYPE= 3
 ELEVATION =  610. TP5 = 2.77 TP6= 5.94
 MEAN P   0.45  0.48  0.55  0.50  0.44  0.39  0.40  0.41  0.47  0.46  0.46  0.46
 S DEV P  0.57  0.63  0.70  0.62  0.55  0.53  0.54  0.55  0.63  0.64  0.59  0.66
 SQEW  P  2.39  2.86  3.11  2.54  2.26  2.56  3.16  2.39  2.24  2.53  2.52  4.10
 P(W/W)   0.50  0.50  0.47  0.47  0.51  0.48  0.55  0.46  0.45  0.40  0.44  0.49
 P(W/D)   0.28  0.29  0.30  0.24  0.22  0.25  0.32  0.26  0.19  0.14  0.23  0.27
 TMAX AV 53.70 57.81 65.59 74.59 81.65 88.33 90.34 89.89 85.03 75.64 64.24 55.92
 TMIN AV 34.33 36.59 42.94 50.68 59.03 66.58 70.03 69.35 63.85 51.89 41.86 36.13
 SD TMAX 11.48 11.06 10.43  8.32  6.76  5.49  5.02  4.73  6.98  7.96  9.73 10.37
 SD TMIN 12.05 11.09 10.62  9.23  7.41  5.34  3.50  3.90  7.04  9.56 10.66 11.17
 SOL.RAD  225.  288.  351.  474.  543.  551.  551.  515.  436.  361.  271.  201.
 SD SOL   39.5  48.6  67.6  67.2  71.1  78.8  73.2 116.1  67.6  35.8  31.3  38.8
 MX .5 P  0.98  0.69  1.32  0.88  1.38  0.83  1.28  1.31  1.40  0.83  0.87  0.85
 DEW PT  36.00 37.00 41.00 49.00 58.00 66.00 69.00 68.00 62.00 52.00 41.00 36.00
Time Pk  0.552 0.657 0.725 0.783 0.806 0.822 0.856 0.876 0.894 0.925 0.963 1.000
% N      11.05 10.05  7.81  7.12  6.87  5.07  4.71  6.46  7.15  8.79  9.62  8.64
MEAN      4.41  4.57  4.41  4.32  3.80  3.46  3.33  3.29  3.77  3.99  4.13  4.10
STD DEV   1.92  2.02  1.91  1.78  1.72  1.49  1.50  1.62  1.71  1.77  1.87  1.77
SKEW      0.35  0.47  0.41  0.31  0.53  0.50  0.46  0.64  0.40  0.42  0.50  0.50
% NNE     4.50  4.43  4.40  4.02  4.65  4.86  4.21  6.08  6.81  5.51  4.33  4.06
MEAN      3.34  3.44  3.40  3.49  3.03  3.00  2.88  2.85  3.13  3.14  3.03  3.22
STD DEV   1.61  1.62  1.69  1.73  1.52  1.44  1.51  1.38  1.48  1.60  1.53  1.53
SKEW      0.69  0.55  0.78  0.82  0.85  0.89  1.20  0.96  0.72  1.08  1.10  0.74
% NE      4.01  4.57  4.46  4.35  6.23  7.39  6.34  8.98  9.96  8.81  6.42  4.90
MEAN      2.55  2.52  2.72  2.43  2.43  2.44  2.42  2.36  2.80  2.49  2.34  2.47
STD DEV   1.31  1.22  1.39  1.17  1.26  1.17  1.19  1.13  1.42  1.27  1.13  1.19
SKEW      0.91  0.86  1.10  1.23  1.21  0.95  1.13  1.11  1.03  1.23  0.89  1.02
% ENE     4.32  5.15  5.06  4.42  5.45  5.69  5.13  6.60 10.61  9.67  6.22  5.19
MEAN      2.99  3.14  3.08  3.04  2.57  2.71  2.87  2.89  3.45  2.98  2.59  3.10
STD DEV   1.48  1.55  1.53  1.68  1.31  1.26  1.45  1.47  1.67  1.60  1.39  1.44
SKEW      0.87  0.66  0.67  1.02  1.15  0.75  1.15  0.86  0.58  0.98  1.18  0.70
% E       4.61  5.46  5.26  4.59  6.49  6.69  6.47  8.28 11.63 10.04  5.75  5.65
MEAN      3.21  3.36  3.52  2.96  2.68  2.83  2.75  2.77  3.46  3.16  2.66  3.42
STD DEV   1.63  1.76  1.74  1.60  1.41  1.31  1.35  1.36  1.64  1.55  1.37  1.67
SKEW      0.87  0.75  0.58  1.14  1.00  0.53  0.76  0.67  0.54  0.51  0.84  0.77
% ESE     3.40  4.42  4.23  3.74  4.16  4.65  4.43  4.58  7.07  6.11  3.38  4.13
MEAN      3.84  4.60  4.43  3.86  3.42  3.49  3.15  3.14  3.88  3.81  3.40  3.96
STD DEV   1.73  2.15  2.17  1.78  1.52  1.50  1.40  1.39  1.56  1.56  1.63  1.81
SKEW      0.60  0.50  0.93  0.48  0.34  0.47  0.38  0.54  0.38  0.28  0.52  0.37
% SE      5.21  5.26  5.28  5.36  5.92  6.08  5.92  5.68  6.48  5.71  5.20  6.13
MEAN      3.94  4.23  4.52  3.91  3.44  3.33  2.90  2.90  3.35  3.60  3.89  4.39
STD DEV   1.93  2.24  2.29  1.70  1.50  1.50  1.32  1.29  1.43  1.61  1.93  2.16
SKEW      0.70  0.94  0.71  0.43  0.61  0.52  0.51  0.58  0.40  0.60  0.61  0.57
% SSE     6.97  6.66  7.30  7.78  6.78  6.23  6.71  5.60  5.25  4.45  7.17  7.76
MEAN      4.56  4.76  4.96  4.60  3.84  3.38  3.13  3.15  3.62  3.81  4.66  4.60
STD DEV   1.99  2.05  2.32  2.07  1.56  1.44  1.31  1.36  1.55  1.49  1.97  2.04
SKEW      0.60  0.40  0.89  0.98  0.57  0.55  0.71  0.70  0.70  0.51  0.34  0.51
% S       9.27  8.03  9.79 11.16  7.66  6.50  7.60  5.80  4.82  3.36  6.56  7.76
MEAN      4.29  4.61  4.97  4.54  3.96  3.24  2.96  3.02  3.45  3.63  4.41  4.27
STD DEV   1.81  1.94  2.16  1.90  1.48  1.35  1.25  1.19  1.48  1.48  1.96  1.83
SKEW      0.38  0.46  0.74  0.66  0.44  0.43  0.80  0.52  0.52  0.57  0.53  0.63
% SSW     6.47  6.44  6.94  8.95  6.31  5.52  5.98  3.56  2.69  2.00  4.40  4.83
MEAN      4.80  5.29  5.42  5.11  4.51  4.04  3.44  3.42  3.77  3.76  4.56  4.45
STD DEV   1.87  2.19  2.07  1.88  1.83  1.52  1.34  1.52  1.50  1.58  1.85  1.73
SKEW      0.37  0.58  0.28  0.14  0.37  0.32  0.43  0.84  0.30  0.27  0.20  0.45
% SW      3.81  4.80  4.65  5.70  4.53  5.81  6.13  3.65  2.09  1.84  3.61  3.89
MEAN      4.32  4.40  4.70  4.89  4.44  3.77  3.43  3.40  3.62  3.54  3.91  4.14
STD DEV   1.97  1.94  1.90  2.11  1.96  1.52  1.42  1.51  1.50  1.48  1.85  1.71
SKEW      0.61  0.38  0.16  0.54  0.44  0.52  0.52  0.54  0.38  0.18  0.47  0.29
% WSW     3.15  3.27  3.65  3.68  3.20  3.57  4.17  2.62  1.13  1.67  2.82  3.27
MEAN      4.33  4.63  4.79  4.70  4.25  3.78  3.38  3.27  3.41  3.92  3.81  4.13
STD DEV   1.84  2.18  2.02  2.07  1.81  1.55  1.46  1.30  1.27  1.61  1.60  1.85
SKEW      0.47  0.56  0.23  0.25  0.28  0.39  0.94  0.44  0.94  0.49  0.38  0.59
% W       3.29  3.71  4.07  3.60  3.54  3.41  4.50  3.16  1.37  2.25  3.09  3.94
MEAN      4.46  4.85  5.10  4.80  3.88  3.86  3.58  3.40  3.16  3.63  4.34  4.30
STD DEV   2.07  2.26  2.20  2.22  1.63  1.75  1.65  1.49  1.57  1.73  1.95  1.95
SKEW      0.69  0.59  0.38  0.45  0.65  0.70  1.33  0.72  0.80  0.70  0.51  0.60
% WNW     4.77  4.50  5.43  4.60  3.94  3.60  3.44  2.86  1.50  2.39  4.17  4.78
MEAN      4.80  5.18  5.34  5.17  4.46  3.87  3.54  3.50  3.52  3.95  4.83  4.81
STD DEV   1.95  2.14  2.24  2.23  1.76  1.69  1.43  1.20  1.24  1.94  1.91  2.00
SKEW      0.40  0.21  0.33  0.35  0.45  0.53  0.49  0.32  0.62  0.84  0.35  0.16
% NW      7.14  6.48  6.67  4.48  3.96  4.34  3.26  3.46  2.30  3.97  6.44  5.96
MEAN      4.65  4.95  5.32  4.89  3.98  3.45  3.22  3.37  3.47  4.00  4.72  4.64
STD DEV   1.88  2.14  2.21  2.11  1.65  1.41  1.36  1.33  1.41  1.79  2.07  1.97
SKEW      0.30  0.22  0.35  0.18  0.47  0.41  0.44  0.45  0.41  0.79  0.33  0.18
% NNW     7.81  7.40  6.95  5.67  4.71  4.37  3.45  3.77  4.22  5.62  7.41  6.89
MEAN      4.98  5.09  5.02  4.91  4.19  3.75  3.44  3.45  4.07  4.36  4.79  4.62
STD DEV   1.95  2.01  2.03  1.90  1.79  1.57  1.34  1.36  1.69  1.88  2.05  2.03
SKEW      0.21  0.22  0.35  0.07  0.33  0.69  0.15  0.32  0.46  0.46  0.36  0.41
CALM     10.22  9.21  8.11 10.88 15.45 16.18 17.66 18.80 14.97 17.79 13.41 12.43
BIRMINGHAM    AL    1.000  TUSCALOOSA    AL    0.000  HUNTSVILLE    AL    0.000
 BRANTLEY AL                              11069 0
 LATT=  31.58 LONG= -86.27 YEARS= 35. TYPE= 4
 ELEVATION =  280. TP5 = 3.01 TP6= 7.07
 MEAN P   0.53  0.63  0.67  0.70  0.55  0.51  0.49  0.51  0.60  0.51  0.54  0.62
 S DEV P  0.66  0.80  0.76  0.93  0.63  0.70  0.52  0.60  0.81  0.68  0.56  0.80
 SQEW  P  2.69  3.08  2.00  2.83  2.87  3.75  2.11  2.23  2.75  2.32  1.69  3.41
 P(W/W)   0.39  0.43  0.43  0.38  0.44  0.45  0.49  0.46  0.49  0.40  0.37  0.39
 P(W/D)   0.23  0.22  0.22  0.17  0.16  0.20  0.30  0.25  0.16  0.10  0.17  0.22
 TMAX AV 58.46 62.04 69.63 79.14 85.37 90.86 92.69 91.78 88.21 79.03 69.82 62.16
 TMIN AV 32.45 34.68 41.65 50.06 57.03 64.21 67.78 66.92 62.54 49.03 39.77 34.23
 SD TMAX 11.83 11.11  9.77  7.22  6.34  4.87  4.12  4.01  6.54  7.53  9.51 10.01
 SD TMIN 11.89 11.56 10.83  9.59  6.99  5.08  3.03  3.47  6.23  9.89 10.95 11.88
 SOL.RAD  248.  302.  370.  484.  558.  552.  556.  532.  463.  378.  286.  218.
 SD SOL   39.5  51.3  67.1  67.9  68.4  80.3  73.8 118.5  63.2  36.7  33.4  40.6
 MX .5 P  0.99  1.18  1.15  1.32  1.44  1.42  1.69  1.64  1.43  1.08  1.00  0.60
 DEW PT  42.48 43.11 46.92 55.06 62.31 68.75 71.75 71.22 66.61 56.17 45.83 41.73
Time Pk  0.476 0.602 0.672 0.761 0.792 0.806 0.838 0.859 0.877 0.914 0.947 1.000
% N       8.28  8.45  7.48  5.67  6.90  5.05  3.76  5.84  7.96 11.05  9.18  8.57
MEAN      3.85  3.77  3.69  3.55  3.27  2.88  2.74  2.68  3.13  3.21  3.35  3.72
STD DEV   1.74  1.73  1.73  1.79  1.55  1.31  1.22  1.28  1.79  1.57  1.61  1.76
SKEW      0.56  0.61  0.64  0.91  0.73  0.76  0.75  0.94  2.24  0.94  0.80  0.73
% NNE     3.62  3.93  3.77  2.58  3.40  3.19  2.42  3.72  6.96  6.66  4.53  4.05
MEAN      3.34  3.56  3.54  3.23  3.16  3.09  2.71  2.63  3.20  3.16  3.08  3.32
STD DEV   1.40  1.58  1.48  1.43  1.45  1.47  1.25  1.16  1.64  1.54  1.43  1.47
SKEW      0.45  0.58  0.52  0.77  0.59  0.83  0.85  0.88  1.20  0.86  0.66  0.68
% NE      4.98  4.95  4.91  3.16  4.54  5.73  5.28  6.84 12.92 12.39  7.91  5.74
MEAN      2.97  3.29  3.13  2.88  2.84  2.83  2.73  2.64  3.22  3.09  2.80  3.11
STD DEV   1.28  1.44  1.43  1.24  1.30  1.34  1.29  1.22  1.51  1.52  1.35  1.41
SKEW      0.61  0.49  0.68  0.56  0.75  0.87  0.96  0.99  0.79  0.89  0.99  0.73
% ENE     4.79  4.79  4.33  3.26  3.97  4.94  4.18  5.87 10.86  8.88  5.62  5.57
MEAN      3.36  3.79  3.51  3.17  3.06  3.04  2.85  2.94  3.55  3.42  3.02  3.33
STD DEV   1.53  1.55  1.55  1.44  1.30  1.30  1.26  1.35  1.60  1.53  1.45  1.43
SKEW      0.66  0.38  0.44  0.68  0.63  0.71  0.69  0.75  0.51  0.59  0.98  0.46
% E       7.01  6.49  6.05  5.62  7.17  7.11  7.07  8.11 11.56  9.43  6.81  7.85
MEAN      3.24  3.59  3.37  3.07  3.08  2.96  2.82  2.79  3.32  3.22  2.84  3.32
STD DEV   1.42  1.66  1.55  1.43  1.31  1.29  1.30  1.30  1.52  1.43  1.34  1.46
SKEW      0.64  0.65  0.86  0.70  0.66  0.72  0.86  0.81  0.66  0.57  0.89  0.43
% ESE     4.26  3.98  3.84  4.38  3.64  3.80  4.05  3.83  4.36  3.77  3.22  4.04
MEAN      3.37  3.60  3.57  3.37  3.22  3.01  2.92  2.73  3.24  3.23  3.00  3.48
STD DEV   1.42  1.62  1.62  1.50  1.35  1.29  1.39  1.25  1.48  1.39  1.32  1.47
SKEW      0.60  0.63  0.72  0.51  0.62  0.56  1.00  0.97  0.75  0.55  0.65  0.42
% SE      6.08  5.23  5.33  6.73  5.02  4.24  4.45  4.08  4.17  3.13  4.59  5.60
MEAN      3.32  3.72  3.70  3.57  3.12  2.86  2.77  2.63  2.94  3.11  3.20  3.46
STD DEV   1.53  1.86  1.80  1.65  1.43  1.40  1.27  1.25  1.43  1.44  1.51  1.64
SKEW      0.55  0.79  0.78  0.60  0.56  0.88  0.75  0.89  0.88  0.71  0.62  0.70
% SSE     5.22  4.08  5.52  5.82  3.69  3.07  3.30  2.69  2.19  1.62  3.09  3.84
MEAN      3.69  4.05  4.13  3.98  3.14  2.98  2.72  2.64  2.92  3.03  3.74  3.76
STD DEV   1.76  1.96  1.95  1.86  1.40  1.25  1.25  1.17  1.43  1.52  1.82  1.72
SKEW      0.56  0.64  0.63  0.66  0.73  0.71  0.69  0.77  0.80  0.49  0.61  0.47
% S       6.86  7.35  8.92 10.51  8.41  7.66  8.25  5.75  3.95  2.50  5.19  6.16
MEAN      3.89  3.98  4.37  3.90  3.27  2.99  2.73  2.69  2.76  2.75  3.41  3.80
STD DEV   1.89  1.97  2.14  1.83  1.55  1.38  1.27  1.28  1.29  1.43  1.85  1.95
SKEW      0.61  0.67  0.62  0.68  0.72  0.75  0.90  1.02  0.68  0.76  0.99  0.61
% SSW     3.89  4.79  6.07  8.10  8.01  6.81  6.06  4.67  2.61  1.54  3.30  3.03
MEAN      4.30  4.41  4.79  4.18  3.63  3.32  3.04  2.88  3.08  2.84  3.76  4.20
STD DEV   2.17  2.01  2.19  2.00  1.67  1.47  1.42  1.30  1.53  1.24  1.91  2.08
SKEW      0.66  0.44  0.65  0.81  0.77  0.67  0.95  0.84  0.73  0.45  0.71  0.62
% SW      4.18  5.93  5.70  7.72  7.59  8.46  8.62  6.12  2.83  2.23  3.43  3.86
MEAN      4.06  4.16  4.26  3.86  3.36  3.22  3.00  2.80  2.74  2.82  3.40  3.72
STD DEV   2.21  2.12  2.21  1.91  1.58  1.52  1.37  1.22  1.23  1.41  1.84  2.03
SKEW      0.83  0.70  0.78  0.79  0.83  0.96  0.89  0.82  0.70  0.82  0.94  0.78
% WSW     2.86  3.84  3.63  3.70  4.22  5.14  5.35  4.16  1.74  1.60  2.45  2.64
MEAN      3.78  4.19  4.17  3.89  3.25  3.20  2.93  2.86  2.79  2.89  3.39  3.62
STD DEV   1.91  2.10  2.12  1.90  1.44  1.44  1.23  1.29  1.27  1.31  1.67  1.93
SKEW      0.70  0.68  0.77  0.70  0.73  0.78  0.69  0.77  0.67  0.67  0.88  0.83
% W       4.61  5.58  5.27  4.95  5.56  6.37  7.95  6.24  2.84  2.82  4.80  4.91
MEAN      3.99  4.10  4.22  3.71  3.28  3.17  3.01  2.76  2.74  2.95  3.55  3.68
STD DEV   1.99  2.23  2.11  2.02  1.65  1.51  1.34  1.28  1.13  1.45  1.80  1.93
SKEW      0.63  0.88  0.52  0.98  0.92  0.85  0.79  0.84  0.67  0.94  0.83  0.90
% WNW     5.02  5.54  5.22  4.04  3.76  4.00  3.77  3.56  2.35  2.85  5.14  5.22
MEAN      4.45  4.75  4.93  4.31  3.51  3.30  3.07  2.93  2.99  3.31  4.26  4.55
STD DEV   2.14  2.22  2.26  2.22  1.77  1.47  1.39  1.25  1.43  1.63  2.12  2.18
SKEW      0.60  0.54  0.38  0.80  1.07  0.72  0.70  0.61  0.80  0.79  0.66  0.64
% NW      9.21  8.68  8.87  7.30  6.19  5.31  4.30  5.06  4.14  7.13  9.75  8.63
MEAN      4.53  4.67  4.55  4.26  3.48  3.30  2.96  2.88  3.12  3.45  4.08  4.33
STD DEV   2.10  2.26  2.21  2.09  1.70  1.50  1.31  1.37  1.45  1.68  2.05  2.11
SKEW      0.46  0.60  0.54  0.58  0.88  0.78  0.69  0.99  0.71  0.91  0.67  0.62
% NNW     7.65  7.00  7.07  5.25  4.31  3.39  2.77  3.79  3.91  7.08  7.50  7.48
MEAN      4.51  4.25  4.42  4.30  3.59  3.09  2.85  2.90  3.33  3.45  4.06  4.24
STD DEV   1.95  1.95  2.06  2.03  1.70  1.33  1.30  1.31  1.76  1.65  1.96  2.01
SKEW      0.45  0.55  0.52  0.65  0.81  0.77  0.84  0.90  1.22  0.77  0.62  0.71
CALM     11.49  9.39  7.96 11.15 13.66 15.77 18.40 19.75 14.71 15.31 13.49 12.69
FORT RUCKER   AL    0.416  MONTGOMERY    AL    0.309  CRESTVIEW     FL    0.275
 FRISCO CITY AL                           13105 0
 LATT=  31.43 LONG= -87.40 YEARS= 43. TYPE= 4
 ELEVATION =  410. TP5 = 3.02 TP6= 7.12
 MEAN P   0.55  0.63  0.70  0.73  0.70  0.57  0.54  0.49  0.58  0.56  0.61  0.64
 S DEV P  0.67  0.78  0.80  0.99  0.89  0.64  0.64  0.60  0.75  0.79  0.69  0.80
 SQEW  P  3.48  3.35  2.25  4.31  2.42  2.10  2.86  3.06  3.35  4.28  1.74  2.93
 P(W/W)   0.39  0.40  0.40  0.35  0.42  0.47  0.47  0.47  0.48  0.44  0.33  0.38
 P(W/D)   0.22  0.22  0.22  0.19  0.17  0.23  0.31  0.23  0.18  0.10  0.18  0.22
 TMAX AV 59.25 63.15 69.92 77.81 84.91 89.91 91.27 91.32 87.28 78.97 69.09 61.59
 TMIN AV 37.31 39.65 45.97 53.43 61.18 67.27 69.68 69.14 64.95 53.86 44.34 39.12
 SD TMAX 11.61 10.73  9.51  7.20  5.94  5.20  4.10  4.65  6.49  7.56  9.45 10.43
 SD TMIN 11.66 11.03 10.21  8.30  6.15  4.22  2.60  3.07  5.80  8.91 10.76 11.34
 SOL.RAD  245.  298.  371.  480.  559.  551.  555.  531.  475.  377.  283.  219.
 SD SOL   41.5  54.1  68.7  71.1  69.7  82.5  76.0 126.3  60.9  38.3  35.5  41.5
 MX .5 P  1.11  1.10  1.16  1.52  1.47  1.49  1.84  1.61  1.33  1.10  1.00  0.68
 DEW PT  43.98 44.26 47.91 56.55 63.48 69.41 72.07 71.77 67.12 56.84 46.89 43.26
Time Pk  0.474 0.586 0.662 0.756 0.784 0.799 0.834 0.856 0.876 0.916 0.953 1.000
% N      11.29 10.20  9.18  7.33  6.78  5.87  4.67  6.47  8.71 13.35 13.72 11.19
MEAN      4.89  4.69  4.71  4.44  3.77  3.27  3.03  3.10  3.60  3.95  4.50  4.61
STD DEV   1.87  1.90  2.01  1.85  1.56  1.32  1.19  1.21  1.51  1.66  1.92  1.91
SKEW      0.37  0.45  0.60  0.51  0.70  0.56  0.78  0.65  0.70  0.68  0.63  0.37
% NNE     5.45  5.76  5.20  3.80  4.20  3.96  3.09  4.60  7.75  8.40  6.82  5.92
MEAN      4.10  4.28  4.25  4.00  3.52  3.27  3.09  3.07  3.64  3.74  3.78  4.05
STD DEV   1.58  1.72  1.70  1.71  1.50  1.28  1.24  1.25  1.44  1.55  1.54  1.68
SKEW      0.48  0.49  0.44  0.64  0.71  0.53  0.72  1.01  0.78  0.74  0.55  0.59
% NE      5.10  5.07  4.48  3.11  3.84  4.78  4.55  6.45 10.89  9.87  6.49  5.45
MEAN      3.56  3.84  3.74  3.29  3.19  3.09  3.08  3.10  3.63  3.51  3.35  3.50
STD DEV   1.45  1.51  1.50  1.36  1.30  1.17  1.26  1.29  1.53  1.45  1.32  1.36
SKEW      0.49  0.64  0.44  0.75  0.72  0.53  0.86  0.88  0.96  0.84  0.63  0.58
% ENE     3.84  3.99  3.37  2.49  3.19  3.69  3.76  5.34  9.73  7.92  4.69  4.53
MEAN      3.53  3.64  3.59  3.15  3.34  3.25  3.12  3.24  3.88  3.76  3.38  3.41
STD DEV   1.39  1.38  1.50  1.23  1.29  1.23  1.25  1.30  1.57  1.48  1.34  1.20
SKEW      0.66  0.38  0.67  0.50  0.60  0.64  0.58  0.78  0.71  0.92  0.50  0.47
% E       6.15  6.01  4.93  4.48  5.07  5.53  6.31  7.04 11.04  8.33  6.59  8.07
MEAN      3.57  3.81  3.65  3.29  3.35  3.08  2.98  3.14  3.67  3.66  3.44  3.70
STD DEV   1.46  1.61  1.53  1.35  1.41  1.31  1.22  1.32  1.53  1.43  1.34  1.46
SKEW      0.81  0.69  0.66  0.77  0.74  0.69  0.78  0.80  0.63  0.68  0.50  0.69
% ESE     4.67  4.53  4.05  3.89  4.30  3.55  3.89  3.73  4.94  4.36  4.13  5.40
MEAN      3.69  4.16  3.88  3.63  3.44  3.30  3.10  3.05  3.56  3.74  3.48  3.90
STD DEV   1.41  1.75  1.58  1.48  1.52  1.41  1.32  1.23  1.48  1.51  1.42  1.56
SKEW      0.58  0.68  0.59  0.44  0.70  0.75  0.95  0.76  0.58  0.60  0.60  0.78
% SE      5.40  5.30  5.50  6.36  5.20  3.73  4.15  3.54  4.22  3.36  4.98  5.52
MEAN      3.72  4.07  4.20  4.07  3.55  3.10  2.96  3.06  3.37  3.45  3.74  3.95
STD DEV   1.58  1.72  1.96  1.89  1.50  1.32  1.17  1.27  1.40  1.48  1.65  1.67
SKEW      1.02  0.96  0.88  0.85  0.68  0.78  0.84  0.75  0.66  0.68  0.93  0.68
% SSE     5.55  5.51  6.37  7.74  5.74  3.91  3.86  3.09  3.29  2.17  4.08  4.54
MEAN      4.40  4.49  4.39  4.30  3.74  3.39  3.26  3.18  3.47  3.45  4.03  4.30
STD DEV   1.97  1.84  1.88  1.84  1.53  1.39  1.43  1.25  1.43  1.45  1.83  1.85
SKEW      0.83  0.71  0.73  0.57  0.54  0.58  0.98  0.68  0.61  0.67  0.79  0.72
% S       7.80  8.51 10.55 12.33 10.67  9.38  8.24  6.47  4.97  3.29  5.68  6.41
MEAN      4.59  4.86  5.01  4.49  4.06  3.74  3.52  3.37  3.39  3.37  3.98  4.55
STD DEV   2.05  2.13  2.27  1.90  1.63  1.65  1.51  1.47  1.38  1.36  1.76  2.01
SKEW      0.80  0.67  0.79  0.49  0.33  0.61  0.66  0.91  0.64  0.59  0.90  0.61
% SSW     4.96  5.65  7.21  8.96  8.24  8.08  7.28  5.00  3.27  2.28  3.95  3.92
MEAN      4.84  5.23  5.28  4.73  4.27  4.01  3.68  3.45  3.62  3.60  4.36  4.59
STD DEV   2.13  2.22  2.21  1.92  1.69  1.71  1.50  1.39  1.45  1.62  1.87  2.04
SKEW      0.61  0.56  0.43  0.41  0.40  0.67  0.64  0.80  0.50  0.91  0.74  0.57
% SW      4.11  4.97  5.63  6.30  6.97  8.26  8.35  5.92  2.89  2.40  2.96  3.61
MEAN      4.34  4.63  4.78  4.45  3.83  3.58  3.36  3.17  3.00  3.28  3.99  4.27
STD DEV   2.00  2.07  2.18  2.01  1.59  1.50  1.37  1.29  1.13  1.38  1.85  1.77
SKEW      0.62  0.71  0.52  0.60  0.61  0.95  0.78  0.94  0.43  0.86  0.75  0.59
% WSW     2.87  3.88  3.55  3.79  4.29  5.46  5.77  4.47  1.95  1.72  2.12  2.76
MEAN      4.09  4.20  4.40  4.08  3.45  3.24  3.10  2.89  2.69  3.04  3.54  3.85
STD DEV   1.86  1.81  1.88  1.85  1.50  1.26  1.21  1.12  0.98  1.21  1.42  1.58
SKEW      0.94  0.70  0.63  0.72  0.92  0.59  0.64  0.78  0.67  0.62  0.86  0.74
% W       3.74  3.90  3.69  3.62  4.15  5.95  6.71  5.81  2.36  2.50  3.33  3.84
MEAN      4.05  3.85  4.08  3.69  3.12  3.04  3.05  2.90  2.74  2.95  3.41  3.78
STD DEV   1.94  1.72  1.97  1.70  1.28  1.21  1.23  1.11  1.09  1.13  1.49  1.71
SKEW      1.06  0.70  0.91  0.82  1.04  0.79  0.80  0.79  0.80  0.52  1.00  0.87
% WNW     3.66  4.05  4.02  3.45  3.34  3.89  3.96  3.90  1.89  2.50  3.53  3.70
MEAN      4.34  4.69  4.76  4.00  3.44  3.30  3.07  3.04  2.98  3.47  4.17  4.26
STD DEV   1.96  2.20  2.12  1.69  1.45  1.30  1.18  1.18  1.36  1.51  1.85  1.94
SKEW      0.89  0.63  0.56  0.50  0.81  0.67  0.49  0.81  1.02  0.72  0.70  0.68
% NW      6.52  6.44  6.11  4.84  4.07  4.18  4.25  4.58  3.05  4.91  6.15  6.24
MEAN      4.91  5.06  5.13  4.62  3.80  3.20  3.10  3.11  3.20  3.66  4.45  4.61
STD DEV   2.11  2.28  2.34  1.99  1.75  1.26  1.20  1.16  1.41  1.62  2.03  2.03
SKEW      0.64  0.53  0.63  0.53  0.77  0.60  0.41  0.59  0.91  0.85  0.72  0.56
% NNW     8.10  7.21  6.82  5.44  4.57  4.09  3.55  4.45  3.72  7.01  7.18  6.85
MEAN      5.27  5.04  5.21  4.74  3.99  3.35  3.08  3.02  3.42  4.17  4.87  4.87
STD DEV   2.05  2.14  2.18  1.84  1.79  1.36  1.17  1.18  1.46  1.77  2.23  2.09
SKEW      0.27  0.54  0.41  0.47  0.68  0.60  0.59  0.55  0.90  0.66  0.63  0.52
CALM     10.74  9.05  9.41 12.04 15.46 15.70 17.64 19.13 15.32 15.60 13.56 11.96
MILTON        FL    0.432  MOBILE        AL    0.284  SELMA         AL    0.284
 GREENSBORO AL                            13511 0
 LATT=  32.70 LONG= -87.60 YEARS= 65. TYPE= 4
 ELEVATION =  220. TP5 = 2.89 TP6= 6.43
 MEAN P   0.50  0.61  0.69  0.67  0.53  0.44  0.46  0.45  0.46  0.51  0.53  0.54
 S DEV P  0.62  0.75  0.84  0.80  0.64  0.59  0.56  0.54  0.65  0.71  0.62  0.65
 SQEW  P  2.75  2.49  2.54  1.92  2.24  3.14  2.06  2.34  2.96  2.54  2.09  2.77
 P(W/W)   0.47  0.42  0.41  0.41  0.50  0.45  0.50  0.42  0.45  0.39  0.42  0.43
 P(W/D)   0.25  0.25  0.25  0.20  0.18  0.20  0.27  0.20  0.17  0.12  0.18  0.24
 TMAX AV 57.67 61.52 69.04 77.27 84.21 90.46 92.09 92.17 87.63 79.06 67.98 59.54
 TMIN AV 36.34 38.68 44.82 52.32 60.79 67.89 70.83 70.22 65.15 53.83 43.58 37.73
 SD TMAX 11.01 10.48  9.58  7.26  5.89  5.21  4.66  4.69  6.71  7.58  9.35  9.94
 SD TMIN 11.89 11.03 10.48  8.63  6.70  4.91  3.25  3.57  6.61  9.25 10.68 11.10
 SOL.RAD  236.  293.  353.  475.  557.  555.  563.  525.  467.  374.  279.  211.
 SD SOL   39.8  50.4  69.9  69.1  67.4  78.2  70.1 115.9  59.7  35.0  32.2  39.0
 MX .5 P  1.00  0.95  1.17  1.29  1.29  1.09  1.63  1.44  1.35  0.92  0.86  0.71
 DEW PT  38.04 39.04 43.38 52.06 60.04 67.36 70.36 69.71 64.38 53.71 43.05 38.04
Time Pk  0.491 0.619 0.677 0.754 0.777 0.799 0.834 0.863 0.880 0.916 0.951 1.000
% N       6.20  7.16  6.41  4.86  4.80  4.20  3.63  5.67  9.07  9.15  8.88  8.07
MEAN      3.96  3.71  3.73  3.69  3.09  2.79  2.76  2.79  3.04  3.11  3.41  3.67
STD DEV   1.60  1.67  1.80  1.67  1.42  1.10  1.04  1.05  1.26  1.37  1.49  1.61
SKEW      0.57  0.71  0.88  0.69  0.95  0.74  1.16  1.12  0.94  1.04  0.89  0.58
% NNE     4.10  5.13  4.22  3.48  3.26  3.04  2.61  4.06  7.12  6.00  5.04  4.35
MEAN      3.69  3.36  3.37  3.53  3.18  2.97  2.90  2.84  3.22  3.29  3.41  3.33
STD DEV   1.47  1.46  1.44  1.59  1.46  1.26  1.20  1.12  1.38  1.57  1.51  1.40
SKEW      0.49  0.79  0.63  0.76  0.62  0.95  1.23  1.15  0.89  1.00  0.73  0.66
% NE      3.72  4.58  4.23  2.80  3.89  3.39  3.79  5.14  7.93  6.34  3.87  4.42
MEAN      2.89  3.13  3.23  2.90  2.72  2.63  2.86  2.79  3.23  3.02  2.77  2.81
STD DEV   1.20  1.34  1.39  1.18  1.12  0.97  1.13  1.20  1.43  1.34  1.12  1.17
SKEW      0.83  0.98  0.80  0.74  1.04  0.61  1.03  1.36  1.00  0.93  1.12  0.85
% ENE     2.61  4.24  3.05  2.82  3.31  3.73  4.05  5.12  7.87  6.74  2.84  3.66
MEAN      2.88  3.03  3.14  2.83  2.83  2.86  2.83  3.12  3.51  3.40  2.80  2.86
STD DEV   1.10  1.23  1.36  1.22  1.14  1.18  1.02  1.39  1.52  1.66  1.19  1.19
SKEW      0.87  0.58  1.10  0.62  0.86  0.95  0.70  1.15  0.76  1.37  0.87  1.17
% E       4.10  5.30  4.54  3.57  4.01  4.99  6.16  5.96  9.55  7.21  3.82  6.94
MEAN      2.82  3.12  3.22  2.91  2.81  2.82  2.83  2.97  3.29  3.35  2.97  3.28
STD DEV   1.04  1.30  1.46  1.31  1.27  1.21  1.11  1.27  1.37  1.48  1.17  1.43
SKEW      0.87  0.89  0.94  1.02  0.95  0.61  0.95  1.02  0.57  0.86  0.68  0.83
% ESE     4.74  4.90  4.50  3.39  4.14  4.15  4.62  3.77  5.28  4.68  3.05  5.52
MEAN      3.30  3.77  3.80  3.32  3.01  3.03  3.17  3.05  3.31  3.27  3.23  3.63
STD DEV   1.36  1.53  1.77  1.40  1.35  1.25  1.19  1.28  1.32  1.34  1.43  1.44
SKEW      0.72  0.55  0.71  0.47  0.90  0.70  0.62  0.84  0.48  0.62  0.71  0.54
% SE      6.73  4.70  4.70  4.58  4.25  4.26  5.05  3.93  4.44  3.37  4.70  5.23
MEAN      3.33  3.66  3.81  3.36  3.01  2.81  2.77  2.70  2.95  3.09  3.60  3.72
STD DEV   1.44  1.64  1.80  1.65  1.31  1.14  1.05  1.03  1.24  1.32  1.74  1.66
SKEW      0.99  0.97  0.79  1.27  0.96  0.78  0.96  0.86  0.97  0.79  1.04  0.69
% SSE     7.80  5.56  6.08  6.40  4.88  3.91  4.62  3.11  2.84  2.21  3.70  4.69
MEAN      4.49  4.52  4.37  3.89  3.20  2.84  2.95  2.79  2.96  2.96  4.05  4.39
STD DEV   2.01  1.99  1.99  1.81  1.40  1.11  1.13  1.14  1.22  1.29  2.11  1.92
SKEW      0.75  0.59  0.78  0.69  0.89  0.98  1.30  1.33  0.89  0.84  1.00  0.55
% S      10.85  8.24  9.67 11.01  8.57  8.17  9.35  6.08  4.32  3.31  6.33  6.92
MEAN      4.46  4.43  4.67  3.81  3.31  3.02  2.89  2.75  2.88  2.86  3.54  4.13
STD DEV   1.96  2.09  2.22  1.77  1.43  1.33  1.12  1.27  1.19  1.13  1.65  1.92
SKEW      0.62  0.76  0.69  0.69  0.66  1.15  1.14  1.70  1.13  0.84  1.14  0.68
% SSW     6.46  6.01  7.63  9.77  7.91  7.38  8.18  4.69  3.49  2.41  5.42  3.80
MEAN      4.64  4.71  4.66  4.11  3.59  3.28  3.18  2.83  3.00  3.07  3.84  3.97
STD DEV   2.08  2.13  2.22  1.77  1.52  1.39  1.22  1.16  1.19  1.62  1.71  1.96
SKEW      0.59  0.82  0.62  0.57  0.67  0.83  0.92  1.10  0.94  1.93  0.76  0.80
% SW      3.80  4.22  4.39  5.83  6.48  6.61  7.60  5.06  3.08  2.44  3.49  3.19
MEAN      3.75  4.14  3.93  3.83  3.29  3.11  2.97  2.68  2.82  2.88  3.22  3.21
STD DEV   1.75  2.03  1.77  1.77  1.42  1.23  1.18  1.03  1.16  1.24  1.34  1.43
SKEW      0.89  0.85  0.66  0.78  0.84  0.97  1.19  1.02  0.78  0.96  0.80  0.94
% WSW     2.34  3.21  2.66  3.44  3.69  4.75  4.70  4.28  1.73  1.55  1.95  2.45
MEAN      4.40  4.29  4.17  4.17  3.46  3.21  3.09  2.94  2.97  3.10  3.39  3.80
STD DEV   2.11  1.81  1.73  1.99  1.56  1.24  1.20  1.19  1.24  1.19  1.45  1.88
SKEW      0.36  0.38  0.30  0.68  0.66  0.54  0.62  0.98  0.73  0.67  0.51  0.72
% W       3.69  3.96  4.41  3.71  3.83  4.76  5.01  4.73  1.83  2.62  3.56  4.45
MEAN      4.16  4.03  4.29  4.11  3.08  3.00  2.94  2.85  2.62  2.90  3.35  3.82
STD DEV   2.04  1.94  2.23  2.20  1.43  1.27  1.25  1.24  1.01  1.28  1.72  1.98
SKEW      0.80  0.40  0.69  0.88  1.09  0.85  1.01  1.18  0.85  0.90  1.03  0.80
% WNW     5.51  5.93  6.12  6.13  4.36  4.52  3.08  4.30  2.16  3.44  5.67  5.51
MEAN      4.60  4.79  5.11  4.39  3.70  3.43  2.98  3.02  2.87  3.37  4.35  4.48
STD DEV   2.10  2.13  2.41  1.96  1.78  1.50  1.14  1.29  1.26  1.77  1.99  1.99
SKEW      0.71  0.27  0.35  0.37  0.73  0.75  0.59  0.89  0.85  1.00  0.45  0.33
% NW      7.28  6.89  7.44  5.73  4.83  4.84  3.39  5.04  3.60  5.97  8.64  6.94
MEAN      4.45  4.33  4.50  4.30  3.51  3.13  2.78  2.87  2.89  3.43  4.29  4.09
STD DEV   2.02  2.06  2.20  1.98  1.81  1.35  1.07  1.22  1.29  1.73  2.01  2.03
SKEW      0.58  0.45  0.57  0.59  0.92  0.72  0.59  1.08  1.02  0.92  0.53  0.62
% NNW     6.39  7.08  6.96  5.53  4.52  4.21  2.73  4.95  4.94  7.11  7.62  6.19
MEAN      4.55  4.27  4.49  4.26  3.69  3.12  2.80  2.90  3.23  3.73  4.18  4.14
STD DEV   1.87  1.94  2.02  1.87  1.78  1.29  1.15  1.18  1.45  1.77  1.90  1.87
SKEW      0.41  0.53  0.52  0.59  0.73  0.73  1.08  0.72  0.78  0.97  0.55  0.65
CALM     13.72 12.90 12.97 16.93 23.24 23.15 21.45 23.98 20.79 25.33 21.40 17.68
TUSCALOOSA    AL    0.410  SELMA         AL    0.378  MERIDIAN      MS    0.212
 HEFLIN AL                                13775 0
 LATT=  33.65 LONG= -85.60 YEARS= 35. TYPE= 3
 ELEVATION =  850. TP5 = 2.70 TP6= 5.72
 MEAN P   0.60  0.68  0.79  0.74  0.61  0.54  0.52  0.44  0.68  0.61  0.59  0.58
 S DEV P  0.61  0.82  0.89  0.88  0.77  0.55  0.60  0.65  0.75  0.80  0.59  0.67
 SQEW  P  1.66  2.84  2.46  2.37  3.27  1.85  2.58  4.72  1.55  2.62  1.60  2.01
 P(W/W)   0.41  0.40  0.38  0.37  0.43  0.46  0.43  0.39  0.44  0.35  0.34  0.41
 P(W/D)   0.20  0.22  0.24  0.20  0.19  0.19  0.24  0.17  0.14  0.11  0.19  0.23
 TMAX AV 50.86 56.15 64.36 73.92 80.81 87.17 90.07 89.82 84.23 74.48 64.49 55.04
 TMIN AV 26.64 29.96 36.34 44.25 52.46 60.84 65.38 64.17 57.98 44.20 35.61 30.02
 SD TMAX 11.17 11.20 10.67  8.20  6.55  5.38  4.66  4.36  7.26  7.58  9.70 10.56
 SD TMIN 11.15 10.86  9.92  9.34  8.02  6.04  4.15  4.46  7.64  9.87 10.63 11.48
 SOL.RAD  213.  281.  357.  475.  538.  555.  542.  507.  428.  350.  261.  198.
 SD SOL   42.6  50.3  65.9  67.1  73.4  78.5  76.8 121.9  69.9  38.8  33.6  38.9
 MX .5 P  0.90  0.62  1.13  0.94  1.31  1.02  1.51  1.21  1.37  0.89  0.89  0.76
 DEW PT  34.50 34.88 39.24 48.12 57.38 65.38 68.38 67.63 61.75 51.12 40.12 34.24
Time Pk  0.513 0.625 0.696 0.763 0.785 0.799 0.825 0.848 0.871 0.908 0.944 1.000
% N       4.71  5.11  4.80  5.31  4.56  4.58  3.75  5.16  5.69  6.06  5.83  5.15
MEAN      3.33  3.30  3.42  3.34  2.73  2.48  2.38  2.31  2.77  2.82  3.03  2.89
STD DEV   1.43  1.64  1.69  1.69  1.43  1.10  1.06  1.01  1.28  1.39  1.64  1.33
SKEW      0.59  0.67  0.69  0.78  1.23  1.18  1.13  1.18  1.02  0.90  1.31  0.95
% NNE     3.26  3.18  2.73  2.52  2.39  2.01  1.72  2.86  3.23  3.02  2.77  3.33
MEAN      3.50  3.16  3.16  3.51  3.22  2.65  2.47  2.61  2.85  3.24  2.99  3.32
STD DEV   1.72  1.43  1.50  1.60  1.59  1.21  1.19  1.15  1.31  1.57  1.35  1.65
SKEW      0.71  0.65  0.84  0.41  0.73  0.99  1.22  0.98  0.76  0.79  0.62  0.84
% NE      8.35  8.38  7.38  6.51  7.53  8.78  9.15 11.52 14.24 12.59 10.31 10.08
MEAN      3.28  3.12  3.18  3.04  2.79  2.68  2.50  2.54  2.93  2.94  2.97  3.36
STD DEV   1.55  1.43  1.56  1.40  1.40  1.20  1.09  1.12  1.44  1.50  1.42  1.52
SKEW      0.80  0.79  0.98  0.86  1.27  0.99  1.18  1.26  1.10  1.40  1.22  0.65
% ENE     8.46  9.22  7.06  5.94  5.16  6.28  6.09  7.98 12.37 12.40  7.38  9.18
MEAN      3.91  3.90  3.76  3.43  2.82  2.92  2.85  2.77  3.41  3.27  3.25  3.74
STD DEV   1.74  1.80  1.83  1.58  1.23  1.26  1.36  1.34  1.71  1.59  1.55  1.80
SKEW      0.37  0.64  0.84  0.94  0.90  0.79  1.26  1.18  0.87  1.01  0.77  0.64
% E       7.78 10.43  8.59  8.31  8.30  8.85 10.55 12.80 16.47 14.91  9.65 10.26
MEAN      3.79  3.98  4.04  3.35  2.78  2.84  2.85  2.75  3.30  3.34  3.01  3.94
STD DEV   1.95  1.95  2.06  1.66  1.37  1.37  1.36  1.39  1.71  1.79  1.57  2.07
SKEW      0.64  0.57  0.69  0.81  1.08  1.08  1.07  1.34  1.01  1.00  1.25  0.71
% ESE     2.23  3.11  2.70  2.53  2.61  2.44  2.56  2.56  3.73  3.02  2.51  3.28
MEAN      3.84  4.18  4.45  3.87  2.98  3.18  3.16  3.07  3.64  3.62  3.81  4.53
STD DEV   1.99  1.94  2.12  1.87  1.29  1.39  1.56  1.37  1.73  1.78  1.87  2.01
SKEW      0.45  0.33  0.59  0.51  0.65  0.46  0.83  0.62  0.64  0.62  0.48  0.22
% SE      3.35  3.86  3.85  4.61  4.59  3.96  4.91  4.32  4.93  4.52  4.07  3.83
MEAN      3.40  3.80  4.17  3.84  2.81  2.61  2.74  2.73  3.14  3.24  3.26  3.79
STD DEV   1.64  1.96  2.26  1.93  1.32  1.27  1.25  1.48  1.55  1.67  1.73  2.07
SKEW      0.67  0.66  0.77  0.50  1.09  1.24  1.09  1.39  0.81  0.72  0.90  0.70
% SSE     2.57  2.60  2.71  2.53  2.06  2.01  2.39  2.00  1.85  1.54  2.00  2.30
MEAN      3.96  4.32  4.62  4.18  2.91  2.61  2.74  2.57  3.86  2.82  4.38  4.59
STD DEV   2.00  2.21  2.31  2.41  1.36  1.05  1.24  1.15  2.06  1.07  2.18  2.06
SKEW      0.42  0.24  0.20  0.90  0.66  0.45  0.71  1.41  1.05  0.72  0.32  0.23
% S       4.50  3.88  5.31  5.52  3.93  3.37  4.20  3.66  2.92  2.46  3.62  3.70
MEAN      4.42  4.56  4.95  3.95  2.99  2.62  2.60  2.47  2.69  2.84  3.93  4.25
STD DEV   2.23  2.39  2.70  2.17  1.68  1.23  1.23  1.21  1.31  1.59  2.40  2.39
SKEW      0.38  0.62  0.93  0.74  0.99  0.91  1.33  1.20  1.14  1.07  0.77  0.60
% SSW     4.25  3.49  4.57  3.87  3.01  2.43  2.99  2.12  1.44  1.30  2.28  2.91
MEAN      4.50  4.55  4.99  4.53  3.55  3.05  2.69  2.50  3.12  3.04  3.45  4.56
STD DEV   2.11  2.21  2.26  2.24  2.02  1.61  1.07  1.11  1.92  1.89  1.97  2.39
SKEW      0.40  0.43  0.35  0.40  0.98  1.04  0.92  1.02  1.07  1.11  0.89  0.59
% SW      8.54  7.28  9.11  9.44  9.61  9.75 11.17  7.11  4.35  4.41  6.42  7.57
MEAN      3.89  4.34  4.40  4.15  3.50  2.91  2.92  2.64  2.82  2.85  3.41  3.46
STD DEV   2.04  2.36  2.35  2.15  1.84  1.49  1.37  1.22  1.42  1.55  1.87  1.94
SKEW      0.82  0.69  0.60  0.74  0.93  1.25  1.18  1.29  1.12  1.21  0.92  1.10
% WSW     5.52  4.87  4.59  5.52  4.80  5.16  5.63  3.63  2.18  2.09  3.68  4.51
MEAN      3.87  4.56  4.70  4.32  3.73  3.36  3.15  3.16  3.35  3.21  3.94  3.77
STD DEV   2.03  2.45  2.33  2.22  1.82  1.71  1.50  1.53  1.57  1.64  1.83  1.94
SKEW      0.88  0.85  0.47  0.69  0.79  0.85  1.01  0.78  0.76  1.19  0.53  0.85
% W       7.70  6.21  8.13  8.24  8.20  9.89  9.29  6.88  3.80  4.63  7.25  7.28
MEAN      3.87  4.01  4.19  3.88  3.35  3.06  2.87  2.72  2.73  3.16  3.54  3.79
STD DEV   2.07  2.02  2.33  2.12  1.67  1.50  1.38  1.33  1.31  1.62  1.75  1.93
SKEW      0.88  0.62  0.75  0.84  0.84  1.15  1.27  1.23  1.21  1.02  0.75  0.77
% WNW     6.14  6.60  6.37  6.03  4.43  3.97  2.94  3.06  2.03  2.79  5.79  4.98
MEAN      4.44  4.88  5.05  4.74  3.68  3.20  2.71  2.65  3.09  3.60  4.66  4.67
STD DEV   2.27  2.51  2.63  2.34  1.84  1.54  1.19  1.08  1.37  2.00  2.38  2.24
SKEW      0.50  0.40  0.51  0.39  0.72  0.83  0.83  0.97  0.79  0.74  0.39  0.33
% NW      8.76  8.39  9.50  7.86  8.80  8.20  5.86  7.02  4.98  7.15 10.12  8.34
MEAN      4.23  4.28  4.39  4.15  3.34  2.72  2.43  2.47  2.56  3.05  3.94  3.86
STD DEV   2.37  2.29  2.36  2.23  1.83  1.34  1.05  1.11  1.15  1.65  2.14  2.05
SKEW      0.69  0.77  0.63  0.65  1.04  1.28  1.29  1.40  0.99  1.17  0.75  0.82
% NNW     5.47  5.53  4.81  4.41  3.22  2.85  1.90  2.72  2.79  3.52  4.42  3.88
MEAN      4.15  3.72  4.13  4.01  3.21  2.60  2.54  2.75  2.96  3.05  3.65  3.79
STD DEV   1.84  1.74  1.97  1.92  1.47  1.21  1.10  1.21  1.39  1.28  1.83  1.92
SKEW      0.45  0.74  0.46  0.53  0.71  1.17  0.54  0.70  0.45  0.52  0.79  0.84
CALM      8.37  7.90  7.96 10.87 16.87 15.41 14.88 14.66 12.99 13.63 11.81  9.48
ANNISTON      AL    0.665  ROME/RUSSEL   GA    0.186  ATLANTA       GA    0.149
 HUNTSVILLE WSO AP AL                     14064 0
 LATT=  34.65 LONG= -86.77 YEARS= 33. TYPE= 3
 ELEVATION =  620. TP5 = 2.66 TP6= 5.62
 MEAN P   0.46  0.49  0.60  0.51  0.51  0.43  0.45  0.40  0.49  0.48  0.50  0.56
 S DEV P  0.58  0.61  0.79  0.62  0.66  0.59  0.61  0.60  0.61  0.63  0.62  0.82
 SQEW  P  2.70  2.07  2.62  2.25  2.76  2.67  2.74  2.99  1.95  2.71  2.00  4.50
 P(W/W)   0.49  0.43  0.45  0.48  0.46  0.47  0.42  0.42  0.46  0.38  0.45  0.49
 P(W/D)   0.28  0.31  0.31  0.25  0.26  0.24  0.30  0.23  0.21  0.18  0.26  0.27
 TMAX AV 48.57 53.64 62.79 72.97 79.94 86.95 89.56 89.10 83.24 73.39 62.27 52.60
 TMIN AV 29.51 32.98 40.74 49.45 57.70 65.39 69.16 68.16 62.11 49.58 40.22 33.17
 SD TMAX 11.82 11.74 11.15  9.02  7.25  5.47  5.14  5.00  7.29  8.24 10.09 11.27
 SD TMIN 11.46 10.77 10.13  9.08  7.32  5.08  3.62  3.83  7.40  9.21 10.33 11.21
 SOL.RAD  191.  262.  340.  460.  531.  554.  542.  497.  427.  340.  241.  180.
 SD SOL   46.3  53.1  68.0  69.3  73.4  76.9  74.5 118.7  67.8  39.2  36.8  41.5
 MX .5 P  0.79  0.63  1.12  1.05  1.39  1.05  1.70  1.30  1.25  0.65  0.81  0.82
 DEW PT  34.35 35.17 38.99 48.09 57.82 65.64 68.64 68.00 61.64 50.72 39.72 33.99
Time Pk  0.505 0.623 0.690 0.763 0.786 0.801 0.831 0.852 0.871 0.913 0.946 1.000
% N      10.12  9.85  7.54  6.02  6.54  5.48  6.06  5.99  7.93  8.89  8.36  7.83
MEAN      4.97  4.69  4.54  4.61  4.14  3.89  3.73  3.54  4.04  4.47  4.28  4.54
STD DEV   1.96  1.87  1.72  1.79  1.71  1.50  1.38  1.44  1.63  1.85  1.69  1.80
SKEW      0.45  0.47  0.32  0.38  0.65  0.64  0.69  1.03  0.79  0.81  0.48  0.71
% NNE     3.47  3.50  3.33  3.07  2.98  3.02  3.27  4.11  4.62  4.86  3.88  4.54
MEAN      4.39  4.35  4.30  4.42  3.84  3.65  3.50  3.71  4.08  4.20  3.96  4.29
STD DEV   1.62  1.62  1.72  1.74  1.51  1.37  1.37  1.46  1.58  1.57  1.70  1.49
SKEW      0.27  0.45  0.54  0.41  0.67  0.47  0.98  1.03  0.77  0.65  0.74  0.31
% NE      2.48  3.03  2.75  3.22  3.24  3.29  3.88  4.71  5.14  4.00  3.26  3.96
MEAN      3.37  3.42  3.60  3.52  3.20  3.21  3.06  3.21  3.27  3.42  3.51  3.94
STD DEV   1.33  1.42  1.33  1.48  1.35  1.23  1.10  1.28  1.20  1.58  1.34  1.56
SKEW      0.85  0.91  0.60  0.85  0.98  1.03  0.95  1.17  0.94  1.22  0.65  0.54
% ENE     2.12  2.37  2.07  2.29  2.48  2.74  2.51  3.50  4.29  3.81  2.39  2.12
MEAN      3.26  3.12  3.19  2.92  3.02  2.89  2.93  2.94  3.13  2.98  2.95  3.28
STD DEV   1.33  1.06  1.25  1.14  1.17  0.99  1.08  1.11  1.31  1.20  1.17  1.34
SKEW      1.07  0.62  0.95  1.50  1.17  0.74  1.05  1.11  1.25  1.19  1.12  0.99
% E       4.13  4.69  4.99  4.58  5.59  5.89  5.39  7.63  9.55  7.54  5.03  4.97
MEAN      3.07  3.40  3.83  3.00  2.95  3.03  2.82  2.86  3.25  2.94  2.82  3.30
STD DEV   1.24  1.59  1.87  1.25  1.24  1.22  1.12  1.11  1.29  1.18  0.98  1.43
SKEW      1.52  1.32  1.05  1.43  1.71  1.29  1.33  1.19  0.93  1.33  1.00  1.31
% ESE     7.33  8.33  8.47  6.45  8.20  8.01  6.62  7.92 11.05  9.27  6.29  8.24
MEAN      4.02  4.72  4.92  4.03  3.74  3.70  3.26  3.13  3.90  4.28  3.77  4.40
STD DEV   1.82  2.18  2.28  1.77  1.61  1.56  1.34  1.31  1.52  1.81  1.73  1.88
SKEW      0.86  0.67  0.87  0.81  0.77  0.73  0.92  1.31  0.72  0.59  1.20  0.58
% SE      9.55 10.21 10.28  9.98 10.13  9.36  9.85  9.85 12.52 10.56  9.33 11.99
MEAN      4.46  4.64  4.84  4.21  3.87  3.58  3.21  3.16  3.91  4.07  4.25  4.63
STD DEV   1.94  2.08  2.04  1.75  1.69  1.46  1.31  1.23  1.66  1.69  1.94  1.98
SKEW      0.81  1.05  0.71  0.73  0.90  0.86  1.03  1.21  0.95  0.76  0.92  0.80
% SSE     6.93  5.63  6.52  8.09  6.39  5.45  5.85  5.36  4.66  4.17  6.29  6.40
MEAN      4.60  4.92  5.04  4.68  3.87  3.47  3.09  3.16  3.87  4.01  4.58  4.79
STD DEV   1.90  2.05  2.11  1.98  1.52  1.30  1.13  1.21  1.57  1.54  2.12  2.12
SKEW      0.53  0.59  0.76  0.83  0.62  0.66  0.84  0.89  0.69  0.46  0.68  0.77
% S       7.65  6.41  8.14  9.16  7.58  6.82  6.93  6.58  4.69  3.90  6.64  6.47
MEAN      4.53  4.78  5.11  4.80  4.03  3.54  3.06  3.31  3.61  3.49  4.35  4.52
STD DEV   1.98  2.11  2.20  2.02  1.69  1.48  1.11  1.36  1.44  1.41  1.96  2.10
SKEW      0.89  0.85  0.67  0.76  0.80  0.96  0.84  1.04  0.69  0.88  0.69  0.87
% SSW     4.06  3.69  3.92  5.47  4.47  5.17  5.02  3.78  2.29  2.16  3.43  3.64
MEAN      4.97  5.38  5.34  5.27  4.41  4.04  3.49  3.51  3.67  3.76  4.59  4.62
STD DEV   2.04  2.26  2.18  1.97  1.76  1.56  1.32  1.45  1.51  1.62  1.96  2.01
SKEW      0.56  0.30  0.49  0.32  0.50  0.58  0.78  0.96  0.70  0.90  0.60  0.93
% SW      3.18  3.81  3.50  4.76  4.50  5.64  5.99  4.54  2.64  2.68  3.50  3.57
MEAN      4.26  5.19  4.89  4.56  4.22  3.91  3.56  3.48  3.50  3.57  4.06  4.42
STD DEV   1.80  2.13  2.04  1.84  1.81  1.61  1.33  1.37  1.55  1.57  1.75  1.91
SKEW      0.68  0.36  0.82  0.65  0.71  0.72  0.65  0.93  1.09  0.81  0.69  0.69
% WSW     3.28  3.54  4.04  4.39  3.92  4.22  4.23  3.15  1.55  1.95  2.39  3.20
MEAN      4.61  4.98  5.21  5.11  4.27  3.86  3.69  3.34  3.37  3.65  3.92  4.71
STD DEV   2.02  2.31  2.17  2.30  1.75  1.57  1.31  1.35  1.43  1.49  1.69  2.03
SKEW      0.79  0.82  0.39  0.50  0.78  0.81  0.43  1.13  0.87  0.76  0.74  0.56
% W       4.41  4.76  5.20  4.59  4.16  4.11  4.79  3.41  2.13  3.02  4.23  4.50
MEAN      4.72  5.06  5.42  5.43  4.09  4.20  3.58  3.35  3.12  3.85  4.60  4.86
STD DEV   2.23  2.31  2.50  2.47  1.76  1.95  1.48  1.27  1.22  1.72  2.19  2.05
SKEW      0.93  0.61  0.66  0.40  0.66  0.76  0.93  0.84  0.88  0.67  0.77  0.54
% WNW     5.22  5.50  7.06  5.20  4.06  4.09  3.46  2.66  2.42  2.92  5.44  5.49
MEAN      4.99  5.19  5.82  5.27  4.42  4.15  3.66  3.29  3.43  4.07  4.98  5.13
STD DEV   1.89  2.12  2.34  2.20  1.91  1.78  1.38  1.20  1.28  1.88  2.03  2.03
SKEW      0.45  0.75  0.23  0.76  0.71  0.78  1.10  0.73  0.69  0.80  0.50  0.40
% NW      7.96  7.71  8.08  6.72  5.08  5.13  4.41  5.19  4.23  5.87  7.47  6.66
MEAN      4.83  5.07  5.12  4.81  3.93  3.77  3.35  3.26  3.48  3.95  4.68  5.02
STD DEV   2.06  2.35  2.04  2.07  1.69  1.65  1.32  1.25  1.46  1.67  2.06  2.18
SKEW      0.45  0.60  0.43  0.63  0.68  0.94  0.98  0.98  1.05  0.98  0.66  0.57
% NNW     8.21  7.89  6.12  5.33  5.00  5.47  4.36  3.64  4.83  5.57  7.64  5.94
MEAN      5.14  5.24  4.96  4.81  4.17  3.86  3.59  3.39  3.97  4.44  4.77  5.12
STD DEV   1.97  1.95  1.88  1.93  1.58  1.56  1.42  1.32  1.47  1.87  1.93  2.30
SKEW      0.19  0.36  0.38  0.38  0.52  0.88  0.87  0.75  0.66  0.61  0.41  0.89
CALM     10.02  9.06  8.01 10.70 15.66 16.21 17.39 17.97 15.45 18.81 14.44 10.63
HUNTSVILLE    AL    0.724  MUSCLE SHOALS AL    0.169  BIRMINGHAM    AL    0.107
 MOBILE WB AIRPORT AL                     15478 0
 LATT=  30.68 LONG= -88.25 YEARS= 45. TYPE= 4
 ELEVATION =  210. TP5 = 3.26 TP6= 8.07
 MEAN P   0.45  0.55  0.62  0.66  0.63  0.47  0.49  0.49  0.58  0.48  0.49  0.52
 S DEV P  0.65  0.73  0.89  0.94  0.85  0.61  0.62  0.68  0.84  0.72  0.65  0.66
 SQEW  P  3.02  2.67  2.91  2.50  2.51  2.13  2.44  2.95  2.75  2.74  2.41  2.17
 P(W/W)   0.45  0.48  0.45  0.39  0.44  0.53  0.59  0.54  0.53  0.44  0.41  0.47
 P(W/D)   0.27  0.25  0.25  0.19  0.20  0.27  0.41  0.36  0.23  0.12  0.20  0.26
 TMAX AV 60.79 64.11 70.45 77.93 84.64 89.90 90.96 90.63 86.72 79.39 69.76 63.07
 TMIN AV 40.95 43.55 49.62 56.91 64.50 70.62 72.90 72.61 68.57 57.50 48.13 43.02
 SD TMAX 10.69  9.60  8.22  6.23  5.08  4.35  3.94  3.97  5.53  6.67  8.64  9.62
 SD TMIN 11.58 10.78  9.76  8.12  5.75  3.73  2.34  2.65  5.55  8.62 10.29 11.40
 SOL.RAD  238.  286.  362.  456.  508.  499.  487.  482.  421.  369.  284.  210.
 SD SOL   45.3  58.4  70.6  76.3  82.6  94.5  93.3 137.1  75.8  41.8  36.7  45.9
 MX .5 P  1.35  1.07  1.17  1.27  1.54  1.61  1.93  1.93  1.40  1.38  1.79  0.89
 DEW PT  44.00 45.00 48.00 57.00 64.00 70.00 72.00 72.00 68.00 57.00 48.00 44.00
Time Pk  0.406 0.522 0.605 0.707 0.744 0.768 0.811 0.834 0.859 0.904 0.948 1.000
% N      14.92 12.59 11.48  8.70  7.66  6.01  5.25  7.64 10.62 15.52 16.60 13.15
MEAN      5.98  5.72  5.64  5.33  4.57  3.89  3.51  3.61  4.47  4.87  5.63  5.56
STD DEV   2.23  2.16  2.15  2.16  1.92  1.57  1.41  1.48  1.97  2.02  2.30  2.21
SKEW      0.22  0.32  0.24  0.41  0.48  0.71  1.09  0.84  0.79  0.56  0.54  0.27
% NNE     5.88  5.83  4.83  4.17  4.32  3.69  3.21  4.74  8.20  9.41  7.32  6.42
MEAN      4.96  5.07  5.03  4.66  4.32  3.78  3.50  3.46  4.35  4.27  4.62  4.88
STD DEV   1.96  1.93  1.89  1.93  1.79  1.37  1.38  1.29  1.75  1.66  1.87  1.97
SKEW      0.53  0.56  0.47  0.71  0.88  0.60  0.75  0.80  0.85  0.79  0.48  0.63
% NE      6.67  5.80  5.97  4.43  5.66  6.42  6.61  9.62 13.23 14.34  9.64  7.46
MEAN      4.16  4.54  4.31  3.89  3.60  3.57  3.25  3.55  4.02  4.02  4.02  4.10
STD DEV   1.50  1.71  1.65  1.54  1.46  1.30  1.24  1.27  1.57  1.49  1.64  1.48
SKEW      0.58  0.68  0.47  1.00  0.87  0.59  0.99  0.67  0.98  0.88  0.93  0.68
% ENE     4.22  3.14  3.32  2.48  2.70  3.50  3.43  5.37  9.18  6.99  4.83  4.75
MEAN      4.07  4.25  4.05  3.69  3.76  3.62  3.42  3.73  4.19  4.06  3.87  3.83
STD DEV   1.48  1.52  1.46  1.26  1.33  1.25  1.39  1.37  1.62  1.45  1.52  1.27
SKEW      0.72  0.76  0.59  0.35  0.65  0.74  0.89  0.83  0.74  0.68  0.92  0.49
% E       5.29  4.89  4.87  4.09  4.98  5.08  6.12  7.39 10.88  8.14  6.25  6.23
MEAN      4.14  4.49  4.27  3.85  4.01  3.73  3.48  3.64  4.28  4.25  3.92  4.22
STD DEV   1.53  1.82  1.51  1.45  1.63  1.50  1.40  1.43  1.71  1.55  1.46  1.49
SKEW      0.59  0.60  0.47  0.72  0.78  0.88  1.04  0.66  0.59  0.50  0.67  0.48
% ESE     4.23  3.71  3.54  3.34  3.78  3.02  2.77  2.88  4.32  3.58  4.25  4.77
MEAN      4.46  5.18  4.66  4.66  4.26  4.24  3.56  3.73  4.26  4.43  4.21  4.81
STD DEV   1.61  2.01  1.75  1.74  1.81  1.77  1.44  1.52  1.77  1.82  1.45  1.80
SKEW      0.61  0.43  0.53  0.44  0.75  0.83  0.87  0.71  0.68  0.61  0.34  0.42
% SE      7.43  7.32  7.54  9.76  7.91  5.35  5.72  4.99  6.10  5.00  7.36  8.24
MEAN      4.43  4.91  4.95  4.86  4.47  3.77  3.57  3.54  3.89  4.14  4.33  4.70
STD DEV   1.57  2.00  1.96  1.95  1.81  1.56  1.48  1.40  1.56  1.81  1.64  1.85
SKEW      0.62  0.53  0.59  0.63  0.63  0.73  0.89  0.69  0.70  0.83  0.75  0.66
% SSE     7.05  7.08  8.15 11.01  8.02  5.60  4.21  4.03  4.17  3.11  6.25  6.65
MEAN      4.42  4.65  4.78  4.83  4.30  3.74  3.37  3.41  3.75  3.70  4.20  4.43
STD DEV   1.89  1.90  2.03  2.04  1.68  1.52  1.46  1.29  1.68  1.54  1.75  1.84
SKEW      0.95  0.61  0.76  0.73  0.53  0.70  1.05  0.62  1.39  0.97  0.70  0.78
% S       9.12 10.20 12.64 15.53 14.39 13.42 10.77  8.63  6.69  4.25  7.10  7.43
MEAN      4.78  5.16  5.58  5.08  4.57  4.14  3.68  3.56  3.68  3.48  4.51  4.92
STD DEV   2.11  2.31  2.55  2.14  2.02  1.84  1.62  1.38  1.57  1.52  1.95  2.23
SKEW      0.76  0.67  0.86  0.36  0.50  0.67  0.77  0.72  1.03  1.13  0.69  0.63
% SSW     4.92  6.69  7.15  7.03  7.58  7.74  7.01  4.94  2.80  2.01  2.74  4.34
MEAN      5.52  5.90  6.16  5.58  5.00  4.51  3.96  3.89  3.99  3.84  4.81  5.24
STD DEV   2.20  2.51  2.25  2.17  2.08  1.93  1.58  1.50  1.67  1.70  2.03  2.26
SKEW      0.45  0.31  0.03  0.17  0.29  0.81  0.71  0.76  0.75  0.85  0.52  0.48
% SW      4.56  6.04  5.65  6.06  7.33  8.84  8.74  6.59  3.24  2.78  3.17  3.96
MEAN      4.84  5.03  5.33  5.11  4.33  4.05  3.74  3.55  3.26  3.58  4.48  4.93
STD DEV   2.26  2.00  2.18  2.16  1.70  1.65  1.45  1.42  1.21  1.49  1.86  1.94
SKEW      0.79  0.47  0.30  0.45  0.56  0.83  0.68  0.98  0.64  1.06  0.79  0.41
% WSW     2.44  3.56  2.64  2.92  3.72  4.14  4.53  3.56  1.42  1.66  1.86  2.57
MEAN      4.46  4.43  4.78  4.45  3.91  3.61  3.41  3.23  2.96  3.22  3.93  4.27
STD DEV   1.91  1.88  2.06  1.92  1.59  1.26  1.21  1.07  0.98  1.10  1.53  1.71
SKEW      0.86  0.78  0.73  0.79  0.84  0.45  0.67  0.67  0.83  0.33  0.90  0.60
% W       3.38  4.09  3.67  3.82  4.52  6.98  8.20  7.03  2.70  3.06  3.36  3.73
MEAN      4.32  4.23  4.46  4.41  3.53  3.51  3.54  3.38  3.01  3.28  3.98  4.12
STD DEV   1.91  1.77  1.95  1.91  1.33  1.21  1.28  1.07  1.06  1.15  1.59  1.66
SKEW      1.16  0.93  0.88  0.88  0.91  0.61  0.97  0.41  0.82  0.48  0.83  0.61
% WNW     2.65  3.15  3.04  2.68  3.09  3.83  4.60  3.92  1.87  2.44  2.67  3.04
MEAN      4.72  5.15  5.33  4.76  3.73  3.63  3.59  3.43  3.02  3.82  4.39  4.68
STD DEV   2.23  2.37  2.40  1.86  1.41  1.24  1.32  1.10  1.06  1.57  1.81  2.19
SKEW      0.90  0.57  0.49  0.24  0.61  0.62  0.66  0.38  0.65  0.96  0.82  0.68
% NW      6.12  6.77  6.14  5.41  4.80  5.11  5.58  5.46  3.84  5.38  6.63  7.32
MEAN      5.49  5.74  5.57  5.01  4.04  3.67  3.50  3.34  3.28  3.92  4.80  4.96
STD DEV   2.33  2.65  2.35  2.20  1.85  1.39  1.37  1.28  1.40  1.70  1.99  2.20
SKEW      0.45  0.60  0.22  0.55  0.79  0.78  0.66  0.84  1.03  1.33  0.57  0.59
% NNW     7.41  5.60  6.05  4.26  3.70  3.14  2.96  3.41  3.42  5.30  5.23  6.31
MEAN      6.09  5.87  5.99  5.41  4.50  3.60  3.36  3.18  3.74  4.62  5.35  5.48
STD DEV   2.32  2.43  2.46  2.08  2.00  1.32  1.23  1.20  1.68  2.00  2.32  2.38
SKEW      0.12  0.39  0.22  0.41  0.67  0.74  0.63  0.83  1.26  0.59  0.57  0.49
CALM      3.81  3.47  3.60  4.32  5.82  8.17 10.37  9.80  7.30  6.94  4.51  3.51
MOBILE        AL    1.000  BILOXI        MS    0.000  PENSACOLA/SAU.FL    0.000
 MONTGOMERY WB AP AL                      15550 0
 LATT=  32.30 LONG= -86.40 YEARS= 44. TYPE= 4
 ELEVATION =  200. TP5 = 2.93 TP6= 6.64
 MEAN P   0.41  0.55  0.61  0.56  0.48  0.43  0.44  0.38  0.57  0.42  0.52  0.50
 S DEV P  0.51  0.73  0.79  0.77  0.64  0.58  0.56  0.57  0.94  0.58  0.74  0.58
 SQEW  P  2.61  3.02  3.90  2.36  2.75  2.67  2.26  4.19  3.82  2.80  4.35  1.90
 P(W/W)   0.47  0.44  0.44  0.42  0.47  0.45  0.47  0.40  0.49  0.45  0.39  0.44
 P(W/D)   0.25  0.26  0.26  0.21  0.20  0.23  0.32  0.24  0.18  0.12  0.21  0.27
 TMAX AV 57.49 61.38 68.54 76.85 83.81 89.89 91.65 91.47 87.01 78.17 67.91 59.98
 TMIN AV 36.45 39.35 45.54 52.88 61.18 68.38 71.66 70.95 65.84 53.32 43.42 38.11
 SD TMAX 11.32 10.60  9.83  7.34  6.08  5.12  4.24  4.50  6.64  7.51  9.40 10.56
 SD TMIN 10.99 10.37  9.51  8.34  6.35  4.58  2.57  3.13  6.06  9.19 10.41 10.83
 SOL.RAD  242.  301.  357.  483.  558.  557.  565.  528.  455.  378.  285.  213.
 SD SOL   37.6  47.3  67.1  64.6  65.2  75.0  67.4 105.9  62.3  33.5  30.1  38.4
 MX .5 P  0.81  1.20  1.08  1.13  1.27  1.16  1.56  1.58  1.51  0.97  0.92  0.53
 DEW PT  39.00 40.00 44.00 53.00 61.00 68.00 71.00 70.00 65.00 54.00 43.00 39.00
Time Pk  0.478 0.588 0.656 0.745 0.771 0.787 0.824 0.845 0.867 0.907 0.946 1.000
% N       7.84  7.52  5.92  5.20  6.34  5.57  4.61  5.87  7.50  9.30  7.67  6.61
MEAN      3.76  3.57  3.71  3.31  3.09  2.76  2.65  2.62  2.82  3.07  3.22  3.47
STD DEV   1.85  1.92  1.95  1.83  1.60  1.30  1.30  1.31  1.42  1.66  1.69  1.86
SKEW      0.60  0.73  0.70  0.79  0.70  0.81  0.98  0.91  1.03  0.92  0.80  0.72
% NNE     3.44  3.76  3.30  2.34  3.58  3.37  3.00  4.05  6.61  5.64  4.10  3.45
MEAN      3.29  3.40  3.46  3.11  3.08  3.22  2.89  2.65  3.09  2.99  3.07  3.17
STD DEV   1.58  1.56  1.64  1.43  1.45  1.69  1.43  1.24  1.85  1.54  1.48  1.59
SKEW      0.81  0.33  0.66  0.80  0.62  1.25  1.03  0.84  1.50  0.79  0.74  0.91
% NE      5.77  5.12  4.66  3.57  5.30  6.31  6.06  8.05 12.64 10.90  7.21  5.65
MEAN      2.71  2.92  2.94  2.65  2.81  2.86  2.75  2.56  3.21  2.93  2.50  2.89
STD DEV   1.41  1.37  1.51  1.31  1.52  1.44  1.42  1.28  1.69  1.62  1.40  1.67
SKEW      0.79  0.44  0.57  0.73  1.02  0.87  1.13  0.97  0.75  0.82  1.26  1.04
% ENE     4.85  5.32  4.10  3.09  4.20  4.58  4.63  5.19 10.33  8.13  5.22  5.60
MEAN      3.59  3.70  3.59  3.34  3.35  3.21  3.05  3.29  3.72  3.68  3.14  3.37
STD DEV   1.66  1.66  1.61  1.73  1.46  1.39  1.47  1.50  1.67  1.72  1.66  1.64
SKEW      0.76  0.50  0.22  0.95  0.52  0.67  0.81  0.59  0.38  0.56  1.00  0.50
% E       6.53  6.66  6.19  5.72  7.00  7.63  6.50  8.58 11.46  8.74  6.34  7.03
MEAN      3.40  3.83  3.47  3.11  3.14  3.05  2.93  2.89  3.58  3.48  3.06  3.41
STD DEV   1.61  1.83  1.64  1.56  1.51  1.43  1.44  1.35  1.68  1.66  1.63  1.70
SKEW      0.48  0.62  0.60  0.67  0.78  0.68  0.88  0.71  0.63  0.47  0.97  0.58
% ESE     3.65  3.83  3.76  4.43  4.34  4.46  4.68  4.57  5.69  4.77  3.95  4.49
MEAN      3.60  3.91  3.84  3.56  3.42  3.25  3.21  3.02  3.36  3.53  3.29  3.84
STD DEV   1.51  1.60  1.71  1.70  1.56  1.27  1.39  1.26  1.52  1.45  1.51  1.70
SKEW      0.61  0.50  0.54  0.82  0.67  0.31  0.83  0.89  0.90  0.37  0.63  0.54
% SE      4.77  4.72  5.82  7.58  6.15  5.27  6.18  5.92  5.67  3.96  5.09  5.65
MEAN      3.47  3.79  3.68  3.61  3.20  2.99  3.01  2.68  2.97  3.38  3.40  3.63
STD DEV   1.81  1.99  2.02  1.83  1.60  1.63  1.59  1.34  1.59  1.82  1.81  1.89
SKEW      0.71  0.54  0.74  0.61  0.53  0.85  1.04  1.01  0.99  0.77  0.77  0.70
% SSE     4.05  4.19  4.85  5.46  4.07  2.85  4.03  3.39  2.96  2.06  3.79  4.38
MEAN      4.18  4.73  4.49  4.33  3.61  3.52  3.44  2.92  3.34  3.65  4.19  4.71
STD DEV   2.22  2.32  2.13  2.12  1.70  1.65  1.72  1.43  1.79  1.96  2.06  2.38
SKEW      0.59  0.41  0.40  0.59  0.59  0.72  0.89  1.20  0.96  0.53  0.53  0.38
% S       7.53  8.46  9.73 10.79  9.08  7.68  8.91  7.27  4.42  2.87  5.55  7.05
MEAN      4.61  4.63  4.82  4.30  3.44  3.28  3.07  3.00  3.05  3.04  3.99  4.19
STD DEV   2.44  2.45  2.45  2.15  1.75  1.62  1.57  1.44  1.52  1.83  2.19  2.20
SKEW      0.72  0.70  0.54  0.61  0.88  0.87  1.18  1.06  0.75  0.90  0.58  0.55
% SSW     4.69  5.63  6.73  7.55  6.38  5.55  6.03  4.56  2.96  1.58  3.48  3.24
MEAN      5.23  5.35  5.55  4.56  3.79  3.49  3.34  3.08  3.43  3.26  4.17  4.80
STD DEV   2.50  2.40  2.39  2.21  1.60  1.62  1.53  1.39  1.67  1.59  2.27  2.28
SKEW      0.49  0.28  0.57  0.84  0.51  0.93  0.90  0.94  0.56  0.52  1.08  0.56
% SW      4.40  6.09  5.68  6.98  6.88  9.06  9.81  7.52  3.75  2.37  3.69  4.41
MEAN      4.25  4.50  4.37  4.08  3.42  3.26  3.31  2.86  2.99  2.85  3.47  3.77
STD DEV   2.37  2.46  2.26  2.17  1.70  1.61  1.51  1.37  1.44  1.77  2.13  2.17
SKEW      0.70  0.59  0.44  0.81  0.91  0.91  0.72  1.13  0.61  1.09  1.00  0.66
% WSW     3.32  3.40  3.48  4.38  4.39  5.60  5.67  4.52  1.89  2.17  2.57  3.01
MEAN      4.18  4.51  4.26  4.31  3.41  3.54  3.43  3.15  3.24  3.20  3.65  3.81
STD DEV   2.21  2.31  2.12  2.16  1.54  1.61  1.36  1.46  1.65  1.49  1.85  2.17
SKEW      0.78  0.79  0.55  0.67  0.75  0.81  0.45  0.81  0.74  0.67  0.82  0.94
% W       5.82  5.60  6.25  6.02  5.52  7.45  7.88  6.09  3.07  4.24  5.68  6.09
MEAN      4.20  4.34  4.39  4.00  3.43  3.37  3.37  2.96  2.87  2.96  3.81  3.93
STD DEV   2.10  2.22  2.37  2.19  1.71  1.69  1.49  1.44  1.22  1.54  1.99  2.31
SKEW      0.64  0.62  0.53  0.83  0.68  0.58  0.57  0.83  0.36  0.88  0.68  0.93
% WNW     6.18  6.54  6.56  5.74  4.58  4.59  4.34  4.27  2.90  3.94  5.82  6.16
MEAN      4.59  5.10  5.17  4.64  3.86  3.62  3.40  3.14  3.22  3.47  4.35  4.68
STD DEV   2.15  2.31  2.31  2.27  1.92  1.70  1.51  1.38  1.45  1.72  2.00  2.13
SKEW      0.62  0.53  0.28  0.72  0.82  0.69  0.80  0.57  0.63  0.72  0.57  0.44
% NW     10.92 10.10 10.05  7.12  6.02  6.14  4.92  5.83  3.96  7.33 10.27  9.99
MEAN      4.50  4.81  4.67  4.15  3.48  3.24  3.21  2.97  3.00  3.53  4.26  4.26
STD DEV   2.03  2.17  2.27  2.12  1.79  1.66  1.36  1.52  1.46  1.86  2.04  2.08
SKEW      0.40  0.47  0.42  0.61  0.63  0.95  0.59  1.24  0.61  0.95  0.38  0.44
% NNW     7.15  6.46  5.68  3.94  3.36  3.23  2.92  3.29  3.60  5.76  6.67  6.24
MEAN      4.66  4.35  4.26  4.15  3.73  3.13  2.89  2.93  3.24  3.58  4.05  4.24
STD DEV   1.94  1.89  1.99  1.80  1.72  1.35  1.21  1.22  1.59  1.72  1.96  1.93
SKEW      0.26  0.38  0.56  0.40  0.73  0.78  0.64  0.64  0.88  0.68  0.54  0.45
CALM      9.06  6.60  7.24 10.18 12.91 10.76  9.80 10.97 10.74 16.17 12.89 10.95
MONTGOMERY    AL    1.000  SELMA         AL    0.000  COLUMBUS      GA    0.000
 MUSCLE SHOALS CAA AL                     15749 0
 LATT=  34.73 LONG= -87.60 YEARS= 52. TYPE= 3
 ELEVATION =  540. TP5 = 2.62 TP6= 5.54
 MEAN P   0.45  0.49  0.52  0.47  0.45  0.40  0.44  0.40  0.46  0.40  0.48  0.51
 S DEV P  0.58  0.65  0.72  0.60  0.58  0.51  0.60  0.56  0.62  0.50  0.59  0.71
 SQEW  P  2.48  2.78  2.83  3.11  2.12  2.23  3.03  2.46  3.02  2.17  2.12  2.79
 P(W/W)   0.51  0.47  0.47  0.44  0.44  0.42  0.47  0.40  0.44  0.41  0.43  0.48
 P(W/D)   0.26  0.29  0.28  0.24  0.25  0.23  0.24  0.20  0.19  0.16  0.23  0.27
 TMAX AV 49.64 54.01 62.55 72.78 80.39 87.94 90.54 89.92 83.76 73.81 61.80 52.66
 TMIN AV 30.99 33.93 41.11 49.99 58.00 65.92 69.47 68.14 61.95 49.57 40.08 33.74
 SD TMAX 12.26 11.96 11.09  9.06  7.48  5.99  5.27  5.37  7.57  8.64 10.48 11.17
 SD TMIN 11.42 10.67 10.12  8.90  7.26  5.49  3.94  4.24  7.29  9.18 10.09 10.66
 SOL.RAD  179.  252.  333.  449.  521.  553.  541.  491.  418.  331.  233.  170.
 SD SOL   47.9  54.3  68.4  71.7  75.9  77.0  74.6 120.0  69.2  40.4  37.4  42.5
 MX .5 P  0.77  0.68  1.13  0.92  1.59  0.96  1.72  1.54  1.20  0.74  0.99  0.91
 DEW PT  33.83 35.10 38.83 48.05 57.93 65.66 68.66 67.66 61.32 50.17 39.17 33.83
Time Pk  0.548 0.650 0.704 0.772 0.797 0.814 0.845 0.864 0.881 0.907 0.944 1.000
% N       4.60  5.30  4.50  3.40  4.60  3.70  4.20  6.50  9.60  6.90  4.80  5.10
MEAN      4.18  3.47  3.27  3.41  2.85  2.95  2.78  2.94  3.21  3.53  3.54  4.20
STD DEV   1.61  1.62  1.24  1.64  1.29  1.21  1.18  1.31  1.22  1.58  1.41  1.80
SKEW      0.19  0.71  0.16  0.76  0.95  0.51  0.83  1.02  0.55  0.80  0.32  0.45
% NNE     3.70  4.30  2.90  3.00  2.90  2.20  4.00  4.30  6.00  4.10  3.10  3.30
MEAN      4.09  3.71  3.48  3.83  3.28  2.90  2.97  3.08  3.45  3.87  3.89  4.16
STD DEV   1.31  1.42  1.16  1.52  1.54  1.08  1.30  1.19  1.38  1.79  1.61  1.65
SKEW     -0.11  0.25  0.04  0.42  0.74  0.30  0.99  0.20  0.40  0.71  0.17  0.32
% NE      3.80  6.90  4.70  4.80  5.80  4.30  7.30  7.40  9.30  7.30  4.50  4.50
MEAN      3.38  3.27  3.17  3.30  2.67  2.56  2.43  2.88  2.90  2.88  3.09  3.44
STD DEV   1.45  1.42  1.31  1.29  1.10  0.93  0.90  1.11  1.16  1.24  1.45  1.65
SKEW      0.30  0.85  0.59  0.46  0.96  0.93  1.49  0.67  0.84  0.87  0.88  0.99
% ENE     2.00  2.30  2.50  2.00  1.60  1.60  1.80  2.60  2.70  3.00  1.00  2.20
MEAN      3.50  3.35  3.02  2.90  2.68  2.43  2.63  2.70  2.81  2.94  2.74  3.41
STD DEV   1.24  1.22  1.22  1.07  1.00  0.89  1.01  1.23  1.17  1.22  0.96  1.37
SKEW      0.02  0.70  0.68  0.33  0.98  0.97  1.07  1.47  0.95  1.30  0.90  0.46
% E       4.30  6.70  5.40  6.10  4.40  4.50  4.40  6.80  8.50  8.60  7.50  7.20
MEAN      3.00  2.96  2.97  3.06  2.45  2.38  2.39  2.57  2.84  2.56  3.03  3.05
STD DEV   1.09  1.19  1.26  1.13  0.85  0.85  0.88  0.97  1.17  0.92  1.26  1.28
SKEW      0.41  0.80  0.90  0.60  1.12  1.35  1.11  1.12  0.96  1.10  0.91  1.12
% ESE     4.50  5.80  5.70  4.60  3.20  4.40  3.80  3.60  5.30  5.20  2.30  6.10
MEAN      3.25  3.37  3.57  3.38  2.76  2.83  2.75  2.74  3.20  3.41  3.07  3.72
STD DEV   1.16  1.11  1.48  1.34  1.09  1.21  1.07  1.07  1.18  1.34  1.04  1.46
SKEW      0.55  0.47  1.05  0.53  0.96  1.21  0.88  0.92  0.62  0.60  0.40  0.53
% SE     12.70  9.70 10.70  9.60  9.00 12.50 12.00 11.20 11.90 12.10 11.20 14.40
MEAN      4.03  3.87  4.08  3.36  3.14  3.07  2.96  2.88  3.05  3.10  3.50  4.13
STD DEV   1.66  1.89  1.97  1.43  1.52  1.39  1.24  1.17  1.44  1.45  1.72  1.91
SKEW      0.85  1.06  0.86  0.68  1.13  0.91  0.72  0.85  1.27  1.27  1.27  0.82
% SSE     8.50  5.90  5.80  6.10  4.80  3.90  5.40  2.80  3.40  3.80  5.50  6.80
MEAN      5.23  5.22  5.55  4.69  3.70  3.50  3.28  2.89  3.33  4.11  4.87  5.32
STD DEV   1.96  2.16  3.00  2.49  1.70  1.40  1.43  1.26  1.35  1.60  2.33  2.54
SKEW      0.38  0.35  1.91  1.49  0.74  0.31  0.78  0.51  0.62  0.48  0.74  1.19
% S      16.40  9.30 11.70 11.90  9.30  6.70  8.40  6.20  5.50  4.10  7.10  7.90
MEAN      5.64  5.30  5.14  4.62  3.96  3.33  3.11  2.88  3.27  3.49  4.33  4.93
STD DEV   2.11  2.21  2.35  1.98  1.92  1.46  1.35  1.37  1.49  1.47  1.95  2.31
SKEW      0.43  0.32  0.62  0.52  0.73  0.71  0.69  1.09  0.75  0.55  0.45  0.58
% SSW     4.70  3.50  3.30  4.60  4.70  4.10  4.00  2.70  2.00  1.60  2.50  2.60
MEAN      5.70  5.59  4.84  4.67  4.63  3.80  3.23  3.03  2.99  4.04  4.22  4.50
STD DEV   2.12  2.50  2.33  1.81  2.25  1.55  1.29  1.38  1.14  1.84  1.58  2.08
SKEW      0.17  0.39  0.67  0.32  0.54  0.41  0.51  0.89  0.24  0.44  0.19  0.71
% SW      4.30  5.70  4.50  6.30  6.90  9.40  8.10  6.30  3.60  3.50  4.70  4.30
MEAN      4.52  4.27  4.00  4.25  3.76  3.47  3.11  2.94  3.17  3.26  3.95  3.67
STD DEV   2.09  2.02  1.94  1.89  1.93  1.64  1.35  1.24  1.37  1.60  1.85  2.05
SKEW      0.58  0.57  0.73  0.26  0.86  0.74  0.72  0.75  0.59  0.87  0.51  1.10
% WSW     1.70  2.90  3.30  3.50  3.20  4.30  4.80  3.40  1.50  1.70  2.30  2.50
MEAN      3.98  4.58  4.69  5.62  4.13  3.71  3.58  3.58  3.42  3.29  3.76  4.28
STD DEV   1.86  2.13  1.95  2.86  2.10  1.67  1.50  1.56  1.56  1.52  1.72  1.91
SKEW      0.81  0.87  0.26  0.81  0.75  0.46  0.32  0.64  0.57  0.81  0.96  0.39
% W       4.50  4.80  5.00  5.30  6.30  6.20  5.50  5.60  2.20  3.70  6.60  5.70
MEAN      4.24  4.31  4.86  5.12  3.72  3.55  3.30  3.31  3.07  3.59  4.65  4.50
STD DEV   1.95  2.13  2.50  2.32  1.99  1.63  1.59  1.43  1.47  1.48  2.25  2.14
SKEW      0.29  0.78  0.40  0.13  1.25  0.43  0.65  0.42  0.82  0.37  0.79  0.62
% WNW     4.60  6.30  6.60  6.20  5.10  5.20  4.00  3.80  2.10  2.20  6.20  5.90
MEAN      5.49  5.36  5.58  5.43  4.13  4.17  3.63  3.36  3.10  4.48  5.16  5.28
STD DEV   1.90  2.19  2.71  2.01  1.96  1.81  1.54  1.36  1.42  2.09  2.26  1.99
SKEW      0.29  0.37  0.76  0.25  0.67  0.75  0.62  0.37  1.10  0.45  0.47  0.02
% NW     11.10 12.50 13.40 12.60 10.00  8.30  5.80 10.50  8.50 10.40 14.60 11.00
MEAN      4.91  4.80  4.76  4.55  3.67  3.43  2.82  3.20  3.21  3.78  4.33  4.67
STD DEV   2.04  2.18  2.15  2.06  1.95  1.45  1.24  1.50  1.48  1.87  1.93  2.12
SKEW      0.18  0.54  0.43  0.47  0.83  0.61  1.10  1.21  0.93  1.01  0.64  0.52
% NNW     4.70  3.50  3.70  3.60  2.30  3.90  2.60  2.80  3.70  3.90  3.70  4.20
MEAN      4.48  4.30  4.37  4.25  3.37  3.13  2.78  2.95  3.06  3.45  4.22  4.52
STD DEV   1.72  2.07  1.82  1.62  1.54  1.23  1.32  1.28  1.21  1.42  1.67  2.40
SKEW      0.20  1.34  0.38  0.25  0.44  0.49  1.09  0.42  0.63  0.64  0.35  1.81
CALM      3.90  4.60  6.40  6.50 15.90 14.90 13.90 13.40 14.10 18.00 12.50  6.40
MUSCLE SHOALS AL    1.000  BIRMINGHAM    AL    0.000  JACKSON       TN    0.000
 OPELIKA AL                               16129 0
 LATT=  32.63 LONG= -85.38 YEARS= 35. TYPE= 4
 ELEVATION =  750. TP5 = 2.87 TP6= 6.32
 MEAN P   0.45  0.58  0.64  0.66  0.45  0.45  0.48  0.41  0.50  0.50  0.51  0.53
 S DEV P  0.50  0.76  0.85  0.88  0.57  0.58  0.59  0.57  0.66  0.76  0.67  0.66
 SQEW  P  1.54  3.31  2.68  2.70  2.30  2.92  2.93  2.67  2.38  3.97  2.09  2.13
 P(W/W)   0.54  0.49  0.49  0.41  0.44  0.52  0.53  0.52  0.52  0.46  0.44  0.45
 P(W/D)   0.28  0.23  0.25  0.21  0.21  0.22  0.29  0.21  0.16  0.13  0.21  0.24
 TMAX AV 54.54 58.84 67.11 75.77 82.13 88.02 89.99 89.59 85.26 75.98 67.25 58.35
 TMIN AV 30.90 32.77 39.75 47.57 55.34 63.16 66.98 66.65 61.78 48.91 40.60 33.92
 SD TMAX 10.86 10.78 10.34  7.72  6.24  5.20  4.57  4.37  6.91  7.29  8.85 10.37
 SD TMIN 11.00 10.56  9.75  9.02  7.30  5.36  3.75  3.56  6.16  9.34 10.35 11.14
 SOL.RAD  240.  299.  362.  491.  559.  560.  561.  526.  446.  375.  284.  208.
 SD SOL   38.6  48.5  66.8  63.3  66.8  76.3  70.6 114.5  66.5  34.8  30.5  40.0
 MX .5 P  0.83  1.01  1.10  1.03  1.24  1.18  1.29  1.49  1.49  0.83  0.80  0.57
 DEW PT  36.95 37.64 41.95 50.95 59.25 66.55 69.82 68.82 63.82 52.82 42.09 36.95
Time Pk  0.510 0.629 0.685 0.761 0.788 0.803 0.832 0.853 0.872 0.907 0.945 1.000
% N       6.96  6.70  5.63  5.33  5.60  5.15  4.15  5.23  6.80  8.50  7.42  5.87
MEAN      3.80  3.77  3.84  3.69  3.29  3.04  3.05  2.92  3.18  3.34  3.49  3.45
STD DEV   1.65  1.70  1.67  1.62  1.41  1.23  1.33  1.21  1.29  1.42  1.58  1.50
SKEW      0.68  0.71  0.65  0.73  0.91  0.98  1.38  1.04  0.82  0.90  0.92  0.90
% NNE     3.41  3.47  3.03  2.39  3.26  3.09  2.52  3.66  4.99  4.71  3.42  3.40
MEAN      3.24  3.43  3.36  3.41  3.31  3.12  2.92  3.05  3.33  3.35  3.17  3.41
STD DEV   1.34  1.34  1.44  1.42  1.40  1.35  1.22  1.26  1.47  1.47  1.32  1.51
SKEW      0.76  0.73  0.82  0.83  0.74  1.05  1.12  0.96  0.88  0.89  0.88  0.86
% NE      6.37  6.35  5.81  4.54  6.28  7.05  6.30  8.93 13.25 11.01  8.07  7.44
MEAN      3.18  3.40  3.42  2.96  3.20  3.25  2.94  3.07  3.64  3.35  3.02  3.47
STD DEV   1.38  1.49  1.56  1.27  1.47  1.50  1.16  1.32  1.61  1.50  1.28  1.59
SKEW      0.90  0.83  0.85  1.08  1.12  1.24  0.92  1.12  0.78  0.95  1.10  0.83
% ENE     8.51  8.14  6.81  5.35  6.58  7.57  6.35  8.93 14.85 12.74  7.72  8.85
MEAN      4.06  4.30  4.05  3.62  3.54  3.65  3.37  3.45  4.11  4.05  3.63  4.08
STD DEV   1.66  1.79  1.73  1.57  1.44  1.47  1.37  1.46  1.68  1.66  1.55  1.72
SKEW      0.45  0.45  0.63  0.86  0.74  0.85  0.87  0.92  0.56  0.60  0.78  0.51
% E       7.17  7.65  6.97  6.60  7.67  8.26  7.70  9.96 13.02 10.45  7.78  7.95
MEAN      3.96  4.27  4.13  3.68  3.49  3.50  3.25  3.22  3.89  3.89  3.53  4.10
STD DEV   1.69  1.78  1.81  1.57  1.49  1.43  1.35  1.35  1.68  1.67  1.49  1.78
SKEW      0.46  0.40  0.55  0.64  0.96  0.79  0.87  0.95  0.72  0.52  0.78  0.52
% ESE     2.61  2.69  3.43  3.68  3.45  3.61  3.90  3.91  4.31  3.35  3.36  3.36
MEAN      3.64  3.95  4.18  4.00  3.33  3.45  3.36  3.16  3.60  3.64  3.61  3.98
STD DEV   1.54  1.61  1.76  1.65  1.34  1.33  1.38  1.25  1.42  1.48  1.54  1.70
SKEW      0.95  0.41  0.60  0.48  0.60  0.47  0.79  0.88  0.59  0.56  0.77  0.61
% SE      2.71  2.93  3.91  4.96  4.67  3.96  4.68  4.54  3.86  2.89  3.73  3.15
MEAN      3.29  3.73  3.86  3.89  3.40  3.06  3.08  2.99  3.23  3.51  3.40  3.59
STD DEV   1.55  1.77  1.87  1.73  1.40  1.38  1.35  1.32  1.37  1.62  1.51  1.72
SKEW      0.89  0.68  0.83  0.56  0.64  1.06  1.09  1.23  0.74  0.67  0.85  0.72
% SSE     2.65  2.50  3.26  3.32  2.82  2.43  3.08  2.54  1.80  1.55  2.55  2.46
MEAN      4.06  4.28  4.32  4.25  3.58  3.14  3.28  2.89  3.71  3.29  4.16  4.44
STD DEV   2.17  2.13  1.83  1.92  1.45  1.23  1.31  1.23  1.75  1.35  1.80  2.15
SKEW      1.02  0.59  0.41  0.62  0.68  0.74  0.71  1.35  1.23  0.68  0.36  0.43
% S       5.36  5.80  8.21  8.39  6.13  5.16  6.44  5.81  3.23  2.62  4.49  5.35
MEAN      4.34  4.61  4.96  4.37  3.64  3.39  3.18  3.14  3.33  3.16  4.07  4.31
STD DEV   2.01  2.21  2.27  2.02  1.69  1.43  1.34  1.30  1.43  1.47  2.01  2.10
SKEW      0.53  0.74  0.62  0.59  0.95  0.81  1.14  1.16  0.98  0.82  0.61  0.61
% SSW     4.07  4.39  5.59  6.19  4.29  4.04  4.65  3.48  1.88  1.48  2.63  3.25
MEAN      4.58  4.98  5.12  4.70  3.99  3.66  3.33  3.26  3.59  3.33  3.93  4.53
STD DEV   1.99  2.16  2.16  1.95  1.69  1.52  1.27  1.30  1.56  1.57  1.81  2.02
SKEW      0.54  0.46  0.63  0.46  0.72  0.86  0.91  1.44  0.65  0.87  0.72  0.56
% SW      5.29  5.60  6.03  7.42  6.89  7.78  8.85  6.06  3.32  2.67  3.98  4.74
MEAN      4.17  4.43  4.48  4.34  3.79  3.47  3.37  3.13  3.28  3.05  3.67  3.77
STD DEV   1.91  2.23  2.17  1.96  1.70  1.47  1.39  1.24  1.39  1.37  1.89  1.88
SKEW      0.63  0.91  0.61  0.56  0.79  0.91  1.00  1.02  0.86  0.89  0.96  0.94
% WSW     4.62  5.39  4.38  5.95  5.43  6.41  6.37  4.09  2.26  2.08  3.23  3.87
MEAN      4.21  4.59  4.70  4.50  3.81  3.66  3.50  3.18  3.49  3.51  3.90  4.12
STD DEV   1.95  2.16  2.18  2.10  1.56  1.54  1.36  1.28  1.38  1.58  1.69  1.92
SKEW      0.70  0.92  0.70  0.79  0.69  0.87  0.77  0.88  0.63  0.95  0.63  0.68
% W       6.44  6.33  7.33  6.90  6.52  7.63  8.41  5.69  2.80  3.85  5.98  6.42
MEAN      4.18  4.58  4.64  4.29  3.68  3.49  3.30  3.09  3.17  3.43  4.04  4.21
STD DEV   1.89  2.21  2.16  2.09  1.57  1.49  1.30  1.28  1.29  1.51  1.76  2.05
SKEW      0.64  0.68  0.51  0.74  0.79  0.88  0.87  0.93  0.74  0.83  0.67  0.71
% WNW     6.53  6.90  6.76  5.69  4.92  4.24  4.15  3.60  2.55  3.96  5.57  6.11
MEAN      4.60  5.06  5.27  4.64  3.77  3.51  3.20  3.02  3.25  3.75  4.44  4.56
STD DEV   2.09  2.21  2.28  2.08  1.75  1.47  1.23  1.08  1.29  1.71  1.99  1.95
SKEW      0.59  0.41  0.28  0.45  0.86  0.85  0.79  0.74  0.73  0.85  0.55  0.47
% NW      8.98  9.14  8.44  6.83  6.93  6.35  4.95  5.27  4.26  6.98  8.67  8.38
MEAN      4.53  4.86  4.75  4.32  3.63  3.30  3.09  2.97  3.24  3.49  4.35  4.37
STD DEV   2.00  2.12  2.19  1.97  1.76  1.48  1.23  1.25  1.34  1.62  2.07  1.99
SKEW      0.51  0.51  0.52  0.57  0.96  1.16  0.99  1.19  0.86  1.11  0.73  0.57
% NNW     7.19  6.32  4.95  4.26  4.09  3.59  2.98  3.07  3.60  5.57  6.27  5.86
MEAN      4.39  4.30  4.36  4.18  3.82  3.13  3.06  3.12  3.38  3.60  4.03  4.17
STD DEV   1.75  1.71  1.88  1.71  1.56  1.28  1.30  1.21  1.47  1.54  1.88  1.75
SKEW      0.40  0.51  0.45  0.53  0.69  1.08  1.25  0.69  0.80  0.72  0.80  0.58
CALM     11.06  9.72  9.59 12.12 14.52 13.75 14.57 15.22 13.32 15.63 15.06 13.51
COLUMBUS      GA    0.552  MONTGOMERY    AL    0.236  ANNISTON      AL    0.211
 OZARK AL                                 16218 0
 LATT=  31.47 LONG= -85.65 YEARS= 57. TYPE= 4
 ELEVATION =  400. TP5 = 3.04 TP6= 7.25
 MEAN P   0.49  0.54  0.60  0.61  0.50  0.48  0.48  0.47  0.50  0.45  0.51  0.52
 S DEV P  0.63  0.60  0.75  0.74  0.62  0.62  0.57  0.59  0.71  0.56  0.61  0.65
 SQEW  P  2.99  2.07  2.72  2.31  2.44  2.65  2.41  2.69  3.06  2.26  2.00  2.31
 P(W/W)   0.46  0.44  0.45  0.41  0.45  0.52  0.56  0.53  0.49  0.37  0.39  0.44
 P(W/D)   0.23  0.25  0.24  0.18  0.17  0.22  0.31  0.23  0.18  0.10  0.17  0.23
 TMAX AV 61.15 64.64 71.28 79.13 85.63 90.76 91.21 91.00 87.63 80.15 69.90 62.85
 TMIN AV 39.08 41.35 46.87 54.08 61.42 67.53 69.68 69.19 65.28 55.28 45.80 40.67
 SD TMAX 10.75  9.90  8.96  6.46  5.68  4.98  4.52  4.37  6.20  6.70  8.72  9.76
 SD TMIN 11.63 10.61  9.88  7.77  5.55  4.06  2.86  3.08  5.62  8.07 10.23 10.69
 SOL.RAD  250.  302.  376.  485.  557.  548.  550.  533.  463.  378.  286.  219.
 SD SOL   40.2  52.9  66.8  69.2  70.3  83.3  77.5 124.8  64.6  38.3  34.8  41.8
 MX .5 P  1.09  1.14  1.22  1.36  1.56  1.51  1.69  1.65  1.40  1.13  1.02  0.65
 DEW PT  42.94 43.69 47.39 55.23 62.38 68.84 71.84 71.41 67.01 56.55 46.42 42.09
Time Pk  0.478 0.603 0.676 0.761 0.793 0.809 0.840 0.863 0.880 0.917 0.948 1.000
% N       9.00  8.90  7.50  5.20  6.80  4.30  2.90  4.40  5.70 10.60  9.30  8.50
MEAN      3.90  3.85  3.60  3.81  3.44  3.00  2.79  2.80  3.22  3.35  3.36  3.78
STD DEV   1.64  1.69  1.56  1.79  1.53  1.35  1.15  1.34  1.67  1.52  1.55  1.69
SKEW      0.65  0.64  0.46  0.76  0.60  0.67  0.45  0.90  1.31  0.77  0.72  0.70
% NNE     4.30  4.80  4.30  2.80  3.60  3.50  2.00  3.30  6.80  7.60  5.20  4.20
MEAN      3.21  3.47  3.29  3.29  3.19  2.67  2.64  2.54  2.86  3.09  2.73  3.17
STD DEV   1.35  1.56  1.33  1.40  1.46  1.12  1.18  1.11  1.35  1.53  1.20  1.35
SKEW      0.53  0.72  0.49  0.69  0.54  0.53  0.79  0.79  1.28  0.93  0.59  0.52
% NE      4.90  4.80  4.90  2.90  4.20  6.30  4.10  5.30 11.70 11.50  7.70  5.50
MEAN      2.94  3.30  3.15  2.89  2.71  2.72  2.75  2.59  3.10  3.04  2.76  2.96
STD DEV   1.14  1.38  1.40  1.16  1.14  1.15  1.18  1.23  1.39  1.45  1.22  1.31
SKEW      0.53  0.48  0.79  0.41  0.76  0.60  0.69  1.12  0.83  0.92  0.80  0.77
% ENE     5.80  4.00  4.40  3.30  4.70  6.10  3.50  5.50 10.50  8.50  6.00  4.80
MEAN      3.34  3.90  3.29  2.98  3.09  3.02  2.78  2.79  3.34  3.16  2.85  3.09
STD DEV   1.60  1.61  1.44  1.21  1.34  1.30  1.18  1.35  1.57  1.44  1.33  1.36
SKEW      0.76  0.34  0.36  0.51  0.66  0.65  0.48  0.77  0.57  0.50  0.73  0.56
% E       7.50  6.10  6.50  5.30  8.80  7.40  5.90  7.10 12.20 10.50  6.70  7.90
MEAN      3.34  3.71  3.54  3.19  3.34  3.22  2.89  2.80  3.30  3.18  2.88  3.35
STD DEV   1.47  1.76  1.55  1.41  1.37  1.43  1.27  1.35  1.51  1.41  1.31  1.43
SKEW      0.76  0.72  0.62  0.51  0.57  0.50  0.54  0.83  0.67  0.46  0.68  0.32
% ESE     2.90  2.90  3.40  4.00  3.60  3.30  2.50  3.10  4.60  3.40  2.30  3.20
MEAN      3.42  3.70  3.86  3.56  3.48  3.21  2.89  2.74  3.54  3.25  2.94  3.31
STD DEV   1.44  1.72  1.75  1.56  1.40  1.45  1.42  1.43  1.63  1.42  1.32  1.44
SKEW      0.40  0.52  0.47  0.24  0.35  0.61  0.92  0.94  0.59  0.56  0.53  0.46
% SE      2.50  3.00  3.20  4.40  3.20  2.90  2.20  2.50  2.90  2.40  3.10  3.00
MEAN      3.33  3.91  3.95  3.95  3.38  3.14  2.88  2.83  3.30  3.37  3.42  3.30
STD DEV   1.37  1.94  1.66  1.68  1.43  1.43  1.25  1.34  1.51  1.39  1.45  1.39
SKEW      0.15  0.97  0.43  0.31  0.45  0.67  0.37  0.65  0.48  0.61  0.38  0.55
% SSE     2.80  2.80  3.60  5.30  3.00  2.50  2.50  2.70  2.00  1.30  2.70  3.00
MEAN      3.26  3.95  3.81  3.98  3.23  3.04  2.48  2.72  3.19  2.94  3.38  3.38
STD DEV   1.45  1.94  1.68  1.77  1.42  1.13  1.05  1.15  1.56  1.44  1.47  1.41
SKEW      0.48  0.82  0.47  0.55  0.53  0.44  0.33  0.55  0.72  0.32  0.48  0.41
% S       5.80  6.90  9.00 11.30  7.60  7.10  7.20  5.70  3.50  2.30  5.30  6.40
MEAN      3.73  3.69  4.38  4.16  3.37  3.03  2.70  2.71  2.85  2.87  3.42  3.81
STD DEV   1.63  1.80  2.16  1.85  1.53  1.35  1.24  1.25  1.28  1.38  1.70  1.94
SKEW      0.48  0.79  0.79  0.61  0.63  0.58  0.63  0.61  0.44  0.54  0.65  0.60
% SSW     3.30  4.10  5.70  8.90  6.60  5.50  5.40  4.00  1.90  1.20  2.50  3.10
MEAN      3.95  4.27  4.64  4.30  3.71  3.36  2.91  2.95  3.06  2.75  3.51  4.01
STD DEV   2.02  1.96  2.22  2.04  1.78  1.44  1.37  1.41  1.58  1.09  1.54  1.96
SKEW      0.59  0.42  0.83  0.81  0.83  0.55  0.71  0.73  0.70  0.24  0.25  0.66
% SW      3.40  4.50  4.20  7.70  5.60  6.20  6.30  3.90  1.70  1.30  2.20  3.30
MEAN      4.32  3.98  4.31  3.95  3.46  3.34  2.91  2.89  2.85  3.01  3.42  3.75
STD DEV   2.31  1.93  2.23  1.81  1.56  1.50  1.34  1.21  1.28  1.27  1.78  2.10
SKEW      0.73  0.72  0.99  0.57  0.73  0.90  0.74  0.48  0.54  0.42  0.89  0.90
% WSW     2.70  3.80  4.10  3.60  4.10  4.10  5.80  3.60  1.60  1.10  2.20  2.40
MEAN      3.51  3.86  4.21  3.86  3.21  3.13  2.76  2.80  2.66  2.90  3.16  3.42
STD DEV   1.76  2.00  2.23  1.89  1.36  1.39  1.17  1.20  1.08  1.32  1.50  1.84
SKEW      0.75  0.76  1.08  0.80  0.62  0.65  0.56  0.63  0.25  0.59  0.79  0.74
% W       4.70  6.80  6.10  5.30  5.90  6.00  9.10  6.50  2.70  2.10  4.80  4.90
MEAN      3.64  4.08  4.45  3.86  3.25  3.25  2.86  2.77  2.83  3.31  3.37  3.51
STD DEV   1.69  2.35  2.24  2.11  1.54  1.53  1.27  1.28  1.09  1.69  1.61  1.59
SKEW      0.58  1.11  0.58  0.92  0.92  0.90  0.78  0.79  0.69  0.96  0.85  0.72
% WNW     5.10  6.00  5.30  3.60  3.20  3.30  3.80  3.00  2.10  2.20  4.60  4.20
MEAN      4.35  4.60  4.80  4.40  3.31  3.14  3.00  2.71  2.91  3.01  4.21  4.42
STD DEV   1.99  2.25  2.12  2.17  1.62  1.32  1.37  1.14  1.22  1.31  2.28  2.17
SKEW      0.57  0.82  0.44  0.78  0.95  0.84  0.74  0.65  0.48  0.56  0.77  0.65
% NW      8.40  7.80  8.30  4.80  5.20  3.70  3.70  3.80  3.70  6.00  8.40  7.50
MEAN      4.59  4.49  4.55  4.32  3.68  3.48  3.00  2.91  3.42  3.42  3.97  4.34
STD DEV   2.09  2.23  2.19  1.89  1.71  1.52  1.37  1.30  1.47  1.50  2.09  2.08
SKEW      0.45  0.83  0.65  0.44  0.93  0.86  0.74  1.04  0.62  0.79  0.87  0.64
% NNW     7.80  6.80  7.10  5.00  4.30  2.90  2.70  3.70  3.30  6.40  7.40  7.00
MEAN      4.27  4.12  4.27  4.35  3.60  3.12  2.96  2.90  3.42  3.31  3.82  4.29
STD DEV   1.90  1.98  2.07  2.04  1.82  1.41  1.40  1.39  1.78  1.56  1.91  2.06
SKEW      0.68  0.72  0.60  0.69  0.97  0.73  0.81  0.84  0.77  0.68  0.67  0.68
CALM     19.10 16.00 12.30 16.40 19.80 25.00 30.40 32.10 23.20 21.60 19.60 20.90
FORT RUCKER   AL    1.000  CRESTVIEW     FL    0.000  FT BENNING    GA    0.000
 ROBERTSDALE 7 E AL                       16988 0
 LATT=  30.55 LONG= -87.60 YEARS= 62. TYPE= 4
 ELEVATION =  150. TP5 = 3.22 TP6= 7.95
 MEAN P   0.47  0.56  0.70  0.69  0.67  0.56  0.56  0.54  0.64  0.61  0.55  0.48
 S DEV P  0.63  0.77  0.94  0.96  0.85  0.80  0.76  0.67  0.94  0.89  0.79  0.63
 SQEW  P  2.85  4.08  2.21  3.13  2.29  3.64  3.23  2.57  3.02  3.02  3.86  4.33
 P(W/W)   0.45  0.42  0.40  0.37  0.45  0.51  0.60  0.56  0.55  0.47  0.40  0.43
 P(W/D)   0.27  0.26  0.24  0.19  0.19  0.29  0.39  0.34  0.23  0.11  0.19  0.24
 TMAX AV 62.49 65.43 71.51 78.16 84.89 89.71 90.79 90.70 87.39 80.56 71.29 64.38
 TMIN AV 39.94 42.12 48.19 54.88 61.95 68.39 70.74 70.38 66.32 55.37 46.60 41.13
 SD TMAX 10.44  9.25  7.91  5.96  4.76  4.13  3.85  4.09  5.31  6.54  8.34  9.49
 SD TMIN 12.19 11.32 10.50  8.46  6.08  4.07  3.11  2.77  5.58  8.95 10.89 11.47
 SOL.RAD  242.  290.  367.  464.  517.  508.  499.  493.  428.  371.  286.  213.
 SD SOL   44.0  57.2  69.3  74.6  80.4  92.7  90.7 135.0  74.5  41.2  36.3  45.2
 MX .5 P  1.30  1.09  1.20  1.26  1.58  1.60  1.85  1.88  1.41  1.34  1.63  0.83
 DEW PT  46.43 46.40 50.05 58.31 64.74 70.18 72.65 72.65 68.18 58.40 48.92 45.40
Time Pk  0.423 0.542 0.623 0.727 0.763 0.783 0.817 0.841 0.868 0.904 0.946 1.000
% N      12.00 10.31  9.68  7.49  6.90  5.77  5.15  6.77  9.16 13.70 14.61 11.76
MEAN      5.11  4.82  4.92  4.58  3.85  3.17  2.93  3.05  3.81  4.09  4.75  4.81
STD DEV   2.34  2.13  2.28  2.16  1.83  1.38  1.34  1.43  1.77  1.89  2.26  2.20
SKEW      0.43  0.52  0.56  0.64  0.73  0.69  0.79  0.93  0.78  0.75  0.68  0.49
% NNE     6.11  6.14  5.83  4.51  4.42  3.96  3.63  5.72  9.26 10.19  8.63  7.14
MEAN      4.27  4.41  4.49  4.15  3.66  3.29  3.04  3.12  3.98  3.82  4.05  4.23
STD DEV   1.91  2.00  1.97  1.97  1.73  1.51  1.39  1.44  1.82  1.70  1.77  1.89
SKEW      0.59  0.56  0.50  0.65  0.88  0.78  0.78  0.93  0.73  0.69  0.57  0.60
% NE      6.08  5.75  5.61  3.79  4.33  5.35  5.46  8.15 12.44 11.66  8.39  6.95
MEAN      3.61  3.94  3.81  3.45  3.17  3.11  3.03  3.18  3.82  3.65  3.53  3.74
STD DEV   1.61  1.70  1.70  1.63  1.44  1.39  1.43  1.49  1.76  1.60  1.59  1.52
SKEW      0.64  0.67  0.57  0.86  0.93  0.84  0.97  0.87  0.84  0.77  0.82  0.54
% ENE     4.26  3.57  3.70  2.63  2.93  3.85  3.69  5.60  9.64  7.86  5.27  5.15
MEAN      3.77  3.88  3.83  3.30  3.30  3.35  3.22  3.32  4.08  3.93  3.64  3.80
STD DEV   1.67  1.81  1.68  1.45  1.38  1.39  1.49  1.45  1.75  1.61  1.63  1.56
SKEW      0.64  0.77  0.64  0.62  0.61  0.63  0.76  0.69  0.61  0.55  0.63  0.56
% E       6.51  5.66  4.86  4.46  4.75  5.29  5.70  6.60  9.84  7.69  6.87  8.07
MEAN      3.82  3.99  3.89  3.45  3.53  3.15  3.15  3.22  3.81  3.74  3.63  3.82
STD DEV   1.83  1.98  1.77  1.58  1.66  1.55  1.67  1.49  1.80  1.66  1.63  1.68
SKEW      0.83  0.75  0.70  0.72  0.70  0.93  1.18  0.78  0.63  0.65  0.55  0.75
% ESE     5.02  4.94  4.00  4.40  3.98  3.42  3.47  3.28  4.36  3.87  4.50  5.78
MEAN      3.97  4.60  4.13  4.34  3.91  3.62  3.61  3.22  3.72  3.99  3.81  4.20
STD DEV   1.83  2.19  1.81  2.17  1.75  1.67  1.99  1.38  1.73  1.84  1.72  1.93
SKEW      0.63  0.58  0.58  0.74  0.56  0.66  1.02  0.72  0.71  0.56  0.48  0.85
% SE      6.88  6.89  6.99  8.84  7.03  4.81  4.79  4.58  5.37  3.98  5.69  6.47
MEAN      4.08  4.21  4.48  4.33  3.89  3.41  3.19  3.18  3.51  3.63  3.73  4.02
STD DEV   1.93  1.97  2.24  2.07  1.79  1.62  1.54  1.50  1.66  1.73  1.67  1.80
SKEW      0.76  0.78  0.85  0.68  0.67  0.90  0.86  0.82  0.83  0.75  0.69  0.60
% SSE     7.01  6.56  7.81 10.77  8.22  5.38  4.63  4.01  4.24  3.12  4.65  5.12
MEAN      4.25  4.29  4.63  4.40  3.86  3.60  3.35  3.23  3.53  3.33  3.67  4.37
STD DEV   2.04  2.00  2.18  2.07  1.74  1.65  1.61  1.52  1.63  1.57  1.65  2.00
SKEW      0.63  0.70  0.55  0.68  0.59  0.53  0.75  0.68  0.70  0.82  0.51  0.52
% S       6.80  7.82 10.10 11.72 11.26 10.04  8.30  6.73  5.07  3.38  4.93  5.83
MEAN      4.03  4.22  4.56  4.05  3.87  3.49  3.23  3.11  3.14  2.99  3.58  4.29
STD DEV   2.02  2.00  2.31  1.89  1.74  1.64  1.55  1.43  1.49  1.28  1.85  2.13
SKEW      0.88  0.77  0.92  0.74  0.57  0.76  0.90  0.81  0.85  0.72  0.86  0.56
% SSW     4.43  5.99  6.75  7.90  9.14  9.27  7.61  5.42  3.24  2.41  3.12  3.74
MEAN      4.12  4.55  4.65  4.35  4.11  3.72  3.41  3.36  3.29  3.13  3.88  4.17
STD DEV   1.93  2.05  2.13  1.95  1.81  1.69  1.53  1.44  1.43  1.29  1.84  1.93
SKEW      0.76  0.58  0.64  0.53  0.51  0.71  0.78  0.72  0.72  0.50  0.88  0.70
% SW      4.25  5.65  5.98  6.32  7.97  9.53  9.05  7.18  3.34  2.76  2.97  3.43
MEAN      3.79  4.22  4.26  4.22  3.74  3.46  3.27  3.06  2.82  3.01  3.65  4.06
STD DEV   1.96  2.07  2.00  2.01  1.68  1.55  1.47  1.34  1.14  1.35  1.90  2.04
SKEW      0.89  0.94  0.68  0.69  0.67  0.82  0.79  0.91  0.54  0.83  0.97  0.94
% WSW     2.89  4.31  3.87  4.31  5.03  5.74  6.01  4.96  1.98  1.87  2.38  2.91
MEAN      3.92  4.14  4.23  4.06  3.21  3.18  3.05  2.81  2.44  2.66  3.64  4.09
STD DEV   1.95  2.06  2.07  2.07  1.49  1.40  1.34  1.22  0.96  1.16  1.72  2.00
SKEW      0.96  0.74  0.85  0.77  1.04  0.85  0.72  0.87  0.65  0.70  0.93  0.70
% W       3.66  4.15  4.00  3.86  4.78  6.24  7.13  6.24  2.75  2.70  3.51  3.86
MEAN      4.08  3.67  3.87  3.52  2.92  2.87  2.88  2.76  2.61  2.67  3.28  3.85
STD DEV   2.34  1.81  1.95  1.84  1.36  1.31  1.29  1.20  1.12  1.17  1.59  1.96
SKEW      1.01  0.84  0.87  0.90  1.01  0.89  1.02  0.84  0.80  0.67  1.04  0.96
% WNW     3.23  3.91  3.68  2.99  3.26  3.72  4.16  4.19  2.03  2.80  3.70  3.46
MEAN      4.27  4.62  4.79  4.03  3.21  3.14  3.03  2.98  3.11  3.49  4.08  4.29
STD DEV   2.18  2.40  2.36  1.97  1.56  1.32  1.35  1.31  1.74  1.78  2.04  2.11
SKEW      0.79  0.61  0.51  0.67  0.96  0.59  0.73  0.83  1.19  0.94  0.80  0.73
% NW      6.41  6.27  5.86  4.86  4.35  4.51  4.76  4.90  3.88  5.71  6.22  6.61
MEAN      4.93  5.22  5.38  4.38  3.72  3.11  3.09  3.00  3.37  3.72  4.65  4.74
STD DEV   2.38  2.60  2.62  2.07  1.92  1.34  1.37  1.32  1.78  1.82  2.29  2.24
SKEW      0.54  0.58  0.42  0.56  0.89  0.62  0.68  0.82  0.93  0.97  0.67  0.54
% NNW     7.75  6.52  6.33  5.52  4.24  3.57  3.73  4.48  4.47  7.96  7.85  7.21
MEAN      5.46  5.51  5.45  5.05  3.97  3.18  3.01  2.95  3.68  4.27  5.09  5.20
STD DEV   2.45  2.60  2.41  2.23  1.97  1.36  1.33  1.30  2.17  2.09  2.51  2.48
SKEW      0.38  0.47  0.33  0.41  0.75  0.69  0.85  0.83  2.21  0.74  0.61  0.56
CALM      6.66  5.57  5.09  5.52  7.36  9.57 12.71 11.16  8.90  8.29  6.69  6.32
PENSACOLA/SAU.FL    0.418  MILTON        FL    0.322  MOBILE        AL    0.260
 VALLEY HEAD AL                           18469 0
 LATT=  34.57 LONG= -85.60 YEARS= 44. TYPE= 3
 ELEVATION = 1030. TP5 = 2.57 TP6= 5.31
 MEAN P   0.44  0.49  0.53  0.49  0.42  0.40  0.46  0.38  0.49  0.41  0.48  0.46
 S DEV P  0.54  0.66  0.71  0.59  0.53  0.50  0.59  0.55  0.65  0.52  0.64  0.57
 SQEW  P  2.49  3.75  2.72  2.42  2.43  2.27  2.54  2.96  2.55  2.02  2.46  2.30
 P(W/W)   0.55  0.56  0.50  0.54  0.49  0.52  0.55  0.47  0.51  0.50  0.51  0.54
 P(W/D)   0.29  0.26  0.28  0.23  0.24  0.24  0.26  0.23  0.20  0.15  0.24  0.26
 TMAX AV 48.82 53.35 60.98 71.06 78.54 85.21 88.05 87.97 82.24 72.74 61.84 52.17
 TMIN AV 26.42 28.22 35.03 43.02 52.00 60.21 64.25 63.12 57.18 44.14 34.37 28.27
 SD TMAX 11.59 11.62 10.83  9.24  7.18  5.85  5.17  4.95  7.38  8.22 10.03 10.64
 SD TMIN 12.22 11.86 10.81 10.09  8.54  6.22  4.36  4.65  8.09 10.97 11.24 11.90
 SOL.RAD  179.  253.  336.  456.  525.  553.  537.  490.  423.  331.  231.  173.
 SD SOL   48.1  54.2  67.7  69.8  74.6  77.0  76.0 121.0  68.2  40.4  38.4  41.8
 MX .5 P  0.72  0.58  0.94  1.02  1.44  1.12  1.79  1.26  1.21  0.65  0.65  0.64
 DEW PT  33.91 34.13 38.36 47.68 57.22 65.22 68.22 67.77 61.46 50.68 39.68 33.36
Time Pk  0.536 0.651 0.708 0.777 0.802 0.816 0.838 0.856 0.872 0.913 0.945 1.000
% N      12.25 11.60  9.77  8.86  8.81  8.50  7.48  9.40 10.71 11.51 11.28 11.17
MEAN      4.30  4.09  4.11  4.12  3.48  3.19  3.00  2.96  3.26  3.69  3.78  3.84
STD DEV   2.01  1.88  1.91  1.92  1.72  1.53  1.40  1.48  1.62  1.90  1.81  1.85
SKEW      0.47  0.41  0.46  0.44  0.76  0.90  0.86  1.04  0.83  0.75  0.53  0.72
% NNE     6.29  6.50  5.68  5.05  5.27  5.00  4.70  6.50  7.68  7.26  5.98  6.28
MEAN      4.11  3.85  3.88  4.07  3.52  3.12  3.05  3.11  3.50  3.58  3.54  3.57
STD DEV   2.01  1.83  1.83  1.98  1.70  1.48  1.41  1.50  1.64  1.75  1.72  1.72
SKEW      0.55  0.58  0.60  0.51  0.69  0.91  0.95  1.16  0.76  0.80  0.65  0.76
% NE      4.10  4.48  4.16  3.97  4.78  5.16  5.24  6.82  7.69  6.34  4.71  5.08
MEAN      2.91  2.98  3.07  3.09  2.87  2.74  2.79  2.79  2.97  2.98  2.86  2.95
STD DEV   1.32  1.43  1.36  1.44  1.39  1.20  1.26  1.28  1.38  1.51  1.27  1.32
SKEW      0.95  1.23  0.82  0.93  1.15  1.11  1.06  1.03  0.95  1.32  1.31  0.84
% ENE     2.00  1.93  1.84  1.91  2.52  2.79  3.07  3.60  3.95  3.20  2.19  1.76
MEAN      2.57  2.60  2.69  2.69  2.76  2.50  2.65  2.59  2.68  2.65  2.39  2.40
STD DEV   1.15  1.15  1.19  1.28  1.35  1.09  1.26  1.18  1.25  1.35  0.98  1.07
SKEW      0.84  0.79  0.96  1.68  1.14  0.94  1.09  0.89  1.01  1.31  0.92  0.92
% E       2.03  2.32  2.78  2.51  3.23  3.55  3.62  4.45  5.33  3.98  2.43  2.43
MEAN      2.30  2.51  2.76  2.61  2.51  2.56  2.55  2.50  2.73  2.61  2.23  2.30
STD DEV   1.01  1.14  1.36  1.30  1.14  1.13  1.22  1.18  1.27  1.35  0.95  1.11
SKEW      1.29  0.93  1.12  1.16  1.09  1.12  1.15  1.15  0.91  1.24  1.03  1.39
% ESE     3.24  3.74  4.12  3.26  4.24  4.16  4.09  4.23  6.07  4.96  3.18  3.70
MEAN      2.97  3.30  3.56  3.26  3.10  2.94  2.81  2.72  3.27  3.20  2.75  2.87
STD DEV   1.50  1.54  1.75  1.50  1.40  1.30  1.33  1.27  1.52  1.50  1.36  1.33
SKEW      0.77  0.46  0.77  0.68  0.50  0.59  0.99  0.99  0.73  0.77  0.93  0.63
% SE      5.70  6.60  6.71  6.27  6.53  5.87  6.70  5.97  7.79  6.94  5.35  6.86
MEAN      3.45  3.83  3.82  3.66  3.30  3.13  2.95  2.89  3.33  3.54  3.29  3.54
STD DEV   1.59  1.92  1.74  1.73  1.57  1.49  1.35  1.34  1.56  1.68  1.61  1.75
SKEW      0.82  1.04  0.82  0.74  0.80  0.89  0.94  1.12  1.00  0.77  0.88  1.17
% SSE     5.72  5.57  5.88  6.31  5.57  5.53  5.90  4.85  5.17  4.48  5.12  5.74
MEAN      3.86  4.16  4.33  4.36  3.55  3.17  2.96  3.05  3.49  3.48  3.88  3.94
STD DEV   1.81  1.88  1.95  1.98  1.56  1.41  1.29  1.34  1.68  1.61  1.95  1.90
SKEW      0.68  0.60  0.45  0.52  0.50  0.73  0.68  0.88  0.86  0.61  0.65  0.74
% S       9.41  8.71  9.56 11.10  9.32  8.24  9.41  7.47  6.83  6.19  8.43  8.51
MEAN      3.73  3.93  4.20  4.11  3.44  3.01  2.80  2.80  3.14  2.95  3.63  3.62
STD DEV   1.75  1.88  2.02  1.90  1.57  1.41  1.20  1.30  1.44  1.40  1.89  1.82
SKEW      0.74  0.82  0.82  0.82  0.78  0.98  0.86  1.00  0.75  0.87  0.94  0.82
% SSW     5.94  5.25  5.78  6.81  5.77  5.53  6.33  4.62  3.52  3.26  4.50  5.55
MEAN      3.79  4.20  4.47  4.33  3.44  3.29  3.04  3.00  3.21  3.06  3.79  3.59
STD DEV   1.75  1.93  2.09  1.96  1.69  1.59  1.29  1.37  1.47  1.52  1.97  1.73
SKEW      0.58  0.52  0.60  0.50  0.83  0.98  0.70  0.76  0.69  0.93  0.90  0.92
% SW      5.02  5.13  5.28  6.93  6.20  6.67  7.09  5.37  3.58  3.67  4.92  5.52
MEAN      3.50  4.06  4.03  4.02  3.56  3.27  3.06  2.89  2.90  2.86  3.28  3.51
STD DEV   1.81  2.11  2.09  1.97  1.73  1.56  1.39  1.39  1.46  1.43  1.62  1.73
SKEW      1.03  0.91  0.91  0.69  0.79  0.93  0.77  1.13  1.19  1.07  1.02  0.93
% WSW     3.71  3.78  4.33  4.48  4.39  4.93  4.65  3.30  2.03  2.41  2.99  3.53
MEAN      3.81  4.29  4.50  4.46  3.74  3.38  3.22  2.92  3.12  3.08  3.45  3.77
STD DEV   2.07  2.40  2.27  2.36  1.75  1.62  1.49  1.42  1.67  1.55  1.79  1.94
SKEW      0.96  0.76  0.57  0.59  0.60  0.82  0.61  0.87  0.90  0.85  0.75  0.90
% W       3.84  3.93  4.76  4.37  4.15  4.53  4.33  3.30  2.33  2.78  4.05  3.79
MEAN      3.80  4.17  4.58  4.37  3.55  3.30  3.01  2.76  2.60  2.95  3.59  3.73
STD DEV   2.11  2.21  2.39  2.35  1.74  1.67  1.46  1.37  1.29  1.62  2.00  1.92
SKEW      1.03  0.69  0.61  0.58  0.64  0.78  0.76  0.83  0.99  0.86  0.80  0.72
% WNW     4.71  5.05  5.97  5.15  3.84  4.14  3.51  3.09  2.23  2.95  4.72  4.52
MEAN      4.36  4.50  5.04  4.81  3.93  3.47  3.16  2.87  2.83  3.23  4.16  4.39
STD DEV   1.98  2.15  2.27  2.37  1.88  1.77  1.48  1.44  1.44  1.83  2.02  2.09
SKEW      0.35  0.48  0.23  0.47  0.54  0.81  0.87  0.84  0.98  0.83  0.40  0.32
% NW      5.90  6.09  6.63  5.33  4.58  4.78  4.42  4.81  3.56  4.83  6.60  5.79
MEAN      4.27  4.49  4.73  4.49  3.63  3.21  2.90  2.74  2.85  3.25  4.12  4.16
STD DEV   2.16  2.20  2.28  2.20  1.90  1.61  1.44  1.33  1.43  1.76  2.08  2.11
SKEW      0.51  0.54  0.42  0.42  0.80  0.89  1.08  1.08  0.99  1.02  0.52  0.65
% NNW     8.27  8.74  7.73  6.30  5.53  5.30  4.27  4.75  4.98  6.17  8.01  7.05
MEAN      4.68  4.67  4.72  4.50  3.76  3.20  3.02  2.92  3.27  3.78  4.46  4.49
STD DEV   2.07  2.07  2.07  2.05  1.73  1.61  1.45  1.37  1.64  1.96  2.03  2.13
SKEW      0.27  0.35  0.27  0.35  0.56  0.93  0.87  0.83  0.84  0.70  0.30  0.46
CALM     11.88 10.50  9.06 11.34 15.37 15.41 15.14 17.44 16.56 18.97 15.53 12.74
ROME/RUSSEL   GA    0.444  CHATTANOOGA   TN    0.328  HUNTSVILLE    AL    0.228
