 DANBURY CT                               61762 0
 LATT=  41.38 LONG= -73.47 YEARS= 39. TYPE= 4
 ELEVATION =  510. TP5 = 2.23 TP6= 4.93
 MEAN P   0.34  0.37  0.37  0.39  0.36  0.37  0.40  0.45  0.47  0.48  0.43  0.40
 S DEV P  0.46  0.46  0.49  0.49  0.45  0.50  0.54  0.65  0.72  0.71  0.55  0.54
 SQEW  P  3.35  2.48  2.59  2.60  2.59  3.01  2.52  2.90  3.40  3.55  2.19  2.72
 P(W/W)   0.42  0.39  0.45  0.46  0.51  0.44  0.43  0.39  0.42  0.41  0.47  0.41
 P(W/D)   0.27  0.28  0.28  0.29  0.28  0.29  0.27  0.26  0.22  0.20  0.27  0.30
 TMAX AV 35.09 38.08 46.32 59.41 70.27 78.56 83.35 81.23 73.67 63.43 51.39 39.13
 TMIN AV 18.22 20.12 27.53 36.94 46.65 55.51 60.38 59.09 51.35 41.32 33.26 22.72
 SD TMAX  9.89  9.93  9.89 10.26  8.96  7.39  5.84  5.94  8.08  8.73  9.41  9.90
 SD TMIN 10.91 10.69  8.64  7.76  8.52  7.45  6.80  7.14  9.01  9.33  9.05 10.20
 SOL.RAD  140.  208.  290.  356.  437.  481.  480.  415.  331.  235.  150.  117.
 SD SOL   41.3  51.8  71.9  99.9 109.6 110.9 102.7 192.6  91.8  54.2  44.4  39.6
 MX .5 P  0.34  0.32  0.36  0.49  0.70  0.85  1.40  1.21  0.87  0.91  0.55  0.35
 DEW PT  21.15 21.41 26.57 36.84 46.57 56.72 64.08 61.57 55.57 45.43 34.57 23.96
Time Pk  0.689 0.762 0.805 0.843 0.856 0.865 0.882 0.899 0.911 0.930 0.957 1.000
% N      10.05  8.39  7.83  6.26  5.22  4.28  4.94  6.42  7.68  8.07  7.15  8.10
MEAN      4.10  4.24  4.56  4.55  4.08  3.57  3.19  3.24  3.65  3.93  3.79  4.13
STD DEV   1.99  2.15  2.08  2.10  1.94  1.70  1.47  1.60  1.85  1.97  1.91  2.02
SKEW      0.57  0.74  0.53  0.49  0.68  0.64  0.70  0.89  1.14  0.77  0.82  0.59
% NNE     9.46  8.02  7.88  7.43  7.06  5.56  5.11  7.46  8.89 10.62  7.32  7.69
MEAN      4.45  4.39  4.54  4.48  4.14  3.73  3.37  3.38  3.73  4.27  4.01  4.26
STD DEV   2.13  2.10  2.08  2.09  1.98  1.57  1.52  1.59  1.80  2.01  1.94  2.10
SKEW      0.39  0.63  0.73  0.69  0.64  0.47  0.63  1.09  0.70  0.73  0.71  0.67
% NE      5.81  5.40  5.37  5.10  4.72  4.11  3.43  5.11  6.00  7.68  5.84  5.77
MEAN      3.65  3.51  4.13  4.05  3.66  3.34  2.82  3.01  3.26  3.92  3.57  3.76
STD DEV   2.11  1.83  2.24  1.93  1.76  1.67  1.38  1.52  1.66  1.87  1.91  1.87
SKEW      0.76  1.29  0.66  0.43  0.58  0.62  0.94  1.00  1.05  0.52  0.91  0.46
% ENE     3.28  3.91  4.67  3.77  4.68  3.08  2.44  2.95  3.27  3.60  3.28  2.97
MEAN      3.67  4.20  4.45  4.24  3.76  3.41  3.27  3.26  3.59  4.20  3.93  3.59
STD DEV   2.05  2.03  2.24  2.02  1.78  1.64  1.65  1.52  1.58  2.08  1.94  1.87
SKEW      0.95  0.63  0.60  0.72  0.72  0.82  1.20  0.69  0.44  0.87  0.71  1.03
% E       2.42  3.42  4.25  4.31  5.69  4.28  2.88  3.31  2.75  3.16  2.98  2.06
MEAN      3.35  4.03  4.52  4.24  3.85  3.38  3.12  3.41  3.61  4.28  4.69  3.95
STD DEV   1.73  1.95  2.10  1.95  1.79  1.62  1.60  1.68  1.62  2.21  3.17  2.11
SKEW      0.66  0.56  0.64  0.48  0.71  0.87  1.17  0.79  0.63  0.83  1.43  0.94
% ESE     2.05  2.74  4.40  4.74  6.18  5.47  4.20  4.15  3.63  3.71  3.35  2.64
MEAN      3.16  3.72  4.67  4.60  3.86  3.60  3.47  3.84  3.84  4.23  4.56  4.48
STD DEV   1.74  1.82  2.19  2.19  1.72  1.51  1.48  1.72  1.59  2.13  2.89  2.50
SKEW      1.15  0.79  0.55  0.89  0.69  0.77  0.84  0.85  0.49  1.24  1.26  0.85
% SE      1.42  2.25  2.91  3.76  4.82  5.02  3.83  3.54  3.52  3.05  2.39  1.68
MEAN      3.16  3.24  4.04  3.69  3.47  3.29  3.20  3.26  3.56  3.66  3.39  3.81
STD DEV   1.77  1.62  2.00  1.65  1.56  1.41  1.26  1.41  1.58  1.56  1.81  1.99
SKEW      1.00  0.77  0.62  0.40  0.53  0.67  0.39  0.78  0.45  0.61  0.80  0.72
% SSE     2.93  3.43  3.85  5.64  5.39  6.76  5.85  5.37  5.51  4.33  3.73  3.13
MEAN      3.28  3.57  4.31  4.22  3.58  3.53  3.40  3.59  3.93  3.73  3.97  4.39
STD DEV   2.25  1.87  2.29  1.84  1.49  1.32  1.29  1.44  1.70  1.86  1.98  2.42
SKEW      1.94  0.89  1.04  0.71  0.48  0.43  0.59  0.79  0.56  1.20  0.83  0.62
% S       2.63  3.23  3.32  5.26  5.31  6.98  6.94  7.37  5.87  4.11  4.03  2.89
MEAN      3.72  3.92  4.15  4.20  3.92  3.77  3.64  3.63  4.00  3.82  4.35  4.19
STD DEV   2.30  2.37  2.05  1.91  1.80  1.56  1.57  1.49  1.68  1.78  2.26  2.19
SKEW      1.44  1.39  0.68  0.46  0.67  0.43  0.61  0.60  0.55  0.99  0.65  0.70
% SSW     4.39  4.09  4.64  7.06  7.43  9.61 10.29  8.69  8.14  6.13  5.82  4.98
MEAN      4.25  4.15  4.52  4.84  4.26  4.16  4.11  4.02  4.15  4.44  5.11  4.60
STD DEV   2.23  2.04  1.95  2.12  1.78  1.61  1.58  1.60  1.75  1.89  2.50  2.31
SKEW      0.80  0.61  0.55  0.26  0.38  0.41  0.50  0.53  0.53  0.45  0.89  1.03
% SW      5.57  5.98  6.68  8.83  9.29 12.64 13.84 11.12  8.82  7.68  7.10  6.42
MEAN      4.02  3.95  4.27  4.34  4.05  3.95  3.84  3.82  4.05  4.57  4.80  4.56
STD DEV   1.99  1.86  1.85  1.76  1.69  1.54  1.48  1.49  1.68  1.87  2.19  2.14
SKEW      0.61  0.84  0.50  0.31  0.57  0.48  0.32  0.53  0.52  0.37  0.66  0.67
% WSW     7.26  6.87  6.26  8.14  7.64  8.91 10.69  7.49  6.47  6.94  7.71  9.24
MEAN      4.83  4.75  4.87  4.93  4.41  4.17  4.00  3.96  4.43  4.72  5.08  5.13
STD DEV   2.22  2.16  2.27  2.21  1.86  1.53  1.53  1.61  1.79  1.87  2.24  2.15
SKEW      0.50  0.58  0.66  0.77  0.40  0.34  0.48  0.61  0.28  0.46  0.69  0.37
% W       7.81  6.68  5.25  4.56  3.82  3.77  4.40  3.93  3.87  4.98  7.19  8.69
MEAN      4.80  4.99  5.49  5.02  3.89  3.71  3.18  3.41  3.91  4.39  4.72  4.94
STD DEV   2.47  2.35  2.68  2.50  2.02  1.67  1.46  1.63  1.83  1.93  2.27  2.21
SKEW      0.63  0.39  0.41  0.69  0.76  0.76  0.75  0.85  0.51  0.54  0.54  0.49
% WNW     9.53 10.77  9.61  6.37  4.01  3.94  4.27  3.74  4.32  5.40  8.56 10.75
MEAN      5.53  6.09  6.43  5.96  4.96  4.62  4.24  3.79  4.30  4.72  5.38  5.57
STD DEV   2.52  2.70  2.71  2.55  2.38  2.07  1.99  1.73  1.89  2.28  2.33  2.30
SKEW      0.48  0.42  0.37  0.24  0.35  0.55  0.62  0.71  0.55  0.65  0.32  0.42
% NW      9.03  9.45  8.70  6.06  4.71  3.76  3.32  3.69  4.92  5.23  7.25  8.19
MEAN      5.03  5.50  5.95  5.64  4.79  4.32  3.56  3.38  3.74  4.24  4.62  4.95
STD DEV   2.61  2.67  2.61  2.42  2.18  2.19  1.70  1.78  1.85  2.32  2.42  2.46
SKEW      0.61  0.43  0.39  0.21  0.32  0.53  0.53  0.83  0.65  0.87  0.55  0.55
% NNW     9.91  9.64  9.37  7.48  6.32  4.88  4.31  4.70  5.90  6.37  6.75  7.56
MEAN      4.91  5.43  5.46  5.26  5.04  4.44  3.73  3.62  3.92  4.49  4.72  4.81
STD DEV   2.33  2.51  2.27  2.21  2.15  2.00  1.70  1.74  1.82  2.08  2.25  2.41
SKEW      0.64  0.57  0.28  0.34  0.26  0.40  0.53  0.73  0.81  0.52  0.52  0.79
CALM      6.50  5.79  5.04  5.20  7.70  6.90  9.22 10.97 10.35  9.13  9.59  7.29
BRIDGEPORT    CT    0.392  POUGHKEEPSIE  NY    0.324  NEW HAVEN     CT    0.284
 MIDDLETOWN 4 W CT                        64767 0
 LATT=  41.55 LONG= -72.72 YEARS= 44. TYPE= 4
 ELEVATION =  370. TP5 = 2.30 TP6= 4.99
 MEAN P   0.39  0.38  0.41  0.41  0.38  0.35  0.40  0.44  0.49  0.52  0.46  0.41
 S DEV P  0.51  0.46  0.52  0.53  0.48  0.50  0.53  0.63  0.67  0.64  0.54  0.50
 SQEW  P  2.72  1.88  2.32  2.40  2.26  3.32  2.56  2.59  2.80  2.02  1.78  2.02
 P(W/W)   0.41  0.41  0.43  0.51  0.50  0.43  0.42  0.41  0.41  0.46  0.47  0.43
 P(W/D)   0.28  0.27  0.28  0.28  0.28  0.31  0.27  0.27  0.24  0.19  0.27  0.29
 TMAX AV 35.78 38.33 46.26 58.87 69.90 78.81 83.41 80.67 72.65 62.56 51.74 39.83
 TMIN AV 20.31 22.05 29.24 38.84 48.20 57.29 62.61 61.29 53.54 44.04 35.63 25.14
 SD TMAX  9.69  9.61  9.59  9.59  8.51  7.37  6.04  6.20  7.79  8.05  8.80  9.70
 SD TMIN 10.81 10.66  8.62  7.65  7.72  6.98  6.16  6.95  8.79  9.10  8.98 10.19
 SOL.RAD  150.  218.  306.  368.  457.  508.  510.  440.  353.  246.  165.  126.
 SD SOL   34.9  44.3  61.4  88.4  94.9  93.6  84.8 143.7  78.8  46.6  36.2  33.6
 MX .5 P  0.45  0.33  0.30  0.48  0.64  0.71  1.39  1.29  0.95  1.23  0.33  0.42
 DEW PT  21.17 20.81 26.35 36.13 46.91 57.00 62.68 62.02 54.68 45.70 39.61 23.92
Time Pk  0.701 0.793 0.826 0.859 0.875 0.887 0.903 0.914 0.924 0.945 0.970 1.000
% N      14.22 13.53 12.33  9.98  9.44  7.17  7.20 10.15 11.48 11.71 11.72 12.73
MEAN      4.11  4.25  4.25  4.38  3.91  3.57  3.12  3.21  3.46  3.66  3.74  4.05
STD DEV   2.09  2.22  2.09  2.19  1.92  1.80  1.47  1.53  1.74  1.77  1.92  2.08
SKEW      0.78  1.01  0.77  0.65  0.70  0.87  0.78  0.76  1.06  0.79  1.00  0.88
% NNE     7.12  6.36  7.08  6.58  6.44  4.62  4.23  5.65  6.27  7.14  5.47  5.93
MEAN      4.07  3.95  4.32  4.38  3.91  3.48  3.03  3.14  3.47  3.91  3.50  3.64
STD DEV   2.19  2.07  2.21  2.05  1.95  1.65  1.37  1.46  1.69  1.93  1.94  1.97
SKEW      0.68  0.72  0.88  0.76  0.89  0.74  0.79  0.74  0.98  0.67  1.23  0.88
% NE      2.64  2.87  3.73  4.02  4.46  3.41  2.82  4.11  3.79  4.39  3.22  2.33
MEAN      2.90  3.40  3.88  3.76  3.32  3.18  2.61  2.89  2.86  3.35  2.92  2.88
STD DEV   1.78  1.87  2.17  1.86  1.66  1.60  1.22  1.48  1.50  1.72  1.82  1.72
SKEW      1.38  0.84  0.99  0.65  0.71  0.78  0.73  0.97  0.94  0.72  1.84  1.25
% ENE     0.68  1.10  1.77  1.69  2.08  1.65  1.16  1.66  1.60  1.77  1.53  0.67
MEAN      2.32  3.14  3.62  3.58  3.54  3.34  2.77  2.78  2.84  3.44  3.74  2.41
STD DEV   1.09  1.74  1.97  1.82  1.83  1.61  1.25  1.27  1.45  1.86  2.93  1.09
SKEW      0.63  0.79  0.69  0.79  0.78  0.52  0.63  0.69  0.81  0.53  2.38  0.55
% E       0.71  1.21  1.59  1.75  2.11  1.67  1.28  1.76  1.60  1.52  1.65  0.82
MEAN      2.03  2.65  3.25  3.14  3.22  3.07  2.56  2.55  2.51  2.95  2.93  2.34
STD DEV   0.87  1.43  1.70  1.63  1.69  1.71  1.24  1.29  1.31  1.61  1.81  1.38
SKEW      0.72  0.71  0.79  0.97  0.81  0.84  0.59  0.87  1.16  0.86  1.46  1.40
% ESE     0.77  1.10  1.54  1.83  2.19  1.69  1.48  1.46  1.49  1.40  1.54  1.00
MEAN      2.29  2.54  3.54  3.46  3.17  2.89  2.63  2.77  2.44  2.64  3.17  2.44
STD DEV   1.13  1.31  1.85  1.80  1.52  1.47  1.26  1.51  1.05  1.24  2.38  1.39
SKEW      1.07  1.62  0.80  1.01  0.70  1.02  0.79  1.46  0.86  0.83  1.89  1.50
% SE      2.31  2.46  2.76  3.43  3.80  3.46  4.10  3.67  3.37  3.03  2.82  2.62
MEAN      2.45  2.45  3.18  3.35  2.89  2.69  2.49  2.63  2.45  2.41  2.58  2.46
STD DEV   1.32  1.15  1.77  1.73  1.53  1.36  1.18  1.37  1.14  1.33  1.39  1.42
SKEW      1.12  0.97  1.42  0.85  0.99  1.06  0.93  1.26  0.92  1.73  1.22  1.88
% SSE     3.74  3.55  4.96  5.77  6.59  7.16  7.01  6.68  6.07  5.03  4.55  4.05
MEAN      3.04  3.39  3.98  4.13  3.70  3.55  3.14  3.18  3.03  2.96  3.05  3.23
STD DEV   1.48  1.78  2.28  2.13  1.84  1.68  1.49  1.59  1.48  1.57  1.62  1.96
SKEW      0.92  0.94  1.14  0.66  0.91  0.70  0.78  0.96  0.94  1.35  1.06  1.21
% S       8.08  8.78  9.25 12.62 15.13 18.10 17.84 15.39 13.90 11.95 10.71  8.69
MEAN      3.77  3.94  4.42  4.72  4.25  4.03  3.71  3.40  3.58  3.69  3.75  3.61
STD DEV   1.92  1.95  2.14  2.28  2.08  1.87  1.77  1.64  1.78  1.78  2.03  1.82
SKEW      0.81  0.82  0.55  0.49  0.66  0.61  0.68  0.83  0.83  0.80  1.18  0.80
% SSW     6.54  5.21  5.22  8.51  9.40 11.96 10.63  9.29  8.97  8.08  6.99  7.02
MEAN      4.38  4.23  4.79  5.07  4.61  4.51  4.25  3.93  4.22  4.21  4.37  4.18
STD DEV   2.05  2.05  2.32  2.35  2.12  1.98  1.90  1.88  2.00  1.99  2.20  1.93
SKEW      0.49  0.63  0.53  0.36  0.47  0.39  0.43  0.51  0.50  0.52  0.96  0.59
% SW      4.60  4.33  3.41  4.16  4.42  6.61  7.81  6.29  5.15  5.02  5.37  6.07
MEAN      3.86  3.91  4.15  4.15  3.74  3.83  3.76  3.54  3.67  3.68  3.87  3.72
STD DEV   2.04  1.95  2.17  2.09  1.91  1.90  1.79  1.79  1.91  1.87  1.94  1.72
SKEW      0.84  0.78  0.75  0.60  0.62  0.63  0.55  0.65  0.64  0.64  0.67  0.78
% WSW     3.05  2.90  2.87  3.26  2.73  2.95  3.88  3.06  2.50  2.86  3.70  3.85
MEAN      4.17  4.10  4.79  4.57  4.30  3.85  3.79  3.51  3.44  3.72  3.94  3.97
STD DEV   2.04  1.99  2.56  2.41  2.20  1.80  1.71  1.64  1.77  1.81  1.94  1.87
SKEW      0.65  0.75  0.63  0.74  0.50  0.54  0.50  0.73  0.73  0.48  0.52  0.64
% W       4.74  5.10  4.85  4.37  3.65  3.93  4.89  4.02  3.76  4.08  5.41  5.87
MEAN      4.44  4.66  4.92  4.43  4.21  3.64  3.43  3.30  3.34  3.66  4.00  4.19
STD DEV   2.35  2.41  2.52  2.33  2.30  1.85  1.61  1.63  1.83  1.97  2.11  2.19
SKEW      0.65  0.60  0.51  0.50  0.59  0.71  0.57  0.61  0.92  0.67  0.55  0.72
% WNW     8.71  9.58  9.56  7.81  5.79  4.91  4.79  4.31  4.72  5.27  7.61  8.83
MEAN      5.65  5.98  5.96  5.82  5.27  4.52  3.98  3.93  4.04  4.56  4.83  5.42
STD DEV   2.60  2.75  2.60  2.53  2.53  2.16  1.81  1.85  1.97  2.27  2.40  2.56
SKEW      0.36  0.27  0.27  0.15  0.32  0.50  0.55  0.42  0.57  0.57  0.60  0.42
% NW     12.21 13.32 12.56  9.56  7.45  6.42  6.01  6.19  6.52  7.64  9.56 11.08
MEAN      5.45  5.74  5.60  5.58  4.94  4.33  3.91  3.59  3.96  4.37  4.91  5.26
STD DEV   2.55  2.60  2.34  2.49  2.36  2.17  1.80  1.74  1.96  2.19  2.34  2.54
SKEW      0.36  0.39  0.30  0.35  0.33  0.66  0.53  0.50  0.54  0.45  0.42  0.41
% NNW     9.70 10.03  9.80  8.08  6.46  5.38  4.61  4.94  6.09  6.14  7.80  8.34
MEAN      5.03  5.19  5.28  5.23  4.72  4.17  3.69  3.67  3.78  4.25  4.56  4.63
STD DEV   2.36  2.44  2.36  2.40  2.22  1.97  1.71  1.67  1.77  2.01  2.18  2.20
SKEW      0.50  0.54  0.50  0.47  0.53  0.63  0.76  0.72  0.67  0.66  0.54  0.56
CALM     10.12  8.58  6.77  6.54  7.94  8.86 10.21 11.47 12.77 12.98 10.36 10.12
WINDSOR/BRADL CT    0.380  HARTFORD/BRAI CT    0.380  CHICOPEE FALL MA    0.239
