 WASHINGTON, DISTRICT OF COLUMBIA        490001 0
 LATT=  38.90 LONG= -77.05 YEARS= 87. TYPE= 3
 ELEVATION =   14. TP5 = 3.20 TP6= 5.76
 MEAN P   0.25  0.31  0.32  0.30  0.32  0.38  0.46  0.49  0.41  0.38  0.35  0.35
 S DEV P  0.26  0.33  0.36  0.36  0.41  0.49  0.80  0.77  0.63  0.55  0.46  0.40
 SQEW  P  1.45  1.43  1.91  2.97  2.91  2.17  4.11  3.45  3.16  2.43  2.50  1.26
 P(W/W)   0.42  0.42  0.452 0.48  0.46  0.38  0.40  0.44  0.41  0.39  0.36  0.41
 P(W/D)   0.26  0.25  0.30  0.28  0.26  0.27  0.24  0.23  0.18  0.16  0.24  0.24
 TMAX AV 44.00 45.60 55.00 64.90 75.50 83.70 87.10 85.00 79.10 68.20 56.50 45.60
 TMIN AV 28.90 29.30 36.40 44.50 54.90 64.10 68.40 66.60 60.70 48.60 39.40 30.80
 SD TMAX 10.66 11.44 11.25  8.94  6.37  5.43  5.60  9.21  7.01  8.23  9.06  8.43
 SD TMIN 12.71 13.19  9.60  8.76  6.49  6.27  4.86  7.72  6.95  6.69  8.43 13.01
 SOL.RAD  174.  266.  344.  411.  551.  494.  536.  446.  375.  299.  211.  166.
 SD SOL   35.8  37.4  55.2  77.1  65.2  94.6  75.3 134.8  74.9  37.8  30.5  29.8
 MX .5 P  0.42  0.33  0.36  0.95  1.76  0.94  1.41  1.44  1.44  0.84  0.33  0.26
 DEW PT  25.00 25.00 29.00 40.00 52.00 61.00 65.00 64.00 59.00 48.00 36.00 26.00
Time Pk  0.645 0.728 0.777 0.834 0.845 0.852 0.878 0.894 0.903 0.932 0.958 1.000
% N       7.77  7.71  6.81  6.18  6.16  4.99  5.74  6.00  8.00  8.33  6.50  6.75
MEAN      4.37  4.52  4.48  4.64  4.19  3.96  3.63  3.73  3.96  3.96  3.78  4.07
STD DEV   2.02  2.05  1.99  2.06  1.84  1.68  1.51  1.50  1.72  1.86  1.81  1.89
SKEW      0.70  0.69  0.77  0.52  0.64  0.72  0.66  0.56  0.61  0.78  1.02  0.74
% NNE     4.36  4.29  4.38  3.79  4.15  3.67  3.56  4.33  5.99  5.46  3.74  4.12
MEAN      4.33  4.41  4.45  4.48  4.37  4.36  3.96  4.04  4.36  4.20  3.95  4.02
STD DEV   1.84  2.00  1.96  1.94  1.75  1.66  1.49  1.69  1.82  1.73  1.84  1.73
SKEW      0.59  0.77  0.72  0.77  0.49  0.50  0.69  0.73  0.80  0.64  0.99  0.83
% NE      3.74  3.78  3.97  4.22  4.53  3.64  3.07  3.83  5.32  4.90  3.33  3.54
MEAN      3.82  3.66  4.12  4.10  4.06  3.98  3.65  3.64  4.07  4.03  3.49  3.53
STD DEV   1.66  1.38  1.69  1.61  1.66  1.58  1.34  1.42  1.80  1.78  1.57  1.44
SKEW      0.82  0.30  0.74  0.66  0.61  0.65  0.49  0.54  0.88  0.73  1.11  0.68
% ENE     2.30  3.11  3.63  3.66  3.55  3.11  2.63  2.92  3.77  3.11  2.26  2.44
MEAN      3.69  3.65  4.00  4.13  4.14  3.74  3.57  3.29  3.75  3.66  3.72  3.26
STD DEV   1.73  1.47  1.60  1.81  1.67  1.43  1.36  1.27  1.57  1.60  1.64  1.33
SKEW      0.82  0.77  0.73  1.01  0.53  0.68  0.49  0.49  0.74  0.78  0.50  0.76
% E       1.99  3.00  3.91  3.95  4.02  3.18  2.96  3.26  3.53  3.05  2.23  2.11
MEAN      3.27  3.29  3.71  3.76  3.59  3.67  3.42  3.29  3.49  3.47  3.32  2.84
STD DEV   1.69  1.34  1.47  1.52  1.48  1.56  1.36  1.33  1.50  1.46  1.74  1.04
SKEW      1.23  0.74  0.59  0.62  0.81  0.73  0.67  0.73  0.87  0.83  1.50  0.76
% ESE     1.43  2.12  3.25  3.09  3.42  2.46  2.66  2.75  2.52  2.37  2.10  1.75
MEAN      2.93  3.55  3.71  3.79  3.55  3.39  3.36  3.29  3.32  3.35  3.44  3.09
STD DEV   1.05  1.73  1.47  1.54  1.38  1.42  1.28  1.28  1.30  1.47  1.86  1.51
SKEW      0.48  1.31  0.52  0.69  0.53  0.91  0.65  0.76  0.63  1.04  2.27  1.78
% SE      2.43  2.89  3.75  3.95  4.36  3.85  4.07  3.68  3.84  3.58  2.79  2.28
MEAN      3.04  3.35  3.71  3.77  3.81  3.47  3.52  3.22  3.33  3.12  3.52  2.94
STD DEV   1.19  1.38  1.50  1.54  1.64  1.28  1.37  1.22  1.38  1.29  1.68  1.06
SKEW      0.51  0.91  0.54  0.69  0.80  0.54  0.72  0.54  1.09  0.84  1.24  0.60
% SSE     4.01  4.14  5.14  5.62  7.51  7.83  7.39  6.55  5.94  5.04  4.50  3.87
MEAN      3.33  3.62  4.02  4.12  4.05  3.71  3.64  3.51  3.47  3.47  3.59  3.28
STD DEV   1.31  1.45  1.73  1.65  1.56  1.36  1.29  1.23  1.33  1.34  1.46  1.34
SKEW      0.51  0.64  0.80  0.62  0.65  0.51  0.62  0.48  0.67  0.53  0.81  1.02
% S      10.79  9.96  9.34 11.66 13.79 16.50 15.05 13.69 11.62 10.57 11.26 11.09
MEAN      3.84  4.11  4.50  4.37  4.24  3.86  3.79  3.71  3.72  3.70  3.99  3.77
STD DEV   1.65  1.71  2.07  1.88  1.77  1.48  1.42  1.43  1.55  1.57  1.72  1.60
SKEW      0.87  0.63  0.79  0.67  0.74  0.62  0.62  0.63  0.86  0.77  0.69  0.73
% SSW     8.78  7.47  7.55  8.64  9.25 10.31 10.77  9.76  8.02  7.89  8.96  8.77
MEAN      4.45  4.72  5.28  5.02  4.44  3.98  3.79  3.74  3.85  3.80  4.35  4.24
STD DEV   2.08  2.13  2.47  2.29  2.05  1.65  1.56  1.58  1.79  1.70  1.96  1.99
SKEW      0.81  0.60  0.53  0.45  0.76  0.67  0.84  0.78  0.91  0.88  0.79  0.80
% SW      4.18  3.94  3.82  4.41  4.53  6.00  6.94  5.87  4.96  4.44  4.89  4.49
MEAN      3.79  4.25  4.46  4.74  3.81  3.55  3.39  3.31  3.18  3.34  3.53  3.52
STD DEV   1.86  2.08  2.30  2.41  1.77  1.61  1.40  1.52  1.47  1.53  1.70  1.64
SKEW      0.99  0.73  0.82  0.74  0.88  0.71  0.71  0.93  1.05  1.03  0.99  0.91
% WSW     2.65  2.60  2.97  2.87  3.07  3.75  4.15  3.58  2.82  2.81  3.32  2.80
MEAN      3.49  3.96  4.50  4.18  3.71  3.37  3.11  3.03  3.02  3.31  3.54  3.30
STD DEV   1.65  2.15  2.19  2.04  1.59  1.48  1.33  1.27  1.24  1.50  1.69  1.38
SKEW      1.05  0.83  0.82  0.86  0.77  0.65  0.79  0.94  0.75  0.84  1.15  0.97
% W       4.78  5.31  5.04  5.07  4.61  4.16  4.32  4.35  3.30  3.94  5.19  4.70
MEAN      5.23  5.48  5.22  4.82  4.20  3.73  3.45  3.23  3.33  3.88  4.61  4.60
STD DEV   2.80  2.73  2.66  2.28  1.97  1.71  1.61  1.34  1.55  1.89  2.40  2.27
SKEW      0.75  0.64  0.85  0.76  0.87  0.75  0.90  0.62  0.92  0.91  0.80  0.67
% WNW    10.28 11.01 10.54  8.73  6.10  5.32  4.68  4.69  4.39  5.83  9.64 10.21
MEAN      6.45  6.75  6.70  6.18  5.21  4.40  4.07  3.76  4.10  5.03  5.93  6.10
STD DEV   3.00  2.79  2.90  2.65  2.32  2.02  1.86  1.60  1.88  2.42  2.56  2.62
SKEW      0.59  0.34  0.41  0.44  0.46  0.70  0.84  0.67  0.81  0.68  0.47  0.41
% NW     12.90 12.94 11.76 10.31  7.33  6.91  6.46  7.29  6.71  8.75 11.73 13.24
MEAN      5.78  6.09  6.07  5.97  5.07  4.43  3.87  3.84  3.96  4.88  5.49  5.83
STD DEV   2.55  2.47  2.57  2.53  2.31  2.00  1.67  1.66  1.78  2.19  2.41  2.48
SKEW      0.71  0.48  0.53  0.48  0.59  0.64  0.93  0.81  0.77  0.52  0.56  0.50
% NNW     9.54  9.06  8.44  7.42  5.92  5.28  5.38  6.40  7.80  8.41  7.90  8.43
MEAN      4.94  5.13  5.13  5.19  4.56  4.26  3.69  3.65  3.83  4.32  4.66  4.86
STD DEV   1.99  2.26  2.19  2.31  1.89  1.92  1.47  1.44  1.65  1.97  2.03  2.06
SKEW      0.59  0.65  0.66  0.75  0.57  0.83  0.64  0.79  0.82  0.90  0.61  0.51
CALM      7.94  6.74  5.62  6.36  7.54  9.01 10.20 11.02 11.52 11.49  9.73  9.40
WASH/NATIONAL VA    0.422  WASH/DULLES   VA    0.422  WASH/ANDREWS  MD    0.156
