 GEORGETOWN 5 SW DE                       73570 0
 LATT=  38.63 LONG= -75.47 YEARS= 44. TYPE= 3
 ELEVATION =   50. TP5 = 2.74 TP6= 5.54
 MEAN P   0.36  0.34  0.39  0.34  0.35  0.40  0.45  0.61  0.47  0.45  0.39  0.39
 S DEV P  0.42  0.39  0.44  0.37  0.40  0.47  0.57  0.89  0.69  0.58  0.46  0.47
 SQEW  P  1.90  2.00  1.74  1.62  1.90  1.82  2.41  2.79  3.16  2.22  1.82  2.37
 P(W/W)   0.38  0.44  0.43  0.50  0.49  0.43  0.41  0.39  0.38  0.43  0.40  0.41
 P(W/D)   0.25  0.24  0.27  0.24  0.24  0.21  0.23  0.25  0.20  0.18  0.23  0.24
 TMAX AV 43.80 46.36 54.31 64.98 74.63 83.06 87.17 85.25 79.23 68.71 58.51 47.73
 TMIN AV 24.97 26.69 32.95 41.62 51.39 60.34 65.43 64.07 56.51 45.62 36.86 28.35
 SD TMAX 11.39 11.27 10.97 10.38  8.77  7.35  5.69  5.79  7.40  8.40  9.70 10.80
 SD TMIN 10.57 10.44  9.31  9.17  8.37  7.47  6.19  6.69  9.09 10.36 10.14 10.56
 SOL.RAD  163.  239.  325.  408.  490.  530.  513.  454.  386.  282.  197.  149.
 SD SOL   44.8  52.4  70.3  90.3  96.7  97.7  95.5 189.3  81.7  49.3  39.7  40.2
 MX .5 P  0.37  0.43  0.46  0.59  0.84  1.12  1.42  1.08  1.02  0.52  0.52  0.48
 DEW PT  28.39 27.31 31.71 41.17 51.87 61.17 66.15 65.54 59.77 50.08 38.59 29.08
Time Pk  0.648 0.725 0.783 0.823 0.841 0.852 0.874 0.897 0.909 0.930 0.962 1.000
% N       6.22  6.18  5.83  4.92  4.62  3.72  3.69  4.96  6.94  7.21  5.72  5.97
MEAN      4.42  4.35  4.62  4.47  3.97  3.71  3.27  3.47  3.70  4.03  3.92  4.12
STD DEV   2.07  2.03  2.13  1.99  1.83  1.51  1.45  1.65  1.79  1.86  1.85  1.90
SKEW      0.57  0.65  0.64  0.35  0.53  0.65  0.77  0.75  0.87  0.59  0.67  0.68
% NNE     4.66  4.49  3.33  3.47  4.11  3.00  2.60  4.37  5.85  7.14  3.31  3.36
MEAN      4.50  4.26  4.51  4.39  4.25  3.99  3.47  3.65  3.91  4.61  4.16  4.09
STD DEV   2.08  1.89  1.99  1.94  1.75  1.63  1.58  1.68  1.75  2.18  1.88  1.95
SKEW      0.37  0.60  0.64  0.51  0.54  0.52  0.73  0.78  0.69  0.72  0.69  0.62
% NE      3.58  3.74  4.05  3.51  4.77  3.68  3.29  5.13  5.80  6.18  3.09  3.08
MEAN      4.39  3.92  4.39  4.19  4.11  4.07  3.45  3.56  3.76  4.43  3.81  3.77
STD DEV   2.03  1.63  2.05  1.91  1.83  1.73  1.46  1.67  1.71  2.25  1.88  1.73
SKEW      0.50  0.52  0.61  0.71  0.50  0.50  0.55  0.89  0.85  0.91  1.56  0.66
% ENE     2.58  3.61  4.54  4.12  5.15  4.30  2.97  3.89  4.35  4.80  2.32  2.58
MEAN      4.32  4.87  4.85  5.21  4.64  4.49  3.84  3.80  4.25  4.59  4.21  4.25
STD DEV   2.15  2.13  2.24  2.14  1.95  1.84  1.74  1.63  1.93  2.08  2.06  2.17
SKEW      0.95  0.63  0.79  0.20  0.59  0.37  0.61  0.71  0.53  0.73  1.18  0.75
% E       2.45  3.47  4.62  4.62  5.13  4.42  3.62  4.12  4.66  4.36  3.14  2.77
MEAN      3.71  4.26  4.31  4.27  4.17  4.08  3.46  3.37  3.68  3.80  3.61  3.42
STD DEV   2.16  2.22  1.91  1.93  1.86  1.80  1.68  1.55  1.74  1.78  1.57  1.68
SKEW      1.74  1.05  0.57  0.66  0.82  0.59  0.78  0.83  0.87  0.66  0.51  0.78
% ESE     1.78  2.92  3.81  4.35  5.26  5.15  4.39  4.50  4.01  3.24  2.86  1.96
MEAN      3.77  4.00  4.38  4.26  4.19  4.26  3.72  3.57  3.77  3.99  3.97  4.00
STD DEV   2.10  1.75  1.98  1.71  1.65  1.93  1.58  1.54  1.71  1.94  2.11  2.12
SKEW      0.94  0.59  0.46  0.61  0.44  0.73  0.49  0.48  0.79  0.91  1.04  1.16
% SE      2.08  2.66  3.22  4.63  4.64  4.64  4.78  4.54  3.87  3.24  3.07  1.99
MEAN      3.23  3.67  4.06  3.94  3.65  3.70  3.35  3.39  3.29  3.55  3.65  3.35
STD DEV   1.72  1.68  1.83  1.71  1.59  1.61  1.49  1.67  1.50  1.74  1.92  1.61
SKEW      1.10  0.55  0.60  0.61  0.57  0.86  0.69  0.94  0.86  1.22  1.21  0.89
% SSE     3.09  4.09  4.63  5.98  5.50  6.44  5.84  5.05  4.31  3.55  3.84  3.02
MEAN      3.68  4.14  4.65  4.39  4.09  4.07  3.76  3.69  3.73  3.56  3.94  4.32
STD DEV   1.87  1.94  2.26  1.92  1.84  1.75  1.60  1.85  1.64  1.59  1.91  2.26
SKEW      0.99  0.64  0.85  0.60  0.61  0.59  0.54  0.85  0.62  0.71  0.82  0.89
% S       5.49  4.81  4.82  7.14  7.30  8.28  8.49  8.10  7.68  5.98  6.74  5.61
MEAN      3.72  4.37  4.60  4.48  4.00  3.65  3.48  3.43  3.47  3.55  4.01  3.97
STD DEV   1.89  2.07  2.28  2.08  1.80  1.67  1.51  1.65  1.58  1.67  2.17  2.01
SKEW      1.05  0.76  0.73  0.54  0.61  0.72  0.72  0.80  0.76  0.70  0.94  0.84
% SSW     9.09  5.72  5.75  7.67  7.95  9.32 10.58  8.70  8.17  6.82  8.40  7.82
MEAN      5.05  5.01  5.25  5.03  4.42  4.09  3.90  3.71  3.90  3.81  4.62  4.58
STD DEV   2.51  2.43  2.47  2.29  1.87  1.83  1.73  1.66  1.84  1.82  2.30  2.20
SKEW      0.58  0.67  0.45  0.39  0.53  0.71  0.62  0.67  0.80  0.95  0.81  0.75
% SW      6.02  5.90  5.15  7.38  8.03  9.57 11.60  8.25  6.74  6.23  6.95  7.35
MEAN      4.53  4.66  4.61  4.62  4.30  3.91  3.79  3.45  3.72  3.76  4.09  4.28
STD DEV   2.26  2.13  2.16  2.24  2.01  1.71  1.76  1.61  1.77  1.80  2.14  2.19
SKEW      0.60  0.54  0.35  0.60  0.73  0.60  0.69  0.71  0.67  0.73  0.98  0.77
% WSW     4.96  4.84  5.01  6.11  6.42  7.76  7.24  5.38  4.17  4.58  5.23  5.91
MEAN      4.47  4.59  5.07  4.66  4.53  4.05  3.96  3.69  3.65  3.78  4.14  4.39
STD DEV   2.26  2.17  2.48  2.24  2.01  1.71  1.72  1.67  1.76  1.77  2.10  2.25
SKEW      0.96  0.68  0.64  0.67  0.56  0.49  0.59  0.63  0.87  0.68  0.74  0.82
% W       6.94  6.83  7.08  6.41  6.00  5.25  5.17  4.43  3.59  5.05  7.30  8.03
MEAN      4.54  5.08  5.16  4.62  4.21  3.99  3.34  3.39  3.29  3.71  4.35  4.40
STD DEV   2.29  2.49  2.53  2.25  1.91  1.85  1.50  1.57  1.66  1.77  2.13  2.24
SKEW      0.85  0.76  0.60  0.78  0.56  0.94  0.68  0.69  0.91  0.98  0.82  0.85
% WNW    10.44 10.97 11.04  7.81  5.52  4.57  3.83  3.61  3.94  5.07  8.88 10.14
MEAN      5.45  6.03  6.19  5.44  4.68  4.43  3.96  3.72  4.11  4.33  5.27  5.20
STD DEV   2.49  2.65  2.66  2.37  2.07  2.03  1.90  1.70  2.05  1.98  2.39  2.47
SKEW      0.73  0.50  0.45  0.44  0.49  0.59  0.82  0.68  0.77  0.80  0.61  0.58
% NW     11.65 11.43 10.83  7.61  4.95  4.68  3.99  4.37  4.60  6.87  9.31 11.12
MEAN      5.22  5.74  5.51  5.00  4.33  4.13  3.31  3.42  3.77  4.28  4.80  5.05
STD DEV   2.36  2.65  2.35  2.23  1.91  1.92  1.44  1.62  1.83  2.03  2.26  2.36
SKEW      0.53  0.51  0.38  0.49  0.41  0.81  0.71  0.84  0.95  0.63  0.61  0.42
% NNW     9.93  9.15  8.85  6.26  4.82  4.12  3.08  4.31  5.77  6.52  8.19  8.46
MEAN      5.17  5.36  5.46  5.29  4.62  4.21  3.63  3.68  3.87  4.54  4.80  4.94
STD DEV   2.17  2.36  2.31  2.24  1.96  1.82  1.59  1.66  1.94  2.12  2.26  2.15
SKEW      0.40  0.46  0.40  0.38  0.35  0.45  0.60  0.67  0.67  0.55  0.66  0.47
CALM      8.97  9.23  7.36  8.04  9.90 11.05 14.83 16.42 15.66 13.28 11.68 10.82
SALISBURY     MD    0.514  DOVER         DE    0.294  MILLVILLE/MUN NJ    0.192
 MIDDLETOWN 2 S DE                        75852 0
 LATT=  39.42 LONG= -75.70 YEARS= 37. TYPE= 3
 ELEVATION =   60. TP5 = 2.67 TP6= 5.35
 MEAN P   0.33  0.36  0.38  0.34  0.35  0.42  0.43  0.42  0.50  0.44  0.39  0.43
 S DEV P  0.37  0.39  0.40  0.38  0.42  0.62  0.60  0.61  0.72  0.56  0.49  0.47
 SQEW  P  2.15  2.00  1.77  1.79  2.20  4.37  2.98  3.54  3.34  2.50  2.43  1.58
 P(W/W)   0.36  0.36  0.40  0.45  0.45  0.38  0.38  0.38  0.42  0.45  0.37  0.36
 P(W/D)   0.20  0.20  0.23  0.24  0.24  0.20  0.21  0.20  0.14  0.14  0.20  0.18
 TMAX AV 40.22 44.32 53.56 64.81 74.74 83.25 87.41 85.75 80.08 68.20 56.88 45.91
 TMIN AV 22.72 25.30 32.61 41.61 51.53 60.36 64.98 63.84 57.20 45.53 36.34 28.20
 SD TMAX  9.87 10.61 10.39 10.88  8.26  6.93  5.27  5.24  7.51  8.36  9.24 10.05
 SD TMIN  9.83  9.80  8.27  8.24  7.73  6.73  5.69  6.51  8.46  9.77  9.19  9.26
 SOL.RAD  158.  234.  320.  404.  485.  525.  508.  449.  382.  277.  193.  144.
 SD SOL   45.3  53.3  71.8  92.9 100.0 101.3  98.9 201.3  83.7  50.1  40.1  40.7
 MX .5 P  0.32  0.39  0.53  0.55  0.74  1.11  1.27  1.14  1.12  0.64  0.40  0.51
 DEW PT  24.49 24.33 29.16 40.00 50.22 60.22 64.55 64.16 58.16 47.33 35.65 26.10
Time Pk  0.632 0.717 0.753 0.807 0.827 0.837 0.856 0.868 0.884 0.919 0.957 1.000
% N       6.06  6.92  6.55  5.51  5.44  4.73  4.88  5.94  8.18  7.98  5.63  5.94
MEAN      4.55  4.57  4.90  4.78  4.00  3.83  3.49  3.48  3.81  4.08  4.01  4.43
STD DEV   2.32  2.26  2.37  2.26  1.92  1.69  1.59  1.57  1.82  1.95  2.09  2.27
SKEW      0.75  0.64  0.60  0.49  0.71  0.59  0.79  0.55  0.88  0.77  0.85  0.84
% NNE     3.93  3.78  3.42  3.63  4.05  3.35  3.17  4.24  5.13  5.60  3.21  3.26
MEAN      4.76  4.35  4.70  4.46  4.15  4.25  3.56  3.74  4.17  4.42  4.37  4.42
STD DEV   2.37  2.01  2.29  1.98  1.72  1.74  1.49  1.56  1.74  1.89  2.16  2.17
SKEW      0.51  0.81  0.73  0.52  0.31  0.61  0.48  0.51  0.58  0.49  1.00  0.76
% NE      3.86  3.58  3.96  3.20  4.11  3.28  2.73  3.16  4.78  4.82  3.07  3.60
MEAN      4.72  4.29  4.75  4.37  4.20  4.33  3.72  3.70  4.33  4.50  4.18  4.57
STD DEV   2.41  1.92  2.51  1.96  1.87  1.83  1.54  1.60  1.87  1.98  2.03  2.16
SKEW      0.65  0.60  0.84  0.72  0.58  0.53  0.40  0.47  0.51  0.49  0.60  0.63
% ENE     3.92  4.76  5.65  5.15  5.48  3.60  3.04  3.67  4.48  4.89  3.32  4.03
MEAN      4.97  5.00  5.08  5.14  4.74  4.59  3.98  4.10  4.67  4.89  4.37  4.54
STD DEV   2.50  2.31  2.32  2.25  2.06  1.80  1.63  1.79  2.06  2.05  2.06  2.14
SKEW      0.73  0.72  0.66  0.57  0.70  0.43  0.59  0.88  0.52  0.36  0.74  0.85
% E       3.27  4.59  5.58  5.46  5.80  4.86  3.43  3.94  4.71  4.30  4.13  3.30
MEAN      3.86  4.29  4.71  4.70  4.39  4.37  3.77  3.68  4.19  3.96  3.97  3.75
STD DEV   2.01  2.13  2.27  2.18  2.02  1.80  1.66  1.60  1.84  1.75  1.87  1.88
SKEW      0.96  1.23  0.69  0.68  0.74  0.46  0.57  0.58  0.54  0.60  0.74  1.03
% ESE     1.55  2.64  3.62  4.21  4.54  4.17  3.57  3.89  3.48  2.76  2.85  1.77
MEAN      3.62  3.65  4.49  4.52  4.05  4.38  3.83  3.83  3.90  3.73  4.03  3.70
STD DEV   1.60  1.55  1.96  1.94  1.63  1.83  1.60  1.59  1.60  1.65  1.94  1.87
SKEW      0.95  0.65  0.53  0.51  0.52  0.56  0.54  0.64  0.53  0.74  1.09  1.24
% SE      1.71  2.33  2.69  3.67  4.12  4.13  3.97  4.30  3.37  2.70  2.51  1.48
MEAN      3.01  3.50  4.08  4.07  4.08  3.75  3.65  3.67  3.65  3.44  3.76  2.94
STD DEV   1.33  1.61  1.98  1.84  1.84  1.62  1.49  1.42  1.57  1.59  2.02  1.19
SKEW      0.82  0.70  0.98  0.71  0.65  0.73  0.63  0.41  0.86  0.85  1.34  0.95
% SSE     2.02  2.54  3.11  4.33  4.11  4.81  4.82  4.55  3.53  2.72  3.20  2.17
MEAN      3.42  3.67  4.24  4.32  4.21  4.02  3.88  3.84  3.78  3.56  4.39  3.83
STD DEV   1.66  1.81  2.01  1.96  1.88  1.67  1.53  1.69  1.55  1.57  2.17  1.91
SKEW      0.77  0.65  0.72  0.65  0.52  0.45  0.38  0.68  0.60  0.72  0.71  0.87
% S       5.11  5.22  5.29  7.49  7.77  9.63  9.48  9.34  8.29  5.89  6.80  4.95
MEAN      3.98  4.22  4.79  4.74  4.38  4.24  3.98  3.94  4.01  3.81  4.47  4.03
STD DEV   1.89  2.12  2.31  2.22  1.95  1.82  1.71  1.72  1.86  1.82  2.28  2.08
SKEW      0.95  1.07  0.49  0.48  0.46  0.59  0.58  0.63  0.78  0.78  0.76  1.11
% SSW     5.63  4.24  4.59  6.60  7.28  8.44  9.11  7.41  6.59  5.24  5.07  4.81
MEAN      4.69  4.75  5.39  5.12  4.45  4.21  4.05  3.85  4.17  4.01  4.50  4.33
STD DEV   2.36  2.26  2.51  2.34  2.01  1.85  1.68  1.71  1.85  2.01  2.24  2.07
SKEW      0.78  0.57  0.31  0.41  0.55  0.67  0.56  0.61  0.60  0.84  0.86  0.78
% SW      5.56  4.76  4.16  6.38  7.16  8.31  8.88  6.58  6.17  5.67  5.28  5.34
MEAN      4.41  4.51  4.74  4.61  4.32  4.05  3.82  3.64  3.96  3.77  4.01  4.26
STD DEV   2.14  2.08  2.16  2.31  1.93  1.69  1.62  1.60  1.93  1.67  1.92  2.18
SKEW      0.68  0.67  0.40  0.76  0.65  0.54  0.50  0.71  0.76  0.71  0.93  1.06
% WSW     5.12  4.63  4.29  5.21  5.73  7.01  6.96  5.44  4.49  5.21  5.44  5.99
MEAN      4.03  4.15  4.50  4.26  4.05  3.93  3.50  3.51  3.52  3.53  3.92  4.01
STD DEV   2.00  1.95  2.15  2.04  1.80  1.67  1.46  1.57  1.62  1.60  1.82  1.99
SKEW      1.33  0.77  0.58  0.75  0.66  0.74  0.58  0.74  0.85  0.90  0.82  1.14
% W       8.90  8.69  7.52  7.13  6.86  6.56  6.73  6.30  5.11  6.72  9.42  9.77
MEAN      4.76  5.01  4.74  4.64  4.13  3.81  3.39  3.24  3.38  3.64  4.29  4.28
STD DEV   2.41  2.66  2.47  2.39  2.01  1.83  1.59  1.46  1.80  1.79  2.20  2.08
SKEW      0.92  1.03  0.91  0.82  0.89  0.99  0.90  0.82  1.38  1.09  1.09  0.87
% WNW    12.12 11.96 12.37  9.43  6.56  6.34  5.75  5.90  4.79  7.11 11.29 12.34
MEAN      5.91  6.40  6.44  5.88  4.85  4.36  3.73  3.70  3.99  4.39  5.41  5.40
STD DEV   2.77  3.01  2.90  2.78  2.28  2.14  1.80  1.73  1.96  2.09  2.56  2.62
SKEW      0.59  0.44  0.39  0.54  0.47  0.75  0.93  0.83  0.98  0.74  0.53  0.65
% NW     12.44 12.37 12.89  9.13  6.68  6.42  6.43  6.48  7.00  8.55 11.34 12.57
MEAN      5.76  6.22  6.35  5.70  4.77  4.42  3.81  3.68  3.71  4.49  5.15  5.53
STD DEV   2.74  3.00  2.80  2.61  2.21  2.12  1.76  1.89  1.85  2.31  2.55  2.77
SKEW      0.53  0.44  0.27  0.35  0.43  0.76  0.73  0.92  0.80  0.80  0.48  0.59
% NNW     8.44  8.23  7.83  6.48  5.65  4.85  4.78  5.66  7.04  7.05  6.84  7.37
MEAN      5.40  5.73  5.63  5.54  4.66  4.27  3.52  3.57  3.82  4.47  4.68  5.13
STD DEV   2.53  2.77  2.53  2.47  2.14  1.88  1.59  1.73  1.84  2.25  2.38  2.40
SKEW      0.45  0.44  0.37  0.37  0.44  0.52  0.63  0.84  0.81  0.82  0.60  0.53
CALM     10.37  8.83  6.40  6.97  8.78  9.47 12.21 13.16 12.89 12.75 10.61 11.38
WILMINGTON    DE    0.390  DOVER         DE    0.332  ABERDEEN      MD    0.278
