 ALMA CAA AIRPORT GA                      9 211 0
 LATT=  31.53 LONG= -82.52 YEARS= 44. TYPE= 3
 ELEVATION =  200. TP5 = 3.04 TP6= 6.70
 MEAN P   0.43  0.46  0.52  0.48  0.40  0.46  0.42  0.47  0.40  0.38  0.35  0.46
 S DEV P  0.53  0.56  0.71  0.66  0.55  0.57  0.55  0.62  0.58  0.62  0.45  0.65
 SQEW  P  2.16  2.90  3.01  2.66  3.11  2.52  2.91  2.66  4.02  4.05  2.62  4.25
 P(W/W)   0.42  0.43  0.43  0.38  0.45  0.51  0.59  0.54  0.54  0.46  0.38  0.40
 P(W/D)   0.24  0.24  0.23  0.18  0.21  0.26  0.33  0.30  0.19  0.13  0.16  0.21
 TMAX AV 61.83 65.03 71.47 78.90 85.50 89.92 91.75 91.16 86.79 79.23 70.89 63.72
 TMIN AV 38.97 41.35 46.97 53.40 60.92 67.45 70.34 70.03 66.40 55.64 46.01 40.45
 SD TMAX 10.43  9.89  9.10  7.15  5.51  4.93  4.24  4.58  5.69  6.84  8.33  9.79
 SD TMIN 11.05 10.55  9.93  8.17  6.38  4.50  2.81  2.91  5.26  9.48 11.07 11.39
 SOL.RAD  253.  319.  402.  519.  569.  557.  524.  505.  421.  354.  292.  221.
 SD SOL   41.1  49.2  61.8  60.8  69.5  83.5  88.8 150.6  80.4  47.6  34.0  42.6
 MX .5 P  0.74  0.90  0.89  1.52  2.58  1.31  1.48  1.96  1.66  1.07  0.56  0.59
 DEW PT  41.85 42.85 46.15 53.77 62.13 68.43 71.40 71.09 67.81 57.85 48.19 41.83
Time Pk  0.448 0.577 0.658 0.756 0.785 0.803 0.834 0.858 0.877 0.914 0.956 1.000
% N       2.50  1.70  2.00  1.90  2.40  1.50  2.60  3.00  5.00  7.50  4.20  3.90
MEAN      3.24  3.16  3.31  3.51  3.41  3.65  3.24  3.80  3.75  3.81  3.34  3.42
STD DEV   1.11  1.27  1.30  1.41  1.38  1.33  1.29  1.71  1.42  1.54  1.31  1.33
SKEW      0.25  0.38  0.19  0.22  0.20 -0.33  0.11  0.73  0.69  0.44  0.35  0.35
% NNE     3.80  3.40  3.10  2.00  3.10  3.40  3.30  4.50 10.10 10.10  5.40  6.10
MEAN      3.16  3.62  3.33  3.66  3.65  3.68  3.37  3.39  4.68  4.29  3.84  3.40
STD DEV   1.25  1.38  1.25  1.25  1.39  1.26  1.35  1.27  1.85  1.79  1.27  1.35
SKEW      0.19 -0.07  0.04  0.35  0.39 -0.21  0.29  0.25  0.63  0.86  0.16  0.22
% NE      3.80  3.90  3.00  3.00  5.00  4.10  3.60  5.80 13.70 13.70  5.60  6.60
MEAN      2.94  3.24  2.77  3.41  3.41  2.87  2.89  3.56  3.71  3.83  3.46  3.29
STD DEV   1.15  1.34  1.11  1.32  1.18  1.14  1.16  1.55  1.50  1.76  1.32  1.25
SKEW      0.41  0.37  0.60  0.38  0.20  0.43  0.52  0.63  0.73  1.67  0.33  0.32
% ENE     3.70  4.40  3.10  2.80  3.00  3.00  3.20  4.50  5.80  6.80  2.90  3.80
MEAN      3.13  3.99  3.56  3.42  3.65  3.56  3.39  3.47  4.06  4.33  3.70  3.41
STD DEV   1.38  1.41  1.22  1.18  1.30  1.25  1.56  1.41  1.40  1.61  1.35  1.26
SKEW      0.40 -0.02 -0.04  0.56  0.02  0.35  0.63  0.08  0.54  0.46 -0.04  0.38
% E       2.60  4.00  2.80  3.30  3.40  4.20  5.00  4.30  5.60  4.20  3.20  3.50
MEAN      3.32  3.31  3.41  3.25  3.48  3.45  3.60  3.16  3.60  3.78  3.32  3.25
STD DEV   1.36  1.26  1.32  1.36  1.28  1.31  1.56  1.44  1.40  1.40  1.29  1.15
SKEW      0.35  0.15  0.38  0.43  0.31  0.18  0.87  0.34  0.50  0.22  0.51  0.36
% ESE     3.70  4.60  4.70  7.00  5.90  6.40  6.00  5.80  4.20  3.20  2.90  3.80
MEAN      3.27  3.55  3.88  4.00  3.97  3.96  3.46  3.32  4.01  3.77  3.76  3.55
STD DEV   1.49  1.32  1.42  1.41  1.42  1.38  1.60  1.34  1.66  1.44  1.34  1.31
SKEW      0.71  0.01  0.14  0.48  0.16 -0.02  0.81  0.37  1.10  0.33 -0.11  0.19
% SE      3.10  4.00  4.00  7.80  7.10  6.20  6.70  6.00  7.80  3.10  2.80  3.40
MEAN      3.23  3.93  3.94  4.02  3.45  3.45  3.39  3.30  3.72  3.63  3.53  3.79
STD DEV   1.39  1.61  1.50  1.56  1.30  1.28  1.41  1.32  1.47  1.41  1.30  1.87
SKEW      0.32  0.29  0.46  0.27  0.25  0.33  0.56  0.37  0.58  0.10  0.22  1.19
% SSE     5.00  5.00  4.70  8.10  6.10  5.50  7.60  4.60  3.80  1.80  3.00  3.60
MEAN      3.76  3.90  4.23  4.11  3.84  3.70  3.41  3.29  3.74  3.98  3.92  3.76
STD DEV   1.88  1.73  2.11  1.84  1.54  1.62  1.57  1.72  1.67  1.34  1.64  1.54
SKEW      0.81  0.47  1.16  0.74  0.47  0.51  0.52  0.98  0.88 -0.39  0.02  0.66
% S       3.80  4.40  4.40  4.90  4.40  5.40  7.10  5.00  3.40  1.70  2.90  3.80
MEAN      3.47  4.33  3.95  3.89  3.57  3.16  3.11  3.12  3.52  3.65  3.81  3.90
STD DEV   1.77  1.81  1.81  1.97  1.46  1.33  1.34  1.52  1.55  1.45  1.78  1.66
SKEW      0.77  0.44  0.82  0.68  0.06  0.45  0.54  1.05  0.57  0.06  0.48  0.66
% SSW     6.90  6.40  7.30  7.00  6.40  6.40  7.30  4.90  2.80  1.30  4.10  3.30
MEAN      4.43  4.68  4.60  4.69  4.01  3.64  3.55  3.59  3.72  3.97  4.34  4.67
STD DEV   1.74  1.85  1.92  2.38  1.52  1.36  1.49  1.78  1.50  1.39  1.67  2.28
SKEW      0.34  0.28  0.44  1.00  0.37  0.15  0.77  1.23  0.41  0.02  0.17  0.74
% SW      5.80  7.50  7.30  6.60  6.00  8.50  8.50  6.80  4.10  1.70  4.30  4.20
MEAN      4.14  4.57  4.54  4.37  3.79  3.43  3.58  3.22  3.38  3.65  3.77  3.88
STD DEV   1.76  1.98  1.97  2.07  1.66  1.45  1.47  1.35  1.37  1.45  1.67  1.88
SKEW      0.58  0.71  0.54  0.78  0.99  0.62  0.81  0.85  0.18  0.06  0.57  0.90
% WSW     5.90  6.00  7.30  7.00  7.00  8.70  7.10  6.40  2.30  1.80  4.60  4.50
MEAN      4.67  4.54  4.95  4.66  4.13  3.98  4.03  3.72  3.25  4.33  4.88  4.78
STD DEV   2.04  1.66  1.93  2.01  1.69  1.46  1.60  1.52  1.16  2.14  2.33  2.15
SKEW      0.43  0.11  0.32  0.65  0.57  0.27  0.24  0.68  0.22  0.81  0.62  1.19
% W       4.30  4.70  4.10  4.60  5.10  6.40  4.80  4.90  2.00  2.50  5.30  4.80
MEAN      4.82  4.45  4.26  4.42  4.01  4.01  3.73  3.76  3.27  4.09  4.75  4.39
STD DEV   2.21  2.05  1.97  1.84  1.88  1.75  1.44  1.49  1.49  1.76  2.07  1.76
SKEW      0.47  0.49  0.71  0.42  0.47  0.64  0.23  0.09  0.38  0.82  0.33  0.48
% WNW     9.40  9.80 11.20  8.60  7.10  7.10  3.80  5.00  2.90  4.80  7.70  7.60
MEAN      4.93  5.16  5.28  4.99  4.36  4.22  3.87  3.92  3.66  4.27  5.07  4.91
STD DEV   2.24  2.07  2.30  2.29  1.86  1.49  1.59  1.53  1.48  1.84  2.24  1.93
SKEW      0.92  0.71  0.67  0.63  0.68  0.15  0.13  0.40  0.52  0.51  0.72  0.45
% NW      7.20  6.50  6.40  4.10  3.50  2.70  2.30  2.90  2.70  6.10  6.00  6.20
MEAN      4.37  4.43  4.18  3.98  3.55  3.43  3.43  3.37  3.55  3.83  3.84  3.95
STD DEV   1.87  2.04  1.78  1.77  1.60  1.45  1.40  1.28  1.60  1.40  1.60  1.79
SKEW      0.51  0.72  0.62  0.29  0.39  0.04  0.19  0.41  0.56  0.14  0.46  0.93
% NNW     4.00  3.40  5.00  2.40  3.10  1.80  1.60  2.00  2.40  3.80  4.50  4.40
MEAN      3.62  3.60  3.83  3.81  3.45  3.71  3.22  3.60  3.55  3.71  4.02  3.67
STD DEV   1.30  1.45  1.56  1.32  1.30  1.36  1.32  1.15  1.46  1.52  1.61  1.41
SKEW     -0.06  0.12  0.37 -0.16  0.47 -0.07  0.27  0.08  0.55  0.60  0.41  0.11
CALM     24.50 20.40 19.60 18.90 21.40 18.80 19.60 23.70 21.40 25.80 30.70 26.60
ALMA          GA    1.000  VALDOSTA/MOODYGA    0.000  BRUNSWICK     GA    0.000
 APPLING 2NW GA                           9 311 0
 LATT=  33.57 LONG= -82.33 YEARS= 31. TYPE= 3
 ELEVATION =  370. TP5 = 2.74 TP6= 6.00
 MEAN P   0.49  0.51  0.55  0.54  0.47  0.46  0.41  0.46  0.44  0.59  0.45  0.46
 S DEV P  0.53  0.54  0.59  0.71  0.62  0.53  0.52  0.63  0.64  1.06  0.54  0.51
 SQEW  P  1.86  2.06  1.72  2.64  3.33  1.96  2.87  3.61  2.73  5.26  2.07  1.99
 P(W/W)   0.46  0.45  0.40  0.44  0.47  0.44  0.48  0.43  0.40  0.49  0.37  0.45
 P(W/D)   0.24  0.24  0.25  0.18  0.20  0.23  0.26  0.24  0.18  0.11  0.17  0.22
 TMAX AV 53.37 58.28 66.71 75.05 82.44 88.39 91.17 90.02 85.24 76.07 66.83 57.30
 TMIN AV 29.82 32.01 39.43 46.83 55.28 63.21 67.04 66.23 60.06 47.09 38.99 32.27
 SD TMAX 10.90 10.86 10.06  8.52  6.67  5.87  5.34  5.45  7.20  7.47  8.81 10.29
 SD TMIN 10.55 10.14  9.78  9.14  7.70  5.69  3.78  4.05  7.23  9.57 10.46 10.65
 SOL.RAD  224.  288.  375.  508.  559.  571.  551.  512.  426.  355.  271.  197.
 SD SOL   46.7  56.6  70.0  66.6  77.1  84.1  85.0 176.9  80.4  44.1  36.3  46.1
 MX .5 P  0.64  0.62  0.71  1.06  1.30  1.42  1.43  1.46  1.85  1.04  0.63  0.52
 DEW PT  35.99 36.53 41.40 49.73 59.67 65.80 69.80 69.47 64.47 53.47 42.80 35.73
Time Pk  0.546 0.651 0.705 0.779 0.799 0.811 0.839 0.855 0.870 0.903 0.938 1.000
% N       4.25  4.19  3.71  3.50  4.10  4.57  3.99  5.91  7.14  7.84  5.26  4.54
MEAN      2.97  3.12  3.05  3.28  3.00  2.88  2.67  2.81  2.77  2.95  2.77  2.87
STD DEV   1.45  1.42  1.38  1.58  1.39  1.28  1.15  1.38  1.17  1.35  1.28  1.31
SKEW      1.14  0.98  0.81  0.97  0.87  0.89  0.83  1.42  0.80  1.04  1.15  1.02
% NNE     2.80  2.96  2.28  2.00  2.81  3.24  2.42  3.75  5.66  5.79  3.33  3.62
MEAN      3.59  3.51  3.53  3.89  3.38  3.35  3.11  3.18  3.53  3.65  3.34  3.51
STD DEV   1.67  1.36  1.55  1.78  1.45  1.54  1.34  1.37  1.55  1.64  1.42  1.62
SKEW      0.84  0.32  0.49  0.75  0.60  0.94  0.96  0.99  0.84  0.74  0.69  0.78
% NE      7.74  9.32  7.62  5.69  7.70  8.67  7.05 10.40 15.39 15.50  8.80  9.42
MEAN      3.73  3.88  3.93  3.89  3.72  3.62  3.44  3.50  4.09  4.06  3.63  3.76
STD DEV   1.72  1.70  1.67  1.79  1.71  1.55  1.51  1.55  1.91  1.84  1.62  1.72
SKEW      0.76  0.48  0.42  0.62  0.79  0.54  0.70  0.67  0.84  0.58  0.53  0.72
% ENE     5.46  6.42  5.62  4.09  5.10  5.23  4.44  5.57  9.29  7.75  4.68  5.73
MEAN      4.07  4.38  4.15  3.98  3.91  3.78  3.55  3.68  4.27  4.17  3.77  4.08
STD DEV   1.73  1.71  1.71  1.71  1.69  1.56  1.47  1.60  1.79  1.72  1.61  1.70
SKEW      0.61  0.40  0.54  0.61  0.63  0.51  0.55  0.85  0.61  0.46  0.56  0.41
% E       4.51  4.53  4.89  4.59  5.78  6.37  5.57  5.95  7.86  5.59  3.89  4.24
MEAN      3.25  3.53  3.66  3.49  3.36  3.33  3.30  3.26  3.47  3.36  3.10  3.07
STD DEV   1.55  1.63  1.62  1.58  1.56  1.56  1.51  1.54  1.60  1.54  1.44  1.46
SKEW      0.83  0.79  0.59  0.71  0.74  0.80  0.69  0.90  0.75  0.61  0.74  0.75
% ESE     2.21  3.09  3.48  4.53  4.90  5.20  4.61  4.54  4.49  3.23  2.47  2.23
MEAN      2.98  3.39  3.69  3.69  3.56  3.62  3.41  3.25  3.51  3.23  3.07  2.99
STD DEV   1.28  1.44  1.60  1.59  1.44  1.48  1.41  1.34  1.61  1.43  1.33  1.30
SKEW      0.79  0.66  0.58  0.58  0.38  0.54  0.61  0.75  0.85  0.65  0.55  0.61
% SE      4.40  4.61  5.52  7.57  7.70  7.68  8.30  7.29  5.68  4.18  4.28  4.41
MEAN      2.83  3.12  3.34  3.50  3.15  3.14  3.09  2.99  2.98  2.74  2.79  2.84
STD DEV   1.31  1.47  1.64  1.66  1.37  1.37  1.35  1.30  1.31  1.19  1.30  1.38
SKEW      0.97  0.96  0.86  0.75  0.68  0.82  0.83  0.89  0.94  0.84  0.98  1.24
% SSE     2.69  3.19  3.58  5.03  4.19  4.33  5.15  4.48  3.12  2.07  2.95  2.78
MEAN      3.23  3.45  3.76  3.73  3.19  3.21  3.12  3.02  3.04  2.99  3.05  3.31
STD DEV   1.68  1.69  1.88  1.75  1.46  1.41  1.38  1.28  1.30  1.23  1.46  1.55
SKEW      1.03  0.88  0.98  0.89  0.78  0.92  0.96  0.99  0.80  0.56  1.04  0.66
% S       5.86  5.43  6.30  8.34  6.81  6.39  8.01  6.16  4.54  3.27  5.07  5.24
MEAN      3.62  3.73  3.89  3.78  3.20  3.09  3.04  2.86  2.80  2.97  3.13  3.41
STD DEV   2.00  1.90  1.95  1.83  1.45  1.47  1.41  1.30  1.27  1.56  1.61  1.84
SKEW      1.04  1.03  0.84  0.89  0.89  0.98  1.06  0.93  0.91  1.12  1.19  1.11
% SSW     4.18  4.47  4.63  5.90  4.35  4.43  5.80  3.94  2.43  1.68  3.43  3.60
MEAN      4.12  4.27  4.50  4.31  3.70  3.46  3.54  3.19  3.25  3.06  3.70  3.72
STD DEV   1.96  1.98  2.28  1.95  1.59  1.46  1.49  1.44  1.34  1.36  1.78  1.76
SKEW      0.68  0.66  0.95  0.74  0.70  0.63  0.68  0.93  0.50  0.72  0.84  0.80
% SW      7.69  7.93  7.83  9.41  8.22  7.87  9.98  7.24  4.05  3.91  7.32  7.34
MEAN      3.87  4.21  4.37  4.39  3.65  3.61  3.56  3.22  3.15  3.00  3.60  3.64
STD DEV   1.89  2.05  2.15  2.10  1.69  1.57  1.53  1.42  1.50  1.55  1.81  1.79
SKEW      0.69  0.65  0.77  0.66  0.73  0.66  0.62  0.73  0.87  0.94  0.73  0.73
% WSW     7.90  7.70  8.27  8.11  6.94  6.77  7.28  5.04  3.02  3.82  6.91  8.04
MEAN      4.37  4.79  5.01  5.22  4.17  4.00  3.81  3.55  3.47  3.60  4.23  4.34
STD DEV   1.92  2.09  2.44  2.38  1.74  1.60  1.50  1.51  1.60  1.77  1.97  1.90
SKEW      0.51  0.46  0.74  0.62  0.55  0.51  0.51  0.74  0.64  0.80  0.63  0.60
% W      11.77 10.22 10.65  9.26  7.96  7.30  7.04  5.65  4.10  5.71 10.25 10.57
MEAN      4.77  5.16  5.24  5.03  4.02  3.85  3.45  3.10  2.96  3.39  4.30  4.48
STD DEV   2.28  2.56  2.53  2.57  2.02  1.88  1.60  1.51  1.60  1.96  2.28  2.25
SKEW      0.40  0.54  0.39  0.55  0.58  0.63  0.66  0.77  0.96  0.99  0.56  0.57
% WNW     9.46  9.12  9.49  7.45  5.86  5.00  4.02  3.81  3.20  5.25  8.30  8.02
MEAN      5.15  5.62  5.81  5.67  4.42  4.20  3.63  3.19  3.30  3.92  4.90  5.05
STD DEV   2.30  2.46  2.60  2.56  2.01  1.92  1.66  1.48  1.63  2.01  2.44  2.39
SKEW      0.29  0.24  0.42  0.42  0.43  0.50  0.77  0.73  0.78  0.69  0.49  0.41
% NW      7.13  6.98  6.81  5.70  6.10  5.72  4.83  6.05  5.68  8.15  8.56  6.95
MEAN      3.67  3.86  4.12  3.88  3.24  3.27  2.90  2.85  2.81  2.99  3.41  3.40
STD DEV   1.81  1.91  2.21  2.01  1.65  1.60  1.39  1.34  1.35  1.50  1.90  1.74
SKEW      1.00  0.93  0.92  0.87  1.11  0.98  0.98  1.03  1.08  1.43  1.28  1.23
% NNW     3.41  3.19  3.15  2.78  3.39  3.27  2.64  3.87  4.41  5.54  4.07  3.70
MEAN      3.35  3.59  3.51  3.90  3.13  3.25  2.85  2.92  2.83  3.05  3.06  3.04
STD DEV   1.57  1.71  1.71  1.80  1.30  1.52  1.24  1.40  1.41  1.30  1.48  1.38
SKEW      0.80  0.66  0.98  0.52  0.81  0.78  1.00  1.03  1.22  0.96  1.28  1.21
CALM      8.46  6.52  6.08  6.05  8.04  7.95  8.93 10.37  9.90 10.62 10.42  9.62
AUGUSTA/BUSH  GA    0.561  ATHENS        GA    0.228  ANDERSON      SC    0.212
 ATLANTA WB AIRPORT GA                    9 451 0
 LATT=  33.65 LONG= -84.42 YEARS= 62. TYPE= 3
 ELEVATION =  980. TP5 = 2.70 TP6= 5.74
 MEAN P   0.41  0.45  0.50  0.48  0.41  0.38  0.41  0.38  0.43  0.42  0.41  0.41
 S DEV P  0.50  0.54  0.61  0.62  0.53  0.50  0.52  0.50  0.66  0.59  0.56  0.51
 SQEW  P  2.20  2.21  2.25  2.43  2.98  2.49  2.87  3.11  3.38  2.41  2.53  2.02
 P(W/W)   0.53  0.48  0.47  0.46  0.47  0.48  0.54  0.46  0.50  0.48  0.46  0.50
 P(W/D)   0.27  0.29  0.30  0.23  0.23  0.26  0.29  0.24  0.17  0.13  0.21  0.26
 TMAX AV 52.01 55.90 63.48 72.62 80.31 86.83 88.56 87.80 82.55 73.10 62.59 53.87
 TMIN AV 33.80 35.82 42.18 50.75 59.31 66.79 69.73 69.18 63.89 52.63 42.40 35.63
 SD TMAX 10.90 10.78 10.50  8.58  6.87  5.87  5.34  5.07  7.16  7.74  9.50 10.19
 SD TMIN 10.78  9.98  9.42  8.04  6.45  4.58  3.24  3.35  6.12  8.04  9.62  9.66
 SOL.RAD  217.  289.  379.  488.  534.  562.  533.  508.  417.  344.  267.  210.
 SD SOL   43.7  50.5  61.8  66.0  77.6  79.2  82.8 133.0  76.2  42.8  33.6  37.4
 MX .5 P  0.91  0.60  1.02  0.92  1.21  1.19  1.65  1.19  1.45  1.25  1.31  0.81
 DEW PT  34.00 34.00 39.00 48.00 57.00 65.00 68.00 67.00 62.00 51.00 40.00 34.00
Time Pk  0.553 0.657 0.721 0.783 0.805 0.822 0.850 0.868 0.886 0.918 0.947 1.000
% N       2.23  2.48  2.65  3.18  3.60  3.83  3.35  3.75  4.17  4.92  3.70  2.70
MEAN      3.55  3.54  3.53  3.76  3.23  3.17  2.90  2.67  3.05  3.24  3.25  3.06
STD DEV   1.58  1.80  1.64  1.70  1.42  1.44  1.22  1.12  1.37  1.53  1.75  1.35
SKEW      0.75  0.78  0.66  0.73  0.42  0.65  0.40  0.55  0.72  0.92  1.04  0.64
% NNE     1.07  1.27  1.32  1.07  1.62  2.07  1.75  2.72  2.65  2.65  1.67  1.31
MEAN      2.82  2.83  2.91  3.07  2.83  3.08  2.71  2.57  2.88  2.92  2.88  2.56
STD DEV   0.97  1.12  1.13  1.27  1.24  1.25  1.15  1.22  1.30  1.23  1.11  0.99
SKEW      0.69  0.33  0.16  0.20  0.55  0.62  0.50  0.97  0.59  0.63  0.22  0.57
% NE      2.52  3.00  2.80  2.30  3.90  4.55  4.32  6.55 10.02  8.37  4.47  3.48
MEAN      3.82  3.51  3.60  3.42  3.43  3.31  3.10  3.02  3.74  3.67  3.45  3.49
STD DEV   1.97  1.66  1.74  1.47  1.53  1.41  1.41  1.40  1.83  1.68  1.56  1.72
SKEW      0.85  0.44  0.69  0.54  0.43  0.50  0.61  0.57  0.91  0.74  0.62  0.65
% ENE     5.22  6.82  5.47  3.77  5.35  6.53  6.32  8.15 15.82 13.50  6.60  6.83
MEAN      4.53  4.70  4.60  4.30  3.95  3.85  3.74  3.69  4.40  4.30  4.09  4.26
STD DEV   1.84  1.85  1.92  1.81  1.61  1.48  1.44  1.51  1.74  1.78  1.65  1.78
SKEW      0.33  0.26  0.40  0.31  0.39  0.30  0.36  0.46  0.46  0.43  0.48  0.34
% E       8.45  9.10  8.05  7.03  7.03  7.90  7.45  9.25 13.33 11.68  9.05 10.46
MEAN      4.58  4.56  4.66  4.39  3.84  3.79  3.51  3.49  4.15  4.20  4.05  4.50
STD DEV   1.82  1.88  1.80  1.78  1.66  1.52  1.45  1.48  1.65  1.72  1.71  1.87
SKEW      0.30  0.27  0.25  0.34  0.44  0.46  0.44  0.52  0.56  0.47  0.52  0.42
% ESE     5.63  5.47  5.00  5.05  5.38  4.85  4.78  5.93  6.08  5.08  5.43  5.73
MEAN      4.10  4.28  4.26  4.10  3.72  3.55  3.51  3.16  3.63  3.73  3.79  3.97
STD DEV   1.60  1.64  1.80  1.62  1.51  1.36  1.36  1.31  1.44  1.41  1.60  1.53
SKEW      0.27  0.16  0.44  0.31  0.41  0.28  0.44  0.62  0.42  0.20  0.50  0.23
% SE      4.47  4.45  5.67  7.27  6.35  5.47  5.65  5.87  5.77  4.47  4.95  4.49
MEAN      3.63  3.69  4.09  4.03  3.53  3.19  3.03  2.85  3.37  3.35  3.57  3.51
STD DEV   1.72  1.67  1.76  1.85  1.49  1.34  1.32  1.13  1.50  1.46  1.57  1.59
SKEW      0.77  0.58  0.61  0.47  0.53  0.45  0.60  0.31  0.47  0.34  0.55  0.65
% SSE     3.20  2.87  3.78  4.23  3.90  3.55  4.42  3.83  2.95  2.07  3.27  2.92
MEAN      3.49  4.21  4.27  3.86  3.58  3.07  2.95  3.10  3.26  3.04  4.00  3.63
STD DEV   1.79  2.26  2.07  1.64  1.68  1.37  1.36  1.37  1.47  1.39  1.91  1.82
SKEW      0.92  1.04  0.80  0.42  0.77  0.62  0.70  0.68  0.44  0.50  0.67  0.84
% S       4.83  4.98  6.53  7.88  5.60  5.03  5.77  5.18  3.33  3.15  4.60  4.60
MEAN      4.03  4.23  4.37  3.92  3.58  3.12  3.20  2.86  2.99  3.12  3.79  3.84
STD DEV   1.92  2.12  2.14  1.86  1.67  1.34  1.51  1.21  1.48  1.53  1.79  2.00
SKEW      0.61  0.70  0.53  0.74  0.68  0.63  0.91  0.63  0.72  0.81  0.48  0.78
% SSW     3.95  3.80  4.38  5.58  4.17  3.50  4.47  3.43  1.97  1.47  2.78  3.31
MEAN      4.80  4.97  4.83  4.54  3.98  3.47  3.30  2.96  3.10  3.11  4.00  3.93
STD DEV   2.07  2.26  1.99  2.09  1.90  1.41  1.37  1.25  1.43  1.59  1.77  1.70
SKEW      0.40  0.53  0.41  0.57  0.65  0.29  0.52  0.50  0.64  0.73  0.41  0.31
% SW      6.02  6.55  7.10  8.52  7.82  7.15  8.85  5.80  3.75  2.60  4.32  5.99
MEAN      4.59  4.97  5.11  4.68  3.98  3.69  3.44  3.08  3.39  3.29  4.02  4.18
STD DEV   2.08  2.27  2.21  2.17  1.78  1.61  1.40  1.25  1.47  1.64  1.97  1.89
SKEW      0.47  0.54  0.43  0.60  0.60  0.64  0.55  0.34  0.41  0.83  0.54  0.49
% WSW     4.98  4.80  5.05  6.38  6.62  7.05  7.98  5.75  3.20  2.88  3.98  4.41
MEAN      4.54  5.22  4.97  4.83  4.21  4.00  3.68  3.25  3.45  3.78  4.01  4.33
STD DEV   1.89  2.18  2.07  2.15  1.72  1.49  1.40  1.20  1.41  1.64  1.77  1.83
SKEW      0.33  0.94  0.32  0.70  0.47  0.43  0.49  0.19  0.50  0.53  0.65  0.40
% W       7.28  6.95  7.78  7.60  9.30 10.45 10.68  8.03  4.45  5.10  7.05  7.58
MEAN      4.78  5.00  4.96  4.74  4.17  3.99  3.71  3.44  3.36  3.90  4.23  4.43
STD DEV   2.06  1.96  2.18  2.01  1.62  1.43  1.36  1.36  1.39  1.70  1.74  1.78
SKEW      0.60  0.52  0.66  0.49  0.48  0.43  0.45  0.44  0.37  0.63  0.63  0.53
% WNW    10.53  9.83  9.73  8.28  7.95  7.65  7.33  6.92  4.05  6.13  9.00  9.23
MEAN      5.71  5.92  5.88  5.53  4.62  4.04  3.86  3.55  3.79  4.26  5.15  5.23
STD DEV   2.30  2.15  2.55  2.28  1.72  1.45  1.25  1.35  1.43  1.75  2.13  2.16
SKEW      0.50  0.27  0.58  0.71  0.66  0.43  0.23  0.28  0.40  0.45  0.59  0.55
% NW     17.82 16.45 14.65 11.37 11.50 10.70  8.00  8.50  8.17 12.95 16.27 15.55
MEAN      5.62  5.67  5.55  5.16  4.39  3.93  3.51  3.53  3.80  4.34  5.02  5.22
STD DEV   2.33  2.20  2.29  2.14  1.75  1.52  1.36  1.48  1.60  1.83  2.07  2.07
SKEW      0.16  0.26  0.47  0.39  0.49  0.45  0.36  0.47  0.60  0.51  0.46  0.44
% NNW     9.15  8.73  7.95  7.35  6.38  5.88  4.30  5.47  5.75  8.33  8.83  8.15
MEAN      5.42  5.29  5.17  5.28  4.27  3.88  3.55  3.36  3.70  4.14  4.89  4.96
STD DEV   2.10  2.14  2.15  2.14  1.69  1.55  1.40  1.39  1.52  1.81  2.07  2.03
SKEW      0.25  0.28  0.37  0.31  0.36  0.38  0.41  0.43  0.59  0.54  0.45  0.50
CALM      2.53  2.43  2.13  3.03  3.48  3.80  4.43  5.00  4.50  4.65  4.03  3.28
ATLANTA       GA    1.000  ROME/RUSSEL   GA    0.000  MACON         GA    0.000
 BROOKLET 1 W GA                          91266 0
 LATT=  32.38 LONG= -81.68 YEARS= 62. TYPE= 3
 ELEVATION =  190. TP5 = 3.01 TP6= 6.45
 MEAN P   0.43  0.48  0.47  0.51  0.44  0.48  0.49  0.54  0.56  0.47  0.44  0.42
 S DEV P  0.49  0.54  0.50  0.59  0.51  0.57  0.57  0.71  0.77  0.58  0.58  0.47
 SQEW  P  2.41  2.28  2.04  2.35  2.35  2.88  2.33  3.41  3.04  2.30  2.96  2.62
 P(W/W)   0.40  0.38  0.40  0.35  0.46  0.49  0.50  0.47  0.45  0.38  0.31  0.37
 P(W/D)   0.20  0.22  0.23  0.18  0.20  0.25  0.30  0.26  0.18  0.11  0.14  0.19
 TMAX AV 60.95 64.25 71.08 79.29 85.59 90.29 92.01 90.94 86.61 78.84 70.32 62.50
 TMIN AV 38.87 40.70 46.52 53.61 61.23 67.47 70.16 69.66 65.64 55.22 45.98 39.80
 SD TMAX 10.80 10.17  9.62  7.39  6.15  5.60  4.95  4.89  6.33  6.86  8.79 10.20
 SD TMIN 10.67 10.32  9.45  7.63  5.94  4.39  2.94  3.10  5.42  8.68 10.39 10.43
 SOL.RAD  245.  307.  388.  518.  562.  572.  539.  513.  420.  354.  286.  215.
 SD SOL   41.4  51.6  65.6  61.3  73.2  80.5  85.9 153.2  81.0  45.9  33.5  42.4
 MX .5 P  0.63  0.73  0.64  1.48  1.59  1.33  1.69  1.57  1.82  1.35  0.52  0.64
 DEW PT  39.66 40.38 44.13 52.31 61.41 67.60 71.06 70.88 66.41 55.94 45.66 38.85
Time Pk  0.507 0.634 0.705 0.780 0.804 0.819 0.845 0.872 0.887 0.920 0.957 1.000
% N       4.48  3.67  3.21  2.96  3.69  3.54  3.06  4.92  7.01  8.68  6.07  5.00
MEAN      3.28  3.42  3.46  3.60  3.47  3.19  2.93  3.21  3.19  3.53  3.20  3.31
STD DEV   1.39  1.47  1.55  1.54  1.58  1.29  1.29  1.53  1.33  1.53  1.40  1.47
SKEW      0.68  0.57  0.81  0.55  0.76  0.62  0.97  1.21  0.89  0.69  0.91  0.89
% NNE     4.69  4.33  2.95  2.37  3.83  4.49  3.54  5.99 11.07 12.18  7.30  5.81
MEAN      3.45  3.80  3.70  3.73  3.70  3.48  3.11  3.42  3.98  4.10  3.69  3.60
STD DEV   1.42  1.55  1.48  1.49  1.56  1.37  1.29  1.36  1.60  1.72  1.51  1.53
SKEW      0.53  0.32  0.31  0.41  0.72  0.44  0.68  0.66  0.57  0.61  0.55  0.51
% NE      6.29  6.50  4.76  3.71  5.49  5.70  4.95  6.95 14.52 13.65  7.53  8.30
MEAN      3.56  3.90  3.64  3.73  3.66  3.45  3.25  3.66  4.12  4.07  3.66  3.73
STD DEV   1.44  1.60  1.51  1.55  1.56  1.48  1.45  1.59  1.75  1.77  1.58  1.53
SKEW      0.40  0.33  0.44  0.44  0.57  0.56  0.67  0.67  0.55  0.80  0.50  0.42
% ENE     4.58  5.06  4.37  3.87  4.43  4.55  3.91  4.93  7.80  6.76  4.59  4.46
MEAN      3.69  4.20  3.96  3.78  3.76  3.69  3.46  3.56  4.02  4.01  3.63  3.63
STD DEV   1.54  1.62  1.58  1.56  1.54  1.56  1.57  1.52  1.63  1.62  1.50  1.57
SKEW      0.51  0.36  0.40  0.59  0.50  0.67  0.71  0.66  0.63  0.50  0.46  0.55
% E       3.39  4.23  4.38  4.87  5.13  5.31  4.72  4.71  6.63  4.83  3.87  3.64
MEAN      3.28  3.59  3.72  3.75  3.72  3.79  3.64  3.44  3.68  3.62  3.20  3.14
STD DEV   1.40  1.46  1.62  1.69  1.54  1.67  1.67  1.59  1.61  1.52  1.39  1.34
SKEW      0.50  0.40  0.47  0.61  0.52  0.44  0.72  0.63  0.74  0.43  0.73  0.90
% ESE     3.25  3.94  4.71  6.16  6.20  6.18  5.60  5.07  5.48  3.43  3.51  3.24
MEAN      3.15  3.52  3.92  4.01  3.83  3.70  3.52  3.41  3.65  3.40  3.33  3.12
STD DEV   1.35  1.36  1.57  1.58  1.53  1.49  1.49  1.40  1.48  1.44  1.36  1.23
SKEW      0.76  0.32  0.41  0.44  0.38  0.52  0.52  0.47  0.70  0.57  0.51  0.58
% SE      3.49  4.36  5.17  7.98  7.53  7.50  7.65  6.92  6.30  3.64  3.59  3.79
MEAN      2.93  3.44  3.61  3.79  3.44  3.39  3.30  3.15  3.30  3.09  3.10  3.14
STD DEV   1.25  1.52  1.56  1.60  1.37  1.41  1.35  1.23  1.39  1.22  1.30  1.34
SKEW      0.77  0.66  0.61  0.61  0.51  0.80  0.68  0.57  0.95  0.42  0.65  0.86
% SSE     3.77  4.65  5.27  8.05  6.98  6.62  7.37  6.46  3.99  2.32  3.37  3.61
MEAN      3.58  3.81  4.13  3.93  3.58  3.45  3.39  3.23  3.31  3.27  3.41  3.54
STD DEV   1.64  1.71  1.88  1.64  1.44  1.46  1.43  1.36  1.43  1.17  1.53  1.65
SKEW      0.79  0.69  0.81  0.60  0.61  0.63  0.71  0.93  0.84  0.33  0.67  0.79
% S       5.46  6.26  7.29  7.52  6.46  6.88  8.41  6.71  3.75  2.57  4.32  5.14
MEAN      3.71  4.10  4.14  4.02  3.49  3.24  3.20  2.97  3.12  3.16  3.45  3.78
STD DEV   1.75  1.86  1.84  1.82  1.44  1.39  1.33  1.28  1.35  1.33  1.64  1.77
SKEW      0.65  0.69  0.62  0.57  0.65  0.78  0.80  0.77  0.79  0.79  0.86  0.78
% SSW     5.14  5.27  5.61  6.48  6.12  6.43  8.31  6.10  3.10  1.91  3.79  3.83
MEAN      4.04  4.14  4.21  4.21  3.56  3.37  3.39  3.13  3.26  3.20  3.72  3.93
STD DEV   1.73  1.78  1.89  1.94  1.40  1.31  1.29  1.31  1.27  1.25  1.63  1.83
SKEW      0.58  0.56  0.75  0.85  0.68  0.63  0.55  0.91  0.51  0.41  0.78  0.81
% SW      7.08  7.75  7.47  8.37  8.13  9.24 11.42  8.77  3.96  3.23  5.79  5.68
MEAN      3.87  4.25  4.25  4.14  3.49  3.39  3.44  3.10  3.12  3.14  3.54  3.62
STD DEV   1.75  1.89  1.98  1.83  1.49  1.32  1.33  1.25  1.30  1.38  1.67  1.69
SKEW      0.74  0.76  0.69  0.64  0.80  0.52  0.72  0.70  0.66  0.65  0.96  0.76
% WSW     7.72  7.38  7.79  7.77  7.15  7.82  8.38  6.25  2.98  3.62  6.19  7.46
MEAN      4.27  4.51  4.73  4.57  3.84  3.76  3.66  3.36  3.13  3.54  4.17  4.15
STD DEV   1.85  1.97  2.14  2.02  1.58  1.40  1.39  1.33  1.27  1.64  1.96  1.82
SKEW      0.70  0.78  0.63  0.64  0.62  0.41  0.38  0.55  0.58  0.93  0.72  0.90
% W       9.17  9.03  8.53  7.32  6.54  6.31  5.82  5.17  2.97  4.90  7.92  9.30
MEAN      4.73  4.94  4.95  4.88  4.01  3.86  3.67  3.28  3.16  3.65  4.43  4.41
STD DEV   2.26  2.47  2.36  2.30  1.86  1.69  1.53  1.41  1.45  1.85  2.19  2.14
SKEW      0.60  0.68  0.56  0.44  0.62  0.60  0.46  0.67  0.64  1.05  0.72  0.71
% WNW    10.42  9.44 10.45  7.33  5.89  4.99  3.21  3.61  3.01  4.99  8.16  8.76
MEAN      5.15  5.56  5.47  5.29  4.18  4.07  3.60  3.35  3.44  3.97  4.88  4.95
STD DEV   2.28  2.37  2.42  2.40  1.85  1.74  1.60  1.50  1.66  1.96  2.28  2.27
SKEW      0.54  0.46  0.49  0.46  0.56  0.52  0.57  0.72  0.74  0.89  0.57  0.51
% NW      7.07  6.48  6.44  4.25  4.30  3.40  2.53  3.48  3.50  6.52  6.86  6.52
MEAN      4.07  4.28  4.22  4.13  3.43  3.21  3.08  3.02  3.07  3.37  3.73  3.83
STD DEV   1.89  2.05  1.93  1.89  1.55  1.40  1.39  1.45  1.48  1.47  1.77  1.81
SKEW      0.65  0.69  0.63  0.56  0.65  0.50  0.62  1.09  0.92  0.72  0.78  0.81
% NNW     4.09  3.46  3.65  2.70  3.08  2.53  2.10  3.05  3.49  5.42  4.63  4.48
MEAN      3.67  3.86  3.86  3.92  3.32  3.28  3.11  3.32  3.05  3.53  3.41  3.54
STD DEV   1.52  1.64  1.71  1.65  1.35  1.41  1.48  1.65  1.35  1.60  1.47  1.54
SKEW      0.49  0.43  0.71  0.38  0.49  0.88  0.88  1.00  0.97  0.88  0.82  0.83
CALM      9.90  8.20  7.88  8.28  9.02  8.55  9.06 10.94 10.43 11.42 12.57 11.01
SAVANNAH      GA    0.526  AUGUSTA/BUSH  GA    0.247  ALMA          GA    0.227
 BRUNSWICK GA                             91340 0
 LATT=  31.15 LONG= -81.50 YEARS= 62. TYPE= 4
 ELEVATION =   10. TP5 = 3.24 TP6= 7.43
 MEAN P   0.39  0.44  0.49  0.49  0.46  0.53  0.54  0.60  0.69  0.54  0.35  0.38
 S DEV P  0.49  0.53  0.56  0.65  0.61  0.70  0.70  0.82  1.06  0.90  0.60  0.52
 SQEW  P  2.23  2.54  1.98  2.50  2.99  3.13  2.32  2.96  3.24  4.61  4.63  2.83
 P(W/W)   0.37  0.41  0.38  0.36  0.46  0.51  0.55  0.52  0.56  0.48  0.33  0.40
 P(W/D)   0.19  0.21  0.20  0.16  0.17  0.24  0.30  0.29  0.24  0.13  0.15  0.18
 TMAX AV 63.98 66.32 71.86 78.57 84.92 89.67 91.76 90.96 86.92 79.77 71.91 65.22
 TMIN AV 42.87 44.70 50.48 57.47 64.90 70.84 72.94 73.01 70.14 60.95 51.62 44.87
 SD TMAX  9.65  9.31  8.47  6.63  5.43  5.15  4.23  4.45  5.04  6.09  7.59  9.12
 SD TMIN 10.01  9.37  8.67  7.08  5.46  3.62  2.60  2.57  4.34  7.76  9.46  9.78
 SOL.RAD  259.  326.  401.  510.  567.  544.  517.  501.  423.  353.  294.  227.
 SD SOL   41.6  49.0  63.9  64.9  70.0  87.2  90.9 153.0  80.9  49.9  35.7  43.1
 MX .5 P  0.80  0.98  1.33  1.84  3.54  1.13  1.65  2.13  1.71  1.34  0.92  0.72
 DEW PT  43.14 43.99 47.29 54.35 63.02 69.02 71.70 71.70 68.97 59.29 49.61 43.08
Time Pk  0.441 0.581 0.652 0.743 0.764 0.779 0.814 0.840 0.855 0.895 0.938 1.000
% N       6.62  4.84  3.85  2.89  3.59  2.96  2.22  4.32  7.38 10.91  8.30  6.85
MEAN      3.00  3.04  3.28  3.22  2.77  2.75  2.33  2.72  2.85  3.08  2.84  3.09
STD DEV   1.40  1.41  1.45  1.55  1.44  1.35  1.04  1.43  1.42  1.48  1.32  1.40
SKEW      0.37  0.39  0.31  0.54  0.60  0.77  0.52  0.89  0.82  0.72  0.60  0.45
% NNE     5.87  4.97  2.78  2.06  2.59  3.02  1.52  3.19  7.39 11.47  7.64  6.88
MEAN      3.55  3.87  3.85  3.54  3.40  3.54  3.04  3.44  3.88  4.27  3.60  3.60
STD DEV   1.66  1.78  1.94  1.66  1.79  1.95  1.65  1.80  1.80  2.01  1.68  1.71
SKEW      0.40  0.57  0.47  0.13  0.59  0.82  0.77  0.61  0.39  0.50  0.56  0.48
% NE      8.78  8.02  5.91  4.47  4.96  5.30  2.48  5.48 13.21 13.37 10.06  9.67
MEAN      3.61  4.35  4.13  4.08  4.29  4.20  3.44  3.79  4.42  4.26  3.75  4.05
STD DEV   1.76  2.04  2.11  2.10  2.06  2.02  1.83  1.84  2.01  2.11  1.89  2.14
SKEW      0.57  0.42  0.57  0.34  0.52  0.29  0.58  0.44  0.47  0.58  0.63  0.73
% ENE     4.07  4.55  4.92  4.60  4.30  4.57  2.65  3.80  7.90  6.81  4.64  3.24
MEAN      3.32  3.77  4.14  4.02  4.14  4.03  3.59  3.86  4.12  3.84  3.61  2.97
STD DEV   1.55  1.75  1.86  2.02  1.94  1.93  1.73  1.82  1.79  1.83  1.79  1.36
SKEW      0.40  0.68  0.32  0.35  0.23  0.51  0.37  0.44  0.26  0.55  0.63  0.61
% E       2.92  3.22  4.39  5.17  6.15  6.15  4.12  4.80  8.49  5.54  3.37  2.83
MEAN      2.70  2.97  3.31  3.08  3.37  3.48  3.30  2.99  3.26  3.25  2.75  2.63
STD DEV   1.26  1.40  1.64  1.64  1.73  1.65  1.72  1.53  1.52  1.64  1.36  1.31
SKEW      0.52  0.54  0.48  0.70  0.66  0.60  0.88  0.80  0.47  0.60  0.75  0.92
% ESE     1.27  1.67  2.35  3.81  4.97  4.62  2.71  3.03  4.40  2.27  1.70  1.19
MEAN      2.20  2.66  3.04  3.27  3.38  3.34  3.15  3.01  3.26  3.12  2.66  2.35
STD DEV   0.99  1.14  1.34  1.44  1.59  1.31  1.64  1.20  1.67  1.45  1.25  1.03
SKEW      0.84  0.25  0.25  0.36  0.42  0.30  0.76  0.20  0.92  0.54  0.51  0.50
% SE      1.84  2.97  3.73  6.88  8.26  8.03  6.87  6.02  4.88  2.45  2.61  2.37
MEAN      2.47  3.06  3.28  3.56  3.57  3.35  3.58  3.34  3.23  3.05  2.65  2.46
STD DEV   1.14  1.44  1.53  1.60  1.62  1.40  1.54  1.38  1.66  1.50  1.34  1.17
SKEW      0.33  0.36  0.42  0.49  0.39  0.23  0.26  0.10  0.97  0.48  0.99  0.77
% SSE     2.38  4.91  6.09  8.90  8.23  7.33  6.91  5.49  3.69  1.90  2.00  2.82
MEAN      3.33  3.47  3.94  4.20  4.10  3.90  3.76  3.61  3.41  3.28  3.08  3.26
STD DEV   1.60  1.61  1.67  1.70  1.60  1.56  1.47  1.32  1.43  1.49  1.41  1.35
SKEW      0.46  0.61  0.46  0.20  0.21  0.59  0.17  0.03  0.42  0.34  0.71  0.20
% S       5.29  7.25  7.78  8.70  9.23  8.43  9.81  7.70  3.87  2.29  3.81  5.67
MEAN      3.35  3.61  3.68  3.96  3.64  3.39  3.28  3.04  3.23  3.08  3.30  3.44
STD DEV   1.65  1.82  1.78  1.89  1.53  1.51  1.50  1.35  1.51  1.33  1.57  1.58
SKEW      0.36  0.68  0.51  0.49  0.27  0.53  0.63  0.62  0.55  0.21  0.59  0.55
% SSW     3.99  4.29  4.53  5.33  4.83  5.91  8.40  6.02  2.55  1.54  2.72  3.48
MEAN      3.46  3.83  3.82  3.93  3.34  3.10  2.92  2.95  3.01  3.11  3.71  3.72
STD DEV   1.55  1.78  1.80  1.88  1.32  1.31  1.29  1.35  1.19  1.24  1.48  1.69
SKEW      0.36  0.62  0.54  0.66  0.14  0.51  0.68  0.59  0.35  0.28  0.27  0.47
% SW      5.24  5.74  6.14  6.73  6.36  8.14 10.72  8.47  3.46  2.59  3.76  4.38
MEAN      3.76  3.74  3.68  3.74  3.33  2.99  2.82  2.92  3.05  2.71  3.31  3.32
STD DEV   1.78  1.83  1.87  1.87  1.57  1.26  1.26  1.28  1.38  1.19  1.52  1.54
SKEW      0.47  0.62  0.62  0.77  0.61  0.55  0.63  0.57  0.49  0.53  0.41  0.52
% WSW     4.38  5.37  5.96  6.19  4.89  5.56  7.72  5.49  2.13  2.09  3.69  4.27
MEAN      3.66  3.73  3.70  3.82  3.43  3.08  2.91  2.89  2.61  3.02  3.49  3.23
STD DEV   1.85  2.15  1.74  1.91  1.55  1.44  1.31  1.21  1.24  1.52  1.79  1.68
SKEW      0.61  1.27  0.54  0.78  0.54  0.53  0.59  0.43  0.69  0.76  0.69  1.05
% W       9.43 10.37  9.79  8.98  7.37  7.76  9.10  6.77  3.93  4.80  8.82  8.74
MEAN      3.41  3.77  4.02  3.69  3.00  2.96  2.72  2.57  2.48  2.69  3.22  3.10
STD DEV   1.98  2.38  2.24  2.07  1.53  1.43  1.23  1.23  1.35  1.49  2.02  1.77
SKEW      0.72  1.05  0.57  0.61  0.70  0.56  0.50  0.79  1.00  0.91  1.25  1.04
% WNW     7.86  8.21  7.36  4.75  3.47  2.70  3.15  2.53  2.06  3.54  6.05  6.70
MEAN      3.87  4.41  4.65  3.97  3.12  2.80  2.79  2.62  2.64  2.90  3.84  3.65
STD DEV   1.92  2.28  2.27  1.92  1.62  1.23  1.36  1.18  1.40  1.47  2.22  1.87
SKEW      0.50  0.59  0.41  0.49  0.90  0.48  0.75  0.53  0.90  0.84  0.93  0.45
% NW      7.69  6.67  6.61  4.20  3.41  2.50  2.50  2.58  2.11  4.63  6.04  7.32
MEAN      3.53  3.93  3.80  3.67  3.00  2.67  2.78  2.60  2.60  2.79  3.24  3.37
STD DEV   1.74  1.80  1.97  1.74  1.55  1.20  1.48  1.20  1.26  1.37  1.57  1.77
SKEW      0.65  0.50  0.78  0.44  0.91  0.47  0.86  0.81  0.69  0.76  0.60  0.89
% NNW     4.35  3.96  4.10  2.64  2.58  1.73  1.27  1.90  2.40  4.09  4.23  3.80
MEAN      3.30  3.34  3.61  3.48  3.01  2.56  2.59  2.92  2.70  3.04  3.01  3.05
STD DEV   1.57  1.51  1.72  1.48  1.37  1.22  1.30  1.60  1.29  1.44  1.38  1.46
SKEW      0.52  0.62  0.70  0.36  0.60  0.64  0.83  1.20  0.53  0.75  0.51  0.54
CALM     18.17 13.12 13.54 13.71 14.75 15.38 17.81 22.33 20.29 19.78 20.57 19.79
BRUNSWICK     GA    0.930  ALMA          GA    0.036  SAVANNAH      GA    0.034
 CORNELIA GA                              92283 0
 LATT=  34.52 LONG= -83.53 YEARS= 44. TYPE= 3
 ELEVATION = 1500. TP5 = 2.56 TP6= 5.67
 MEAN P   0.53  0.57  0.59  0.55  0.45  0.44  0.51  0.46  0.52  0.54  0.50  0.49
 S DEV P  0.62  0.62  0.76  0.62  0.55  0.57  0.63  0.64  0.71  0.67  0.62  0.54
 SQEW  P  2.42  2.09  2.66  2.11  3.05  2.67  2.25  3.30  2.72  2.22  2.36  1.69
 P(W/W)   0.53  0.48  0.48  0.49  0.51  0.52  0.54  0.48  0.52  0.51  0.49  0.49
 P(W/D)   0.24  0.26  0.27  0.22  0.22  0.24  0.26  0.24  0.19  0.13  0.21  0.25
 TMAX AV 50.04 54.17 61.77 71.01 77.58 83.33 85.89 85.08 79.10 70.42 60.62 52.05
 TMIN AV 29.70 31.79 37.96 45.58 53.42 60.53 64.37 63.62 57.90 46.42 38.03 31.69
 SD TMAX 10.10 10.09  9.71  8.35  6.59  5.83  5.64  5.23  6.80  7.48  9.02  9.43
 SD TMIN 10.93 10.34  9.82  8.93  7.61  5.70  3.91  3.87  6.70  9.48 10.29 10.64
 SOL.RAD  193.  269.  356.  470.  529.  561.  536.  493.  415.  330.  242.  191.
 SD SOL   48.6  54.9  68.9  73.1  82.1  83.4  85.1 170.5  77.7  45.6  38.7  40.3
 MX .5 P  0.52  0.46  0.76  1.09  1.28  1.15  1.46  1.07  1.34  0.80  0.90  0.63
 DEW PT  32.09 32.88 37.66 46.88 57.13 64.55 67.84 66.84 61.17 50.62 39.23 32.88
Time Pk  0.551 0.640 0.688 0.752 0.771 0.784 0.813 0.834 0.854 0.893 0.935 1.000
% N       4.30  4.59  4.14  3.75  4.29  4.58  4.32  4.49  4.80  6.01  4.75  4.49
MEAN      4.32  3.99  3.86  4.07  3.64  3.41  3.31  3.18  3.19  3.55  3.92  3.90
STD DEV   2.07  1.68  1.76  1.69  1.59  1.34  1.24  1.21  1.23  1.43  1.71  1.68
SKEW      1.26  0.83  1.22  1.10  0.93  0.91  0.70  1.09  0.75  0.87  1.08  0.84
% NNE     1.78  1.92  1.57  1.54  1.99  2.48  1.94  2.67  3.70  3.31  2.11  1.89
MEAN      3.54  3.35  3.43  3.63  3.30  3.07  2.96  3.02  3.26  3.19  3.26  3.32
STD DEV   1.77  1.34  1.55  1.65  1.44  1.15  1.08  1.24  1.52  1.37  1.47  1.47
SKEW      1.12  0.71  0.72  1.32  0.98  0.89  0.97  1.32  1.60  1.26  1.24  0.78
% NE      4.20  5.06  4.17  3.36  5.06  5.18  4.31  6.48  9.63  9.36  5.08  4.87
MEAN      3.62  3.39  3.53  4.15  3.48  3.27  3.26  3.19  3.53  3.71  3.30  3.35
STD DEV   1.63  1.29  1.39  2.07  1.47  1.24  1.27  1.28  1.53  1.68  1.24  1.30
SKEW      1.06  0.73  0.52  1.09  1.27  0.79  0.95  0.85  1.15  1.01  0.82  0.68
% ENE     5.13  5.20  5.44  3.58  5.02  5.05  4.40  5.38 10.15  9.16  4.79  6.10
MEAN      3.98  4.05  4.06  4.01  3.73  3.53  3.34  3.40  3.88  4.04  3.54  3.91
STD DEV   1.82  1.65  1.58  1.56  1.50  1.34  1.29  1.43  1.66  1.60  1.36  1.43
SKEW      0.96  1.09  0.60  0.79  0.83  0.68  0.72  1.04  0.77  0.67  0.71  0.73
% E       5.72  5.60  5.79  4.26  5.68  6.64  5.32  5.62  9.15  7.18  5.13  5.30
MEAN      3.64  3.81  4.09  3.91  3.62  3.38  3.32  3.19  3.57  3.64  3.67  3.62
STD DEV   1.50  1.58  1.61  1.51  1.41  1.35  1.28  1.24  1.46  1.47  1.52  1.48
SKEW      0.87  0.97  0.84  0.81  0.75  0.89  0.80  0.79  0.88  0.83  0.88  0.83
% ESE     2.94  3.29  3.94  3.20  3.77  3.64  3.12  3.19  4.23  3.52  2.67  3.08
MEAN      3.55  3.63  3.86  3.69  3.45  3.22  3.10  3.07  3.41  3.35  3.45  3.51
STD DEV   1.42  1.44  1.50  1.46  1.24  1.23  1.15  1.15  1.40  1.33  1.40  1.46
SKEW      0.72  0.98  0.77  0.87  0.52  0.90  0.90  1.11  1.07  0.91  0.92  0.99
% SE      2.83  3.18  3.74  4.51  4.84  4.26  4.17  3.84  4.17  3.35  3.08  3.06
MEAN      3.42  3.47  3.71  3.82  3.48  3.24  3.19  3.11  3.33  3.24  3.42  3.36
STD DEV   1.29  1.30  1.47  1.53  1.31  1.27  1.18  1.18  1.26  1.20  1.42  1.47
SKEW      0.66  0.94  0.67  0.78  0.79  1.02  0.87  1.04  0.87  0.71  0.88  1.21
% SSE     2.22  2.63  3.04  4.43  3.34  3.05  2.92  2.69  2.81  1.94  2.66  2.43
MEAN      3.55  3.57  3.88  4.07  3.51  3.23  3.17  2.99  3.29  3.55  3.53  3.39
STD DEV   1.65  1.40  1.79  1.84  1.37  1.27  1.19  1.04  1.34  1.60  1.43  1.26
SKEW      1.08  0.84  1.23  1.20  0.73  0.88  1.00  0.77  0.87  0.98  0.75  0.55
% S       4.63  4.64  5.52  7.96  6.33  5.13  5.99  4.65  4.14  3.11  4.82  4.97
MEAN      4.22  4.01  4.15  4.24  3.62  3.45  3.30  3.16  3.38  3.64  3.94  3.94
STD DEV   2.14  1.71  1.83  1.68  1.38  1.44  1.27  1.25  1.36  1.57  1.69  1.82
SKEW      1.10  0.80  0.86  0.80  0.80  1.07  1.00  0.78  0.70  0.87  0.88  0.87
% SSW     4.25  4.14  4.63  5.89  3.76  3.64  4.44  3.33  2.22  1.71  3.40  3.51
MEAN      4.62  4.66  4.53  4.56  3.85  3.68  3.63  3.32  3.35  3.46  4.16  4.18
STD DEV   2.15  2.18  2.09  1.98  1.52  1.47  1.49  1.39  1.36  1.45  1.78  1.80
SKEW      0.78  0.92  0.78  0.94  0.90  0.79  0.97  1.23  0.85  0.73  0.65  0.76
% SW      5.02  5.33  5.02  6.93  5.24  5.34  6.98  5.96  2.89  2.49  4.40  5.05
MEAN      4.26  4.17  4.22  4.53  3.77  3.45  3.55  3.33  3.31  3.28  3.74  3.82
STD DEV   1.92  1.96  2.09  2.08  1.62  1.47  1.44  1.30  1.41  1.37  1.75  1.71
SKEW      0.83  1.03  1.11  0.94  0.93  1.30  0.99  1.02  1.15  1.19  0.92  0.89
% WSW     4.73  5.07  4.55  6.13  4.72  4.55  6.00  4.08  2.42  2.61  4.24  5.28
MEAN      4.05  4.34  4.18  4.54  3.73  3.41  3.38  3.11  3.15  3.28  3.66  3.78
STD DEV   1.77  2.11  1.96  2.06  1.63  1.34  1.29  1.27  1.30  1.32  1.65  1.71
SKEW      0.93  1.19  0.91  0.72  0.97  1.03  0.97  1.43  0.90  0.82  0.96  1.24
% W       9.07  7.35  8.00  7.25  6.21  6.32  7.21  5.37  3.43  4.24  7.26  7.94
MEAN      4.17  4.40  4.77  4.44  3.60  3.32  3.18  3.02  2.98  3.29  3.81  4.06
STD DEV   1.84  2.06  2.18  2.17  1.56  1.32  1.17  1.15  1.27  1.46  1.71  1.89
SKEW      0.88  1.00  0.69  0.99  1.01  0.81  0.72  0.85  1.05  1.11  0.84  1.02
% WNW     9.97  9.84  9.43  7.91  6.58  5.58  5.41  4.23  3.59  5.56  8.31  8.70
MEAN      4.91  5.10  5.43  5.25  4.11  3.84  3.48  3.22  3.28  3.82  4.54  4.75
STD DEV   2.12  2.15  2.41  2.34  1.79  1.63  1.30  1.23  1.33  1.61  2.07  2.09
SKEW      0.60  0.54  0.48  0.59  0.86  0.76  0.71  0.95  0.84  0.80  0.70  0.56
% NW      9.57  9.98  9.43  7.32  7.10  7.02  5.69  6.44  5.42  8.31 10.21  8.77
MEAN      5.05  5.36  5.32  4.98  4.10  3.88  3.61  3.55  3.65  4.15  4.86  4.83
STD DEV   2.16  2.31  2.41  2.21  1.78  1.62  1.39  1.44  1.62  1.70  2.18  2.17
SKEW      0.57  0.49  0.68  0.70  1.00  0.91  0.83  0.99  0.95  0.83  0.84  0.70
% NNW     8.86  8.76  8.53  7.10  6.22  5.37  4.19  4.80  4.63  6.90  8.24  7.47
MEAN      5.06  5.05  4.94  5.03  4.13  3.72  3.52  3.47  3.80  4.19  4.66  4.83
STD DEV   2.18  2.21  2.33  2.22  1.72  1.60  1.26  1.38  1.71  1.76  2.00  2.12
SKEW      0.57  0.64  0.92  0.75  1.15  0.97  0.58  0.86  0.91  0.98  0.91  0.87
CALM     14.68 13.43 13.01 14.81 19.87 22.15 23.52 26.83 22.61 21.21 18.84 17.11
ATHENS        GA    0.483  MARIETTA/DOBB.GA    0.287  ASHEVILLE/MUN.NC    0.230
 DUBLIN GA                                92839 0
 LATT=  32.55 LONG= -82.92 YEARS= 62. TYPE= 3
 ELEVATION =  260. TP5 = 2.87 TP6= 6.11
 MEAN P   0.44  0.47  0.51  0.49  0.42  0.44  0.43  0.46  0.45  0.48  0.39  0.41
 S DEV P  0.56  0.57  0.62  0.60  0.52  0.59  0.48  0.59  0.60  0.69  0.52  0.52
 SQEW  P  4.27  2.74  2.54  2.37  2.53  3.08  2.15  2.52  3.01  2.81  3.10  3.12
 P(W/W)   0.47  0.44  0.44  0.40  0.43  0.43  0.52  0.49  0.44  0.45  0.38  0.44
 P(W/D)   0.24  0.26  0.25  0.19  0.21  0.24  0.28  0.25  0.18  0.11  0.18  0.24
 TMAX AV 59.39 62.81 70.16 78.55 86.03 91.73 93.09 92.52 88.04 79.40 69.65 61.14
 TMIN AV 36.02 37.60 43.74 51.03 59.23 66.48 69.46 68.45 63.43 51.54 41.93 36.55
 SD TMAX 10.89 10.45  9.81  7.74  6.30  5.36  4.89  4.80  6.70  7.14  8.99 10.26
 SD TMIN 11.13 10.57  9.83  8.40  6.73  5.06  3.38  3.77  6.39  9.35 10.65 10.70
 SOL.RAD  238.  300.  387.  522.  568.  576.  551.  520.  431.  364.  285.  206.
 SD SOL   43.4  53.7  65.7  60.0  70.7  78.7  81.3 147.0  77.3  42.2  33.8  45.1
 MX .5 P  0.69  0.78  0.73  1.25  1.22  1.58  1.29  1.50  1.64  0.92  0.55  0.53
 DEW PT  38.03 38.75 42.82 51.34 60.10 66.62 70.41 69.89 65.10 54.31 44.03 37.54
Time Pk  0.506 0.636 0.706 0.783 0.808 0.822 0.852 0.869 0.883 0.916 0.950 1.000
% N       4.72  4.35  4.36  3.83  4.97  4.28  3.58  5.31  7.06  9.29  6.54  5.68
MEAN      3.02  3.33  3.26  3.35  3.16  2.97  2.78  2.98  3.02  3.08  3.02  3.03
STD DEV   1.40  1.59  1.61  1.69  1.51  1.36  1.30  1.49  1.37  1.48  1.52  1.46
SKEW      0.74  0.65  0.64  0.70  0.69  0.60  0.77  0.91  0.80  0.91  0.98  0.79
% NNE     2.91  3.12  2.49  1.86  3.32  3.74  2.74  3.90  6.70  6.70  3.59  3.88
MEAN      3.23  3.50  3.26  3.33  3.36  3.27  3.02  3.12  3.76  3.63  3.37  3.27
STD DEV   1.44  1.60  1.39  1.52  1.53  1.51  1.35  1.45  1.69  1.73  1.45  1.51
SKEW      0.49  0.46  0.19  0.63  0.65  0.55  0.54  0.89  0.78  0.79  0.46  0.54
% NE      4.26  4.43  3.20  2.54  4.36  4.98  3.94  5.55 10.91  9.96  4.36  5.06
MEAN      3.23  3.37  3.23  3.38  3.22  3.09  2.99  3.21  3.74  3.69  3.41  3.24
STD DEV   1.40  1.46  1.39  1.67  1.47  1.46  1.39  1.51  1.81  1.84  1.56  1.41
SKEW      0.46  0.37  0.39  0.70  0.52  0.63  0.68  0.67  0.95  1.03  0.54  0.47
% ENE     3.44  4.18  3.05  2.50  3.51  4.45  3.53  4.30  6.91  6.05  2.86  3.25
MEAN      3.36  3.90  3.54  3.33  3.32  3.29  3.13  3.24  3.83  3.85  3.45  3.42
STD DEV   1.52  1.54  1.46  1.37  1.41  1.43  1.42  1.56  1.64  1.69  1.44  1.43
SKEW      0.46  0.38  0.25  0.52  0.44  0.55  0.50  0.68  0.64  0.58  0.38  0.35
% E       3.17  4.19  4.01  4.00  5.09  5.75  5.04  5.13  7.20  5.29  2.96  3.59
MEAN      3.08  3.41  3.36  3.26  3.10  3.03  3.10  2.90  3.36  3.32  2.94  2.96
STD DEV   1.44  1.51  1.52  1.54  1.40  1.42  1.51  1.40  1.60  1.53  1.37  1.33
SKEW      0.56  0.36  0.59  0.57  0.52  0.62  0.93  0.65  0.74  0.53  0.58  0.55
% ESE     2.84  3.39  3.83  5.25  5.12  5.29  4.68  4.58  4.29  2.96  2.67  2.85
MEAN      2.85  3.33  3.63  3.68  3.36  3.21  3.06  2.90  3.32  3.12  3.18  2.95
STD DEV   1.31  1.56  1.64  1.59  1.45  1.39  1.47  1.31  1.48  1.40  1.51  1.34
SKEW      0.68  0.55  0.46  0.42  0.45  0.44  0.80  0.64  0.69  0.50  0.54  0.55
% SE      3.86  4.07  4.57  7.14  6.63  6.34  6.93  6.19  5.84  3.49  3.59  3.83
MEAN      2.87  3.26  3.50  3.61  3.02  2.92  2.89  2.79  2.99  2.91  2.98  2.97
STD DEV   1.35  1.57  1.73  1.67  1.36  1.34  1.38  1.35  1.36  1.37  1.41  1.47
SKEW      0.80  0.74  0.75  0.53  0.57  0.70  0.80  0.95  0.75  0.76  0.65  0.90
% SSE     4.03  4.03  4.23  6.88  5.40  4.56  5.91  4.64  3.43  2.09  3.09  3.57
MEAN      3.15  3.53  3.71  3.54  3.17  3.05  2.93  2.92  3.00  3.09  3.12  3.34
STD DEV   1.55  1.76  1.93  1.75  1.45  1.50  1.47  1.53  1.39  1.22  1.47  1.66
SKEW      0.78  0.84  1.03  0.81  0.65  0.69  0.81  0.88  0.70  0.29  0.59  0.74
% S       4.89  5.16  5.60  6.70  4.73  4.74  7.13  5.36  3.24  1.97  3.85  4.72
MEAN      3.40  3.90  4.01  3.68  3.24  3.04  3.02  2.76  3.04  2.88  3.38  3.62
STD DEV   1.95  1.97  2.19  1.96  1.51  1.60  1.47  1.39  1.42  1.37  1.80  1.85
SKEW      0.95  0.87  0.87  0.83  0.46  0.91  0.74  0.89  0.70  0.63  0.93  0.72
% SSW     5.20  5.42  5.58  6.50  4.87  4.65  5.99  3.94  2.10  1.22  3.22  3.30
MEAN      4.18  4.33  4.40  4.18  3.70  3.32  3.31  3.16  3.16  3.12  3.98  4.04
STD DEV   1.94  2.00  2.27  1.96  1.66  1.54  1.50  1.50  1.40  1.33  1.91  2.05
SKEW      0.58  0.64  0.84  0.68  0.51  0.45  0.63  0.86  0.40  0.47  0.50  0.63
% SW      5.18  5.89  6.24  6.79  5.53  6.15  7.64  5.02  2.75  2.05  4.16  4.01
MEAN      4.03  4.40  4.30  4.29  3.71  3.49  3.38  3.01  3.18  3.17  3.90  3.82
STD DEV   2.06  2.14  2.08  2.04  1.70  1.62  1.55  1.36  1.43  1.38  2.03  1.88
SKEW      0.81  0.70  0.64  0.71  0.61  0.52  0.69  0.64  0.35  0.44  0.69  0.75
% WSW     4.99  5.17  5.85  6.25  5.35  6.17  6.27  4.56  1.97  1.94  4.05  4.70
MEAN      4.31  4.60  4.77  4.61  3.90  3.80  3.64  3.40  3.08  3.74  4.15  4.37
STD DEV   2.02  2.14  2.16  2.10  1.72  1.60  1.58  1.48  1.38  1.78  1.95  2.00
SKEW      0.69  0.52  0.44  0.63  0.52  0.29  0.46  0.50  0.41  0.47  0.55  0.68
% W       7.02  7.32  7.40  6.37  5.60  5.86  5.75  4.88  2.36  3.48  6.91  7.03
MEAN      4.70  4.71  4.81  4.82  4.01  3.88  3.46  3.25  3.02  3.83  4.58  4.42
STD DEV   2.25  2.38  2.36  2.30  1.97  1.81  1.60  1.52  1.45  2.04  2.26  2.10
SKEW      0.45  0.68  0.51  0.55  0.54  0.50  0.50  0.54  0.54  0.85  0.55  0.55
% WNW     8.10  7.76  8.89  6.57  5.03  4.33  3.40  3.44  2.37  3.93  6.70  6.73
MEAN      5.03  5.19  5.44  5.11  4.29  3.89  3.58  3.38  3.34  4.06  4.80  4.85
STD DEV   2.34  2.46  2.56  2.44  1.94  1.73  1.66  1.51  1.57  2.02  2.28  2.35
SKEW      0.57  0.58  0.51  0.50  0.53  0.35  0.42  0.61  0.48  0.45  0.51  0.56
% NW      8.46  8.12  7.70  5.56  4.77  3.58  3.08  3.79  3.85  6.43  7.96  7.95
MEAN      4.29  4.49  4.48  4.34  3.66  3.28  3.16  3.06  3.19  3.48  3.86  4.01
STD DEV   2.16  2.25  2.26  2.26  1.79  1.66  1.47  1.57  1.60  1.81  2.07  2.05
SKEW      0.66  0.63  0.67  0.62  0.55  0.63  0.53  1.02  0.79  0.86  0.83  0.77
% NNW     6.13  5.96  6.14  4.24  4.70  3.31  2.65  3.80  4.69  6.48  6.51  6.34
MEAN      3.71  3.93  4.00  3.81  3.37  3.21  2.91  2.98  2.96  3.20  3.65  3.60
STD DEV   1.76  1.86  1.95  1.77  1.60  1.56  1.41  1.34  1.49  1.59  1.87  1.78
SKEW      0.54  0.54  0.64  0.46  0.62  0.72  0.74  0.69  1.06  1.06  0.90  0.72
CALM     20.83 17.39 16.80 17.08 20.98 21.92 21.79 25.66 24.23 26.61 26.95 23.58
WARNER/ROBINS GA    0.489  ALMA          GA    0.263  AUGUSTA/BUSH  GA    0.247
 JASPER GA                                94648 0
 LATT=  34.47 LONG= -84.43 YEARS= 44. TYPE= 3
 ELEVATION = 1480. TP5 = 2.57 TP6= 5.32
 MEAN P   0.55  0.59  0.67  0.64  0.53  0.48  0.53  0.55  0.57  0.60  0.57  0.58
 S DEV P  0.58  0.60  0.81  0.72  0.57  0.50  0.54  0.65  0.65  0.66  0.54  0.60
 SQEW  P  2.26  2.15  2.68  2.74  2.41  2.20  1.83  3.41  2.21  1.95  1.47  2.84
 P(W/W)   0.46  0.43  0.39  0.41  0.44  0.45  0.49  0.42  0.43  0.40  0.41  0.43
 P(W/D)   0.25  0.25  0.27  0.21  0.22  0.21  0.24  0.19  0.17  0.13  0.20  0.24
 TMAX AV 49.25 53.55 61.29 70.68 78.01 84.17 86.87 86.17 80.55 71.18 60.67 51.69
 TMIN AV 30.67 32.60 39.23 46.98 54.93 61.80 65.35 64.63 59.16 48.19 39.67 33.18
 SD TMAX 10.57 10.52  9.87  8.63  6.87  5.65  5.18  4.98  6.78  7.76  9.29  9.61
 SD TMIN 11.62 11.05 10.07  8.91  7.16  5.47  3.87  3.65  6.59  9.26 10.45 11.23
 SOL.RAD  184.  260.  351.  466.  525.  557.  530.  491.  418.  330.  235.  183.
 SD SOL   48.3  53.9  65.1  68.4  76.3  77.4  79.8 126.9  71.3  42.5  38.4  40.4
 MX .5 P  0.65  0.52  0.84  1.03  1.25  1.22  1.71  1.05  1.16  0.81  0.83  0.68
 DEW PT  33.08 33.65 38.30 47.65 57.56 65.00 68.28 67.63 61.93 50.93 40.21 33.30
Time Pk  0.576 0.680 0.723 0.778 0.803 0.818 0.844 0.864 0.882 0.914 0.950 1.000
% N       4.57  4.75  4.01  3.41  3.70  4.13  3.70  4.37  4.44  5.11  4.13  4.15
MEAN      4.22  3.69  3.75  4.08  3.66  3.33  3.28  3.16  3.13  3.53  3.85  3.69
STD DEV   2.01  1.52  1.85  1.70  1.72  1.43  1.35  1.31  1.29  1.50  1.73  1.64
SKEW      0.94  0.53  1.30  0.89  0.88  0.87  0.57  0.82  0.53  0.66  0.88  0.78
% NNE     3.69  3.84  3.55  3.08  3.39  3.45  2.86  3.77  5.08  4.30  3.35  3.66
MEAN      3.46  3.14  3.33  3.84  3.44  3.03  2.96  3.02  3.28  3.19  3.30  3.20
STD DEV   1.68  1.30  1.44  1.85  1.62  1.13  1.19  1.28  1.57  1.49  1.52  1.36
SKEW      0.90  0.76  0.54  0.98  0.90  0.67  0.79  0.87  1.34  1.14  0.99  0.57
% NE      4.11  4.66  4.05  3.52  4.71  4.91  4.30  5.74  8.52  7.87  4.38  4.59
MEAN      3.41  3.11  3.30  4.09  3.41  3.16  3.16  3.10  3.39  3.56  3.11  3.13
STD DEV   1.58  1.28  1.40  2.14  1.55  1.29  1.35  1.43  1.55  1.82  1.21  1.32
SKEW      0.92  0.73  0.58  0.86  1.07  0.79  0.88  0.87  0.99  1.12  0.47  0.60
% ENE     4.23  4.34  4.68  3.13  4.29  4.38  3.91  4.64  8.36  8.07  3.57  4.80
MEAN      3.55  3.74  3.81  3.97  3.52  3.27  3.16  3.24  3.56  3.87  3.19  3.61
STD DEV   1.62  1.50  1.55  1.62  1.55  1.34  1.30  1.46  1.60  1.76  1.26  1.41
SKEW      0.80  0.63  0.58  0.72  0.94  0.73  0.61  0.92  0.78  0.86  0.62  0.84
% E       5.66  5.75  5.58  3.62  4.58  5.76  4.67  4.91  8.64  7.04  4.78  5.30
MEAN      3.39  3.59  3.76  3.80  3.35  3.23  3.22  3.09  3.37  3.46  3.32  3.41
STD DEV   1.43  1.48  1.46  1.55  1.34  1.40  1.27  1.35  1.47  1.55  1.36  1.48
SKEW      0.71  0.67  0.65  0.57  0.71  0.81  0.72  0.79  0.78  0.75  0.70  0.80
% ESE     2.85  2.98  3.54  2.49  3.25  3.01  2.82  2.67  3.80  3.21  2.42  3.04
MEAN      3.30  3.32  3.59  3.48  3.17  3.02  2.93  2.96  3.32  3.16  3.16  3.31
STD DEV   1.37  1.27  1.38  1.39  1.12  1.19  1.17  1.22  1.40  1.30  1.28  1.48
SKEW      0.57  0.76  0.57  0.65  0.29  0.64  0.87  1.04  0.85  0.82  0.65  0.83
% SE      2.41  2.30  2.64  3.43  3.56  3.53  3.81  3.34  3.56  2.51  2.35  2.26
MEAN      3.36  3.35  3.48  3.70  3.30  3.12  3.10  3.02  3.21  3.15  3.24  3.14
STD DEV   1.37  1.48  1.51  1.57  1.36  1.32  1.19  1.28  1.36  1.34  1.44  1.54
SKEW      0.84  1.27  0.85  0.75  0.78  0.85  0.67  0.96  1.10  0.77  0.79  1.28
% SSE     1.99  2.41  2.89  4.16  3.36  3.40  3.53  2.96  3.23  2.06  2.56  2.41
MEAN      3.63  3.68  4.06  4.26  3.51  3.15  3.09  2.97  3.33  3.49  3.57  3.36
STD DEV   1.81  1.54  2.17  1.98  1.48  1.30  1.21  1.12  1.48  1.69  1.53  1.43
SKEW      0.96  0.68  1.46  0.95  0.73  0.72  0.69  0.53  0.82  0.93  0.49  0.56
% S       6.50  6.17  7.14  9.79  7.77  6.57  7.83  5.72  5.18  4.10  5.95  6.40
MEAN      4.10  3.86  4.13  4.13  3.46  3.26  3.14  2.92  3.21  3.42  3.81  3.68
STD DEV   2.11  1.69  1.89  1.67  1.39  1.40  1.26  1.23  1.38  1.49  1.73  1.74
SKEW      0.89  0.64  0.80  0.59  0.78  0.77  0.74  0.60  0.70  0.69  0.70  0.78
% SSW     5.51  5.18  5.46  6.82  4.68  4.34  5.22  3.92  2.86  2.39  3.97  4.99
MEAN      4.27  4.37  4.26  4.34  3.62  3.46  3.36  3.14  3.26  3.22  3.82  3.79
STD DEV   1.96  2.05  1.96  1.96  1.49  1.39  1.43  1.34  1.36  1.31  1.65  1.74
SKEW      0.62  0.90  0.80  0.97  0.90  0.60  0.86  0.89  0.59  0.56  0.63  0.88
% SW      5.23  4.96  4.79  6.44  4.98  4.82  6.34  4.99  2.78  2.42  4.16  4.56
MEAN      4.08  4.08  4.22  4.36  3.72  3.37  3.41  3.16  3.26  3.16  3.59  3.59
STD DEV   1.93  2.02  2.16  2.06  1.73  1.53  1.45  1.32  1.59  1.36  1.73  1.77
SKEW      0.78  0.92  0.94  0.89  0.91  1.28  0.80  0.85  1.14  0.95  0.91  0.89
% WSW     4.17  4.56  4.24  5.63  4.69  4.43  5.17  3.67  2.17  2.31  3.64  4.29
MEAN      4.38  4.62  4.30  4.76  3.80  3.59  3.43  3.14  3.33  3.27  3.73  3.74
STD DEV   2.15  2.31  2.17  2.18  1.69  1.56  1.49  1.40  1.57  1.41  1.83  1.92
SKEW      0.78  0.80  0.81  0.53  0.67  0.83  0.77  0.96  0.83  0.47  0.82  1.11
% W       8.17  6.78  7.87  7.00  6.20  6.80  7.53  5.77  3.49  4.31  6.86  6.94
MEAN      4.31  4.64  4.94  4.72  3.78  3.47  3.33  3.12  2.99  3.33  3.86  4.11
STD DEV   2.03  2.33  2.34  2.43  1.78  1.54  1.40  1.39  1.39  1.59  1.86  2.10
SKEW      0.75  0.83  0.53  0.81  0.79  0.81  0.65  0.70  0.83  0.84  0.71  0.96
% WNW     9.16  9.20  9.51  7.96  6.47  5.41  4.93  4.31  3.40  5.03  8.25  8.60
MEAN      5.04  5.08  5.31  5.24  4.11  3.73  3.51  3.25  3.21  3.82  4.55  4.64
STD DEV   2.20  2.16  2.25  2.30  1.78  1.58  1.38  1.41  1.47  1.70  2.09  2.06
SKEW      0.53  0.46  0.36  0.50  0.74  0.58  0.50  0.82  1.04  0.66  0.54  0.48
% NW      8.63  9.62  9.01  6.72  6.02  6.04  4.39  5.36  4.47  7.08  9.73  8.31
MEAN      4.85  5.10  5.11  4.83  3.99  3.64  3.54  3.31  3.39  3.96  4.70  4.69
STD DEV   2.06  2.13  2.32  2.09  1.84  1.62  1.41  1.47  1.59  1.74  2.17  2.07
SKEW      0.47  0.45  0.66  0.61  0.95  0.87  0.64  0.93  0.96  0.77  0.83  0.54
% NNW     6.12  6.71  6.00  5.05  4.25  3.34  2.70  3.57  3.39  5.34  6.35  5.44
MEAN      4.79  4.88  4.66  4.63  4.07  3.34  3.46  3.32  3.71  4.06  4.57  4.82
STD DEV   2.01  1.99  2.09  2.02  1.82  1.50  1.32  1.38  1.72  1.79  1.95  2.06
SKEW      0.47  0.51  0.68  0.65  1.11  0.90  0.59  0.69  0.75  0.83  0.64  0.60
CALM     16.94 15.72 14.98 17.69 24.11 25.70 26.16 30.31 26.61 26.80 23.58 20.27
MARIETTA/DOBB.GA    0.471  CHATTANOOGA   TN    0.294  ATHENS        GA    0.235
 LAFAYETTE GA                             94941 0
 LATT=  34.70 LONG= -85.28 YEARS= 43. TYPE= 3
 ELEVATION =  810. TP5 = 2.59 TP6= 5.38
 MEAN P   0.50  0.58  0.62  0.50  0.50  0.44  0.50  0.42  0.64  0.54  0.57  0.60
 S DEV P  0.61  0.73  0.83  0.56  0.63  0.54  0.61  0.50  0.87  0.68  0.69  0.70
 SQEW  P  2.64  3.59  3.17  1.91  2.73  2.74  2.85  2.06  2.74  2.10  2.21  2.57
 P(W/W)   0.47  0.45  0.43  0.43  0.43  0.41  0.49  0.44  0.47  0.46  0.43  0.40
 P(W/D)   0.22  0.23  0.25  0.22  0.22  0.22  0.22  0.19  0.16  0.13  0.21  0.23
 TMAX AV 49.78 55.18 62.65 72.61 80.48 86.70 89.58 89.16 83.16 73.36 62.51 53.12
 TMIN AV 28.20 30.85 36.95 45.22 53.85 61.76 65.70 64.67 58.27 45.86 37.10 30.48
 SD TMAX 11.37 11.33 10.55  8.97  6.96  5.85  5.32  5.05  7.29  8.16  9.57  9.81
 SD TMIN 11.64 11.27  9.99  9.44  8.02  5.98  4.28  4.57  7.93 10.08 10.43 10.99
 SOL.RAD  185.  260.  346.  464.  529.  556.  535.  493.  423.  334.  236.  181.
 SD SOL   47.9  53.8  66.3  68.5  74.8  77.0  77.7 123.6  69.4  41.2  38.3  41.0
 MX .5 P  0.73  0.55  0.92  1.09  1.30  1.22  1.84  1.15  1.25  0.71  0.72  0.65
 DEW PT  33.60 33.74 37.92 47.46 57.14 65.14 68.14 67.82 61.32 50.46 39.46 32.92
Time Pk  0.561 0.644 0.706 0.768 0.791 0.810 0.831 0.850 0.865 0.911 0.946 1.000
% N      12.52 11.94  9.84  9.31  8.77  8.54  7.22  9.72 10.65 11.49 11.16 11.34
MEAN      3.89  3.75  3.80  3.80  3.16  2.84  2.67  2.68  2.88  3.28  3.50  3.54
STD DEV   1.87  1.80  1.87  1.85  1.66  1.44  1.34  1.41  1.50  1.79  1.77  1.78
SKEW      0.46  0.42  0.51  0.48  0.80  0.94  0.82  0.97  0.82  0.74  0.58  0.64
% NNE     7.34  7.75  6.38  5.93  6.20  5.97  5.77  7.59  9.24  7.96  6.77  7.10
MEAN      3.82  3.57  3.58  3.75  3.31  2.85  2.84  2.82  3.20  3.27  3.25  3.34
STD DEV   1.96  1.79  1.72  1.88  1.69  1.39  1.36  1.41  1.59  1.71  1.58  1.72
SKEW      0.60  0.64  0.54  0.54  0.67  0.95  0.86  1.00  0.77  0.88  0.65  0.81
% NE      4.47  4.97  4.47  4.18  5.02  5.57  5.54  7.24  8.23  6.64  4.99  5.04
MEAN      2.75  2.86  2.93  2.93  2.68  2.56  2.63  2.62  2.83  2.79  2.61  2.62
STD DEV   1.31  1.41  1.39  1.39  1.34  1.16  1.26  1.25  1.42  1.45  1.21  1.24
SKEW      0.88  1.19  0.84  0.84  1.08  1.07  1.06  0.88  0.90  1.28  1.21  0.90
% ENE     1.85  1.79  1.77  1.78  2.45  2.76  3.08  3.44  3.67  2.80  2.02  1.66
MEAN      2.28  2.41  2.48  2.63  2.66  2.33  2.53  2.41  2.51  2.49  2.30  2.11
STD DEV   0.99  1.16  1.13  1.33  1.44  1.10  1.28  1.15  1.23  1.32  0.98  0.95
SKEW      0.47  0.86  0.76  1.49  1.18  1.01  1.01  0.80  0.90  1.20  0.80  0.78
% E       1.36  1.73  1.93  1.87  2.24  2.77  3.12  3.14  3.61  2.59  1.59  1.76
MEAN      2.00  2.19  2.29  2.43  2.21  2.28  2.33  2.23  2.38  2.36  2.03  1.96
STD DEV   0.88  0.93  1.10  1.23  0.99  1.03  1.15  1.08  1.13  1.26  0.91  0.94
SKEW      1.07  0.63  1.16  0.97  0.84  1.04  1.05  1.01  0.79  1.04  0.86  1.16
% ESE     1.72  1.91  2.30  2.07  2.59  2.83  3.16  2.53  3.76  2.93  1.78  1.98
MEAN      2.45  2.63  2.80  2.80  2.62  2.49  2.44  2.36  2.77  2.51  2.24  2.23
STD DEV   1.24  1.16  1.39  1.30  1.20  1.10  1.20  1.10  1.31  1.15  1.06  1.08
SKEW      0.66  0.42  0.82  0.61  0.54  0.67  1.15  0.85  0.69  0.78  0.71  0.66
% SE      4.35  4.57  4.82  4.55  4.85  4.83  5.46  4.49  6.00  5.38  4.02  4.85
MEAN      2.88  3.26  3.13  3.16  2.82  2.72  2.59  2.52  2.84  2.98  2.71  2.94
STD DEV   1.37  1.75  1.52  1.54  1.37  1.35  1.23  1.19  1.37  1.46  1.35  1.57
SKEW      0.88  1.09  0.95  0.75  0.77  0.99  0.97  0.94  1.04  0.76  0.97  1.31
% SSE     5.66  5.35  5.82  6.26  5.77  6.04  6.35  5.20  6.08  5.09  5.31  6.02
MEAN      3.43  3.71  3.80  4.03  3.19  2.87  2.71  2.73  3.11  3.06  3.40  3.52
STD DEV   1.70  1.77  1.85  1.90  1.50  1.36  1.26  1.26  1.54  1.50  1.75  1.77
SKEW      0.85  0.67  0.62  0.50  0.62  0.86  0.88  0.94  0.84  0.86  0.70  0.76
% S      12.04 10.50 12.03 13.40 11.17  9.77 10.97  8.69  8.45  7.84 10.42 10.99
MEAN      3.49  3.66  3.90  3.82  3.15  2.73  2.60  2.50  2.85  2.74  3.37  3.37
STD DEV   1.64  1.77  1.96  1.82  1.50  1.31  1.20  1.23  1.38  1.38  1.83  1.72
SKEW      0.63  0.66  0.85  0.73  0.77  0.96  0.91  1.01  0.82  0.87  0.97  0.74
% SSW     7.25  6.33  7.21  8.07  6.95  6.16  7.23  5.66  4.32  4.19  5.40  6.80
MEAN      3.47  3.79  4.10  4.03  3.15  2.96  2.78  2.74  2.92  2.82  3.49  3.28
STD DEV   1.66  1.85  2.00  1.95  1.68  1.50  1.25  1.33  1.37  1.46  1.88  1.66
SKEW      0.57  0.64  0.58  0.53  0.96  1.00  0.68  0.72  0.68  0.86  0.91  0.88
% SW      5.25  5.34  5.70  7.13  6.34  6.73  7.20  5.63  3.84  3.81  5.13  5.69
MEAN      3.30  3.59  3.76  3.89  3.28  2.99  2.83  2.64  2.64  2.67  3.03  3.24
STD DEV   1.81  2.02  2.07  2.01  1.69  1.50  1.38  1.34  1.35  1.44  1.60  1.72
SKEW      1.01  0.94  0.89  0.60  0.81  0.93  0.79  1.07  1.06  1.10  1.01  0.91
% WSW     3.53  3.73  4.33  4.18  4.32  5.03  4.74  3.43  2.26  2.48  3.04  3.56
MEAN      3.48  3.97  4.26  4.23  3.48  3.17  2.97  2.77  2.91  2.83  3.21  3.35
STD DEV   2.03  2.30  2.29  2.35  1.73  1.57  1.51  1.40  1.62  1.51  1.76  1.85
SKEW      1.00  0.64  0.63  0.61  0.53  0.71  0.68  0.71  0.94  0.85  0.75  0.93
% W       3.70  3.96  4.87  4.18  4.39  4.80  4.30  3.72  2.61  2.90  4.09  3.72
MEAN      3.51  3.83  4.27  3.97  3.28  2.92  2.76  2.55  2.39  2.64  3.29  3.31
STD DEV   2.03  2.18  2.28  2.25  1.69  1.52  1.40  1.38  1.27  1.52  1.90  1.84
SKEW      0.94  0.69  0.50  0.60  0.68  0.78  0.70  0.86  0.97  0.90  0.72  0.70
% WNW     4.29  5.00  5.45  4.79  3.73  3.83  3.32  3.28  2.25  2.87  4.54  4.15
MEAN      4.00  4.11  4.54  4.47  3.64  3.10  2.87  2.68  2.54  2.92  3.81  3.95
STD DEV   1.93  2.06  2.15  2.28  1.80  1.62  1.39  1.46  1.40  1.72  1.94  1.96
SKEW      0.38  0.41  0.28  0.36  0.50  0.75  0.71  0.88  1.21  0.83  0.33  0.30
% NW      5.18  6.07  6.01  4.81  4.24  4.29  3.92  4.38  3.25  4.34  6.19  5.40
MEAN      3.97  4.11  4.39  4.20  3.36  2.88  2.63  2.50  2.54  2.94  3.73  3.72
STD DEV   2.07  2.02  2.27  2.14  1.87  1.50  1.38  1.31  1.36  1.70  1.95  1.96
SKEW      0.46  0.50  0.45  0.40  0.82  0.92  1.00  1.05  1.01  0.99  0.51  0.63
% NNW     7.94  8.50  7.78  6.35  5.09  4.73  3.87  4.69  4.70  6.23  7.55  7.00
MEAN      4.29  4.25  4.40  4.21  3.44  2.83  2.71  2.68  2.87  3.43  4.13  4.08
STD DEV   1.96  1.98  2.04  1.96  1.70  1.52  1.40  1.32  1.56  1.89  1.95  1.99
SKEW      0.33  0.41  0.33  0.30  0.59  0.95  0.90  0.80  0.84  0.71  0.32  0.37
CALM     11.48 10.48  9.31 11.10 16.01 15.43 14.63 17.20 17.06 20.35 15.99 12.95
CHATTANOOGA   TN    0.439  ROME/RUSSEL   GA    0.412  TULLAHOMA     TN    0.149
 MACON WB AIRPORT GA                      95443 0
 LATT=  32.70 LONG= -83.65 YEARS= 44. TYPE= 3
 ELEVATION =  360. TP5 = 2.80 TP6= 6.00
 MEAN P   0.40  0.49  0.47  0.46  0.39  0.38  0.35  0.35  0.38  0.37  0.34  0.45
 S DEV P  0.53  0.61  0.61  0.59  0.56  0.55  0.44  0.44  0.56  0.62  0.45  0.55
 SQEW  P  3.46  2.33  2.68  2.22  2.70  3.11  1.99  2.14  2.90  4.55  2.30  2.01
 P(W/W)   0.49  0.48  0.46  0.41  0.48  0.48  0.52  0.49  0.47  0.47  0.38  0.44
 P(W/D)   0.25  0.26  0.26  0.19  0.21  0.24  0.31  0.25  0.18  0.12  0.19  0.24
 TMAX AV 57.90 61.80 68.96 77.83 85.07 90.67 92.34 91.79 86.61 78.15 68.41 60.22
 TMIN AV 35.89 38.28 44.53 51.98 60.41 67.71 70.97 70.26 64.83 52.81 42.98 37.51
 SD TMAX 10.63 10.33  9.88  8.01  6.70  5.73  5.04  4.94  7.11  7.55  8.87 10.02
 SD TMIN 10.82 10.41  9.57  8.41  6.80  4.81  2.93  3.36  6.44  9.47 10.26 10.55
 SOL.RAD  234.  297.  383.  513.  563.  574.  554.  522.  435.  366.  282.  207.
 SD SOL   43.2  52.6  64.6  60.7  70.2  77.1  77.9 135.9  73.9  39.9  33.1  43.3
 MX .5 P  0.76  0.84  0.87  1.11  1.05  1.58  1.20  1.42  1.48  0.77  0.78  0.53
 DEW PT  37.00 38.00 42.00 51.00 59.00 66.00 70.00 69.00 64.00 53.00 43.00 37.00
Time Pk  0.505 0.614 0.686 0.771 0.789 0.805 0.836 0.858 0.870 0.904 0.936 1.000
% N       4.00  3.70  3.87  2.79  3.92  3.62  2.63  4.08  5.46  6.76  5.12  4.96
MEAN      3.52  3.69  3.74  4.01  3.63  3.51  3.29  3.28  3.43  3.49  3.32  3.17
STD DEV   1.23  1.47  1.39  1.57  1.26  1.31  1.09  1.21  1.22  1.24  1.17  1.20
SKEW      0.99  0.98  0.62  0.74  0.41  1.20  0.80  0.84  0.95  0.74  0.63  0.60
% NNE     3.88  4.48  4.00  2.56  4.70  5.38  4.28  5.96 10.48 10.73  5.19  4.82
MEAN      3.53  3.73  3.84  3.67  3.76  3.76  3.66  3.61  3.81  3.85  3.56  3.42
STD DEV   1.19  1.23  1.26  1.33  1.36  1.24  1.20  1.33  1.31  1.33  1.24  1.26
SKEW      0.62  0.82  0.43  0.49  0.56  0.79  0.55  0.73  0.84  0.85  0.53  0.59
% NE      5.33  5.73  4.47  2.84  5.05  6.89  5.57  7.16 13.73 11.44  4.84  6.93
MEAN      3.54  3.77  3.69  3.51  3.57  3.68  3.46  3.44  3.97  3.92  3.49  3.56
STD DEV   1.34  1.24  1.28  1.21  1.25  1.29  1.13  1.25  1.38  1.35  1.21  1.31
SKEW      0.60  0.41  0.41  0.21  0.57  1.06  0.45  0.73  0.83  0.65  0.81  0.55
% ENE     4.47  5.40  4.06  3.34  5.43  6.24  5.09  6.20 10.36  7.38  3.66  5.03
MEAN      3.61  3.99  3.99  3.59  3.67  3.67  3.61  3.58  3.85  3.97  3.38  3.57
STD DEV   1.34  1.36  1.34  1.24  1.24  1.23  1.24  1.39  1.42  1.47  1.23  1.39
SKEW      0.52  0.47  0.48  0.47  0.51  0.78  0.94  0.85  0.67  0.60  0.67  0.69
% E       3.55  3.62  3.26  3.99  4.62  5.06  4.61  5.26  6.41  4.47  3.50  3.52
MEAN      3.48  3.66  3.93  3.75  3.67  3.54  3.40  3.18  3.75  3.66  3.46  3.51
STD DEV   1.39  1.35  1.37  1.37  1.39  1.27  1.24  1.08  1.51  1.43  1.30  1.36
SKEW      0.81  0.37  0.48  0.77  0.64  1.25  0.70  0.48  1.12  0.76  0.54  0.61
% ESE     2.73  3.40  4.34  6.32  5.95  5.05  4.94  4.21  5.20  3.42  3.60  2.99
MEAN      3.54  3.83  4.25  4.11  3.79  3.79  3.31  3.26  3.56  3.44  3.43  3.40
STD DEV   1.44  1.63  1.56  1.55  1.32  1.22  1.11  1.22  1.27  1.32  1.26  1.26
SKEW      0.75  1.02  0.73  0.71  0.60  0.56  0.51  0.84  0.43  0.67  0.76  0.68
% SE      4.18  4.06  4.73  6.87  6.27  5.25  6.46  5.45  4.69  3.38  4.91  4.32
MEAN      3.53  3.60  4.02  4.09  3.74  3.55  3.34  3.33  3.38  3.32  3.44  3.46
STD DEV   1.38  1.50  1.67  1.55  1.24  1.21  1.21  1.16  1.30  1.23  1.25  1.34
SKEW      0.92  0.86  0.96  0.66  0.39  0.68  0.97  0.68  0.81  0.60  0.60  0.62
% SSE     4.49  4.64  4.84  7.48  5.16  4.59  6.01  5.35  3.56  2.81  4.19  4.75
MEAN      4.03  4.18  4.54  4.30  4.00  3.76  3.70  3.39  3.42  3.62  3.83  4.04
STD DEV   1.58  1.77  1.86  1.60  1.53  1.30  1.37  1.23  1.31  1.40  1.71  1.64
SKEW      0.55  0.71  0.79  0.57  0.52  0.73  0.98  0.65  0.51  0.54  0.85  0.82
% S       5.76  5.98  7.46  7.14  5.02  5.08  6.37  5.14  3.04  1.76  4.02  5.07
MEAN      4.82  4.82  5.10  4.55  3.94  3.81  3.59  3.30  3.38  3.86  3.83  4.46
STD DEV   2.26  2.24  2.24  1.85  1.63  1.54  1.32  1.19  1.34  1.70  1.66  2.08
SKEW      0.69  0.72  0.81  0.60  0.65  1.14  0.94  0.87  0.61  0.80  0.61  0.65
% SSW     5.54  6.05  7.30  7.72  5.86  4.75  7.29  4.40  2.88  1.42  3.70  3.84
MEAN      4.62  5.12  4.93  4.81  4.14  3.75  3.68  3.45  3.27  3.61  4.30  4.38
STD DEV   1.83  1.98  1.96  1.99  1.73  1.35  1.37  1.28  1.18  1.30  1.84  1.91
SKEW      0.24  0.54  0.42  0.69  0.70  0.57  0.67  0.88  0.29  0.38  0.57  0.35
% SW      5.01  5.38  5.34  6.85  5.64  6.25  7.86  5.39  2.51  1.84  3.42  4.00
MEAN      4.32  4.62  4.37  4.67  3.94  3.72  3.56  3.32  3.33  3.33  3.68  3.84
STD DEV   1.84  1.89  1.79  1.71  1.59  1.38  1.30  1.15  1.33  1.24  1.54  1.59
SKEW      0.57  0.96  0.45  0.43  0.65  0.60  0.64  0.55  0.70  0.26  0.70  0.64
% WSW     4.54  5.49  5.10  6.26  5.72  7.43  7.47  5.56  2.29  2.47  4.04  4.80
MEAN      4.06  4.84  4.51  4.55  4.00  3.71  3.56  3.34  3.17  3.22  3.94  4.10
STD DEV   1.64  2.08  1.80  1.77  1.42  1.28  1.24  1.08  1.09  1.25  1.66  1.74
SKEW      0.59  0.98  0.53  0.53  0.67  0.69  0.78  0.60  0.26  0.50  0.54  0.67
% W       6.28  6.07  5.60  5.42  6.26  6.42  6.53  5.27  2.61  3.83  5.87  6.86
MEAN      3.87  4.39  4.59  4.29  3.70  3.52  3.53  3.13  3.01  3.09  3.66  3.74
STD DEV   1.76  1.83  2.02  1.82  1.44  1.31  1.33  1.10  1.13  1.35  1.51  1.57
SKEW      0.74  0.70  0.85  0.56  1.08  0.70  1.16  0.70  0.80  1.34  0.81  0.87
% WNW    11.58 11.30 11.88  9.84  8.52  8.18  6.73  6.58  4.86  7.55 11.50 10.11
MEAN      4.34  4.66  5.00  4.61  3.85  3.57  3.51  3.16  3.17  3.47  4.21  4.19
STD DEV   1.90  1.98  2.04  1.89  1.59  1.33  1.21  1.04  1.31  1.46  1.81  1.83
SKEW      0.64  0.60  0.38  0.57  0.85  0.76  0.65  0.74  0.99  0.92  0.73  0.56
% NW     11.77 10.33 10.88  8.31  6.94  5.50  3.86  5.38  4.81  8.67 11.10 10.34
MEAN      4.54  4.70  4.67  4.46  3.91  3.47  3.34  3.07  3.38  3.60  4.11  4.30
STD DEV   1.85  1.97  1.94  1.76  1.56  1.30  1.30  1.11  1.46  1.50  1.73  1.94
SKEW      0.50  0.66  0.56  0.50  0.66  0.74  1.24  0.77  1.37  0.97  0.78  0.71
% NNW     6.37  6.71  6.28  5.02  5.17  4.01  2.80  4.09  5.22  6.94  7.19  5.97
MEAN      4.05  4.34  4.34  4.40  3.96  3.68  3.38  3.30  3.56  3.62  3.68  3.85
STD DEV   1.58  1.75  1.55  1.57  1.42  1.48  1.19  1.17  1.40  1.35  1.51  1.59
SKEW      1.01  0.48  0.61  0.46  0.56  1.30  1.23  0.41  0.91  0.85  0.94  0.78
CALM     10.52  7.63  6.65  7.28  9.90 10.11 11.48 14.46 11.86 15.09 14.11 11.60
MACON         GA    1.000  WARNER/ROBINS GA    0.000  FT BENNING    GA    0.000
 MORGAN 1W GA                             96038 0
 LATT=  31.53 LONG= -84.62 YEARS= 32. TYPE= 4
 ELEVATION =  270. TP5 = 3.00 TP6= 7.09
 MEAN P   0.55  0.70  0.63  0.68  0.55  0.55  0.57  0.48  0.59  0.62  0.60  0.63
 S DEV P  0.56  0.78  0.62  0.71  0.64  0.58  0.60  0.52  0.62  0.70  0.59  0.77
 SQEW  P  1.71  1.90  1.30  1.68  1.84  1.72  1.87  2.04  1.80  2.12  1.20  2.29
 P(W/W)   0.37  0.38  0.36  0.31  0.43  0.46  0.43  0.41  0.39  0.42  0.28  0.41
 P(W/D)   0.14  0.17  0.18  0.10  0.09  0.13  0.23  0.15  0.11  0.06  0.09  0.12
 TMAX AV 60.48 64.68 72.21 79.76 84.81 89.14 90.49 89.96 87.28 79.63 71.25 64.56
 TMIN AV 36.05 39.28 46.59 53.31 60.80 66.76 69.15 67.99 64.14 53.44 43.05 38.40
 SD TMAX  9.89  9.75  8.31  5.94  5.05  4.79  4.29  3.73  5.28  6.49  7.54  9.39
 SD TMIN 11.19 11.82 10.99  8.25  6.09  4.51  3.55  4.39  7.28 10.15 11.81 11.45
 SOL.RAD  252.  304.  391.  504.  560.  553.  543.  532.  447.  376.  289.  216.
 SD SOL   41.3  54.3  64.6  65.7  72.2  84.8  82.6 136.1  72.3  40.4  35.3  44.6
 MX .5 P  1.05  1.03  1.18  1.22  1.53  1.70  1.33  1.62  1.45  1.00  0.91  0.60
 DEW PT  40.42 41.83 45.42 53.18 60.77 67.77 71.09 70.50 66.33 55.33 45.47 40.01
Time Pk  0.477 0.592 0.667 0.753 0.775 0.796 0.831 0.850 0.871 0.915 0.949 1.000
% N       7.86  7.72  6.71  4.66  5.62  4.19  2.98  4.41  5.30  9.13  7.61  7.39
MEAN      3.81  4.04  3.79  3.88  3.35  2.97  2.94  2.77  3.26  3.36  3.45  3.73
STD DEV   1.73  1.81  1.77  1.88  1.56  1.29  1.38  1.27  1.79  1.61  1.66  1.85
SKEW      0.86  0.69  0.62  0.65  0.75  0.90  0.83  0.85  1.27  1.14  0.82  0.95
% NNE     3.78  3.87  3.67  2.27  3.28  3.24  2.19  3.09  5.45  7.60  5.02  3.94
MEAN      3.23  3.71  3.62  3.34  3.33  3.10  3.02  3.00  3.51  3.34  3.11  3.27
STD DEV   1.48  1.58  1.46  1.60  1.51  1.41  1.32  1.36  1.93  1.63  1.40  1.55
SKEW      0.74  0.52  0.41  0.72  0.71  0.74  0.57  0.70  1.35  1.03  0.66  0.80
% NE      4.91  4.64  4.42  2.24  4.19  5.35  3.38  5.05 10.00 11.32  7.10  5.23
MEAN      3.24  3.79  3.73  3.34  3.35  3.24  3.02  3.08  3.83  3.50  3.34  3.37
STD DEV   1.43  1.66  1.71  1.57  1.45  1.44  1.33  1.42  1.81  1.64  1.55  1.54
SKEW      0.63  0.60  0.61  0.72  0.57  0.65  0.70  0.75  0.69  0.80  0.68  0.73
% ENE     4.86  4.10  4.04  2.56  4.50  5.38  3.36  4.74 10.56  8.78  5.42  4.39
MEAN      3.36  3.97  3.63  3.17  3.36  3.48  3.07  3.15  3.91  3.69  3.25  3.55
STD DEV   1.50  1.83  1.73  1.29  1.43  1.46  1.31  1.57  1.87  1.66  1.55  1.57
SKEW      0.38  0.46  0.61  0.38  0.54  0.49  0.50  0.68  0.55  0.40  0.74  0.46
% E       5.56  5.18  5.82  5.22  7.16  6.86  5.38  5.92 12.57  7.43  5.16  5.89
MEAN      3.51  3.95  3.83  3.55  3.56  3.35  3.06  2.93  3.70  3.47  3.04  3.51
STD DEV   1.65  1.78  1.79  1.60  1.51  1.51  1.38  1.35  1.70  1.55  1.31  1.57
SKEW      0.72  0.42  0.51  0.59  0.48  0.54  0.60  0.79  0.60  0.38  0.54  0.44
% ESE     2.31  2.37  3.34  4.51  4.20  3.56  2.60  2.76  4.61  2.81  2.25  2.33
MEAN      3.33  3.76  3.87  3.78  3.50  3.18  2.90  2.77  3.66  3.26  2.97  3.24
STD DEV   1.60  2.00  1.83  1.77  1.49  1.47  1.35  1.35  1.74  1.49  1.36  1.50
SKEW      0.76  0.70  0.53  0.58  0.52  0.73  0.62  0.86  0.66  0.52  0.78  0.59
% SE      2.49  2.91  3.52  5.33  4.18  3.53  3.10  2.92  3.58  2.33  2.79  2.51
MEAN      3.25  3.69  3.83  3.94  3.40  3.08  2.89  2.88  3.34  3.24  3.25  3.24
STD DEV   1.49  1.81  1.84  1.81  1.37  1.41  1.30  1.38  1.47  1.43  1.46  1.39
SKEW      0.57  0.61  0.80  0.67  0.47  0.67  0.46  0.76  0.58  0.56  0.65  0.44
% SSE     2.81  2.70  3.37  4.71  3.13  2.52  2.93  2.74  2.16  1.43  2.67  3.06
MEAN      3.36  3.97  3.93  3.99  3.18  3.14  2.70  2.62  3.16  3.11  3.50  3.60
STD DEV   1.76  2.03  1.94  1.90  1.45  1.52  1.31  1.25  1.56  1.43  1.65  1.64
SKEW      0.76  0.65  1.04  0.64  0.56  0.67  0.81  0.81  0.57  0.43  0.64  0.49
% S       6.30  6.53  8.35  9.71  6.10  6.25  7.39  5.57  3.40  2.10  4.83  5.97
MEAN      3.93  4.18  4.44  3.97  3.22  3.09  2.96  2.68  2.90  3.19  3.85  4.06
STD DEV   1.93  2.20  2.22  1.95  1.62  1.53  1.47  1.27  1.40  1.42  1.83  1.95
SKEW      0.56  0.84  0.71  0.80  0.95  0.96  0.94  0.75  0.64  0.50  0.59  0.47
% SSW     3.38  4.11  4.87  7.26  4.78  4.99  5.87  4.27  1.95  1.20  2.58  3.05
MEAN      4.02  4.46  4.52  4.09  3.33  3.29  3.17  2.80  2.77  2.90  3.70  3.60
STD DEV   1.98  2.28  2.22  2.04  1.57  1.56  1.55  1.34  1.34  1.16  1.88  1.83
SKEW      0.50  0.73  0.61  0.72  0.65  0.70  0.82  0.81  0.64  0.31  0.57  0.72
% SW      3.74  5.26  4.94  7.37  5.23  5.96  7.24  4.50  2.14  1.38  2.14  3.05
MEAN      4.16  4.37  4.63  4.25  3.47  3.55  3.23  3.08  3.12  2.99  3.76  3.87
STD DEV   2.05  2.28  2.32  2.09  1.58  1.56  1.50  1.50  1.39  1.20  1.99  2.10
SKEW      0.73  0.89  0.71  0.75  0.79  0.56  0.93  1.03  0.64  0.53  1.03  0.92
% WSW     2.78  3.32  3.59  4.09  4.10  4.40  5.77  3.72  1.47  1.23  2.23  2.55
MEAN      4.40  4.47  4.73  4.55  3.59  3.66  3.31  3.14  2.93  3.31  4.01  3.95
STD DEV   2.29  2.32  2.39  2.37  1.63  1.67  1.45  1.42  1.34  1.66  1.97  2.08
SKEW      0.69  0.72  0.88  0.80  0.68  0.64  0.76  0.73  0.36  0.75  0.62  0.81
% W       5.84  6.78  7.03  6.30  6.26  6.50  7.30  5.70  2.75  2.93  5.43  5.56
MEAN      4.20  4.55  4.87  4.45  3.66  3.53  3.33  3.09  3.19  3.58  4.07  3.98
STD DEV   2.15  2.55  2.39  2.29  1.75  1.59  1.51  1.35  1.54  1.80  2.01  1.90
SKEW      0.82  0.93  0.60  0.74  0.85  0.69  0.81  0.66  0.97  0.76  0.69  0.71
% WNW     5.45  6.42  5.98  4.25  3.65  3.29  3.75  3.05  2.14  2.77  4.83  4.95
MEAN      4.59  4.95  5.04  4.79  3.83  3.35  3.12  2.98  3.09  3.28  4.43  4.51
STD DEV   2.21  2.46  2.34  2.39  2.05  1.51  1.41  1.41  1.47  1.62  2.32  2.24
SKEW      0.52  0.81  0.58  0.66  1.03  0.57  0.69  0.72  0.70  0.72  0.74  0.60
% NW      7.50  6.97  7.10  4.67  4.30  3.19  3.23  3.48  3.24  4.60  6.69  6.20
MEAN      4.74  4.88  5.09  4.51  3.72  3.40  3.14  3.02  3.42  3.65  4.40  4.42
STD DEV   2.17  2.20  2.53  2.07  1.89  1.55  1.38  1.37  1.60  1.71  2.25  2.15
SKEW      0.54  0.58  0.60  0.50  1.15  0.68  0.59  0.82  0.76  0.79  0.70  0.64
% NNW     6.12  5.67  5.05  3.70  3.76  2.39  2.34  2.85  2.59  4.93  5.64  5.72
MEAN      4.22  4.36  4.47  4.38  3.48  2.99  2.96  2.84  3.23  3.48  3.96  4.09
STD DEV   1.92  1.96  2.07  2.09  1.75  1.37  1.37  1.32  1.64  1.68  2.03  1.93
SKEW      0.58  0.49  0.66  0.49  0.91  0.77  1.12  0.77  1.03  0.67  0.75  0.56
CALM     24.28 21.28 18.13 21.16 25.70 28.42 31.25 35.33 26.14 28.00 27.62 28.17
ALBANY NAS    GA    0.530  FORT RUCKER   AL    0.250  FT BENNING    GA    0.220
 SILOAM GA                                98064 0
 LATT=  33.53 LONG= -83.10 YEARS= 32. TYPE= 3
 ELEVATION =  690. TP5 = 2.77 TP6= 6.14
 MEAN P   0.46  0.50  0.53  0.54  0.48  0.42  0.49  0.40  0.42  0.49  0.41  0.41
 S DEV P  0.54  0.58  0.67  0.66  0.58  0.51  0.63  0.51  0.57  0.72  0.47  0.48
 SQEW  P  2.05  2.25  2.23  2.44  2.18  2.13  2.32  2.08  2.58  3.83  1.54  1.99
 P(W/W)   0.51  0.43  0.46  0.40  0.43  0.48  0.49  0.48  0.43  0.44  0.38  0.46
 P(W/D)   0.26  0.25  0.25  0.19  0.21  0.20  0.28  0.22  0.18  0.11  0.19  0.24
 TMAX AV 54.00 58.88 67.56 75.24 82.16 88.32 90.50 89.56 84.75 75.95 66.57 57.35
 TMIN AV 33.12 35.38 42.92 49.79 57.60 64.66 68.47 67.96 62.53 51.17 43.04 35.87
 SD TMAX 10.38 10.28  9.46  7.94  6.45  5.81  5.48  5.33  7.06  7.40  8.81 10.18
 SD TMIN 10.58 10.28  9.95  8.65  6.85  4.91  3.06  3.19  6.52  9.24 10.31 10.84
 SOL.RAD  232.  298.  384.  506.  551.  568.  538.  511.  420.  351.  278.  211.
 SD SOL   41.8  50.8  63.4  62.5  74.3  79.5  83.6 141.8  78.0  43.3  32.8  40.1
 MX .5 P  0.75  0.73  0.99  1.05  1.21  1.55  1.38  1.43  1.58  0.91  0.90  0.57
 DEW PT  34.48 35.73 40.49 49.23 59.26 65.50 69.50 68.75 63.75 52.75 42.50 35.23
Time Pk  0.518 0.635 0.699 0.771 0.790 0.809 0.837 0.862 0.878 0.910 0.940 1.000
% N       3.57  3.53  3.38  2.85  3.72  4.08  3.39  4.61  5.94  6.80  4.59  3.94
MEAN      3.28  3.38  3.20  3.50  3.17  3.13  2.89  2.94  2.93  3.09  3.03  3.04
STD DEV   1.50  1.44  1.24  1.43  1.25  1.20  1.05  1.18  1.08  1.19  1.22  1.21
SKEW      1.49  1.13  0.87  1.13  0.80  1.05  0.81  1.27  0.93  0.93  1.09  0.85
% NNE     3.14  3.46  2.62  2.18  3.27  3.96  2.98  4.49  6.95  6.93  3.89  3.67
MEAN      3.60  3.63  3.57  3.49  3.35  3.32  3.15  3.24  3.50  3.50  3.29  3.45
STD DEV   1.59  1.27  1.45  1.47  1.32  1.29  1.13  1.30  1.46  1.35  1.19  1.39
SKEW      1.07  0.53  0.55  1.13  0.70  1.01  0.95  1.29  1.29  0.97  0.71  0.68
% NE      6.51  7.61  6.13  4.31  6.85  7.54  5.99  9.18 14.36 13.56  7.47  7.70
MEAN      3.86  4.07  3.97  3.96  3.74  3.67  3.47  3.46  4.00  4.07  3.68  3.83
STD DEV   1.60  1.59  1.57  1.72  1.53  1.44  1.35  1.34  1.69  1.64  1.44  1.53
SKEW      0.80  0.54  0.44  0.70  0.81  0.78  0.77  0.74  1.01  0.63  0.64  0.59
% ENE     6.15  6.68  6.25  4.46  6.27  6.49  5.43  6.95 12.07  9.79  6.00  7.36
MEAN      4.05  4.41  4.33  4.02  3.97  3.78  3.56  3.61  4.14  4.20  3.85  4.14
STD DEV   1.66  1.65  1.67  1.69  1.58  1.45  1.39  1.50  1.69  1.61  1.50  1.59
SKEW      0.71  0.50  0.53  0.72  0.69  0.68  0.80  0.99  0.75  0.55  0.66  0.49
% E       4.62  4.50  4.90  4.69  6.09  6.71  5.49  6.02  8.41  5.95  4.37  4.37
MEAN      3.57  3.72  4.01  3.70  3.61  3.45  3.34  3.24  3.65  3.60  3.45  3.42
STD DEV   1.49  1.50  1.56  1.42  1.47  1.39  1.36  1.26  1.54  1.48  1.37  1.45
SKEW      0.85  0.72  0.60  0.74  0.73  0.96  0.81  0.75  0.90  0.78  0.68  0.73
% ESE     2.25  2.91  3.61  4.68  4.79  4.85  4.14  3.98  4.60  3.26  2.64  2.38
MEAN      3.19  3.52  3.78  3.66  3.52  3.43  3.18  3.17  3.39  3.25  3.27  3.12
STD DEV   1.28  1.44  1.51  1.43  1.31  1.26  1.15  1.19  1.36  1.26  1.28  1.17
SKEW      0.86  0.86  0.81  0.76  0.55  0.67  0.74  0.92  0.92  0.84  0.73  0.75
% SE      3.25  3.64  4.39  6.02  6.49  5.76  6.26  5.55  4.52  3.55  3.76  3.44
MEAN      3.06  3.34  3.54  3.68  3.45  3.28  3.20  3.04  3.18  3.02  3.13  3.12
STD DEV   1.16  1.33  1.45  1.50  1.27  1.26  1.28  1.10  1.24  1.15  1.27  1.35
SKEW      0.78  0.92  0.75  0.77  0.61  0.90  1.09  0.84  0.87  0.84  0.86  1.19
% SSE     2.66  3.01  3.48  5.18  3.97  3.99  4.51  4.04  2.95  2.00  2.94  2.79
MEAN      3.32  3.57  3.78  3.83  3.47  3.31  3.26  3.02  3.19  3.33  3.37  3.37
STD DEV   1.52  1.53  1.64  1.74  1.41  1.35  1.32  1.13  1.32  1.40  1.55  1.31
SKEW      1.14  0.91  0.94  1.22  0.75  1.03  1.27  0.97  0.90  0.79  1.07  0.67
% S       5.14  5.32  6.58  8.34  6.74  5.86  7.27  5.65  3.98  2.84  4.86  5.22
MEAN      4.23  4.24  4.38  4.23  3.61  3.49  3.34  3.19  3.23  3.54  3.67  4.01
STD DEV   2.16  1.94  1.97  1.79  1.43  1.51  1.34  1.27  1.34  1.66  1.66  1.96
SKEW      1.12  0.89  0.85  0.89  0.75  1.16  1.06  0.89  0.75  1.00  1.03  0.86
% SSW     4.81  4.85  5.66  6.69  4.79  4.57  6.16  4.17  2.56  1.69  3.72  3.80
MEAN      4.49  4.74  4.69  4.55  3.85  3.71  3.70  3.38  3.38  3.43  4.15  4.25
STD DEV   2.07  2.07  2.20  1.98  1.55  1.52  1.49  1.45  1.35  1.45  1.83  1.82
SKEW      0.77  0.73  0.79  0.83  0.87  0.84  0.85  1.26  0.64  0.67  0.76  0.61
% SW      6.21  6.70  6.77  8.56  6.74  7.07  9.18  7.14  3.36  3.10  5.47  6.33
MEAN      4.25  4.46  4.40  4.66  3.77  3.64  3.63  3.36  3.28  3.25  3.72  3.90
STD DEV   1.92  2.02  2.05  2.10  1.58  1.49  1.47  1.31  1.41  1.45  1.71  1.71
SKEW      0.73  0.86  0.87  0.74  0.79  0.92  0.81  0.82  1.05  0.83  0.78  0.75
% WSW     6.69  6.98  6.77  7.95  6.57  6.92  8.24  5.55  3.01  3.64  6.09  7.45
MEAN      4.19  4.65  4.68  4.80  3.98  3.79  3.64  3.40  3.27  3.47  4.05  4.17
STD DEV   1.80  2.01  2.13  2.10  1.61  1.43  1.34  1.33  1.38  1.49  1.84  1.74
SKEW      0.74  0.74  0.72  0.67  0.80  0.78  0.80  1.15  0.82  0.84  0.85  0.77
% W      10.88  9.42  9.41  8.42  7.54  6.98  7.34  5.54  3.63  5.07  9.04 10.26
MEAN      4.58  4.98  5.06  4.75  3.87  3.67  3.44  3.10  3.00  3.35  4.11  4.32
STD DEV   2.00  2.22  2.24  2.23  1.76  1.55  1.39  1.27  1.36  1.63  1.86  1.88
SKEW      0.55  0.70  0.59  0.67  0.88  0.74  0.81  0.86  1.02  1.08  0.63  0.65
% WNW    12.27 11.85 11.34  9.23  7.70  6.85  6.16  5.00  4.21  7.06 10.42 10.28
MEAN      5.01  5.40  5.46  5.18  4.08  3.95  3.57  3.07  3.22  3.80  4.64  4.89
STD DEV   2.07  2.19  2.35  2.32  1.74  1.69  1.41  1.17  1.36  1.75  2.09  2.12
SKEW      0.39  0.33  0.47  0.61  0.69  0.75  0.78  0.88  0.92  0.91  0.64  0.44
% NW     10.03  9.54  9.18  7.19  7.03  6.64  5.43  6.46  5.74  9.13 10.54  8.99
MEAN      4.59  4.81  4.86  4.42  3.65  3.59  3.25  3.16  3.25  3.51  4.20  4.29
STD DEV   1.98  2.09  2.30  2.02  1.57  1.53  1.34  1.28  1.45  1.49  1.98  1.99
SKEW      0.63  0.58  0.77  0.72  0.95  0.95  1.03  1.05  1.18  1.20  0.93  0.83
% NNW     4.22  3.96  4.07  3.48  3.84  3.50  2.67  3.78  4.14  5.59  4.78  4.03
MEAN      4.02  4.10  4.13  4.38  3.58  3.47  3.18  3.15  3.28  3.50  3.58  3.72
STD DEV   1.79  1.86  1.97  1.95  1.37  1.50  1.18  1.24  1.45  1.45  1.55  1.70
SKEW      0.89  0.71  1.09  0.75  1.03  1.20  0.88  0.95  1.19  1.13  1.26  1.12
CALM      7.53  5.96  5.44  5.71  7.65  8.18  9.37 11.95  9.57  9.98  9.38  7.99
ATHENS        GA    0.510  MACON         GA    0.246  AUGUSTA/BUSH  GA    0.244
 TALBOTTON GA                             98535 0
 LATT=  32.67 LONG= -84.53 YEARS= 62. TYPE= 3
 ELEVATION =  700. TP5 = 2.80 TP6= 6.07
 MEAN P   0.66  0.73  0.81  0.78  0.63  0.63  0.65  0.59  0.66  0.64  0.64  0.75
 S DEV P  0.58  0.63  0.93  0.78  0.59  0.62  0.57  0.58  0.67  0.68  0.57  0.69
 SQEW  P  1.53  2.31  3.21  1.89  3.07  2.94  1.79  2.70  2.65  3.08  1.70  2.00
 P(W/W)   0.30  0.30  0.32  0.31  0.34  0.36  0.40  0.35  0.35  0.28  0.25  0.27
 P(W/D)   0.21  0.22  0.23  0.17  0.16  0.18  0.22  0.18  0.13  0.10  0.15  0.19
 TMAX AV 58.13 61.86 68.79 77.01 83.62 89.22 90.36 90.13 86.07 77.96 67.93 59.78
 TMIN AV 34.84 36.62 42.59 49.71 57.47 65.09 68.04 67.42 62.34 50.69 41.44 35.87
 SD TMAX 10.14  9.67  9.31  6.98  5.99  5.46  5.30  4.66  6.49  6.76  8.48  9.51
 SD TMIN 11.56 10.79 10.28  8.73  7.58  5.47  3.85  3.86  6.55  9.55 10.35 10.58
 SOL.RAD  232.  296.  378.  501.  554.  568.  551.  520.  433.  363.  280.  209.
 SD SOL   42.1  50.8  64.1  62.6  71.1  77.0  77.1 128.9  72.5  39.4  32.5  40.7
 MX .5 P  0.80  0.87  0.94  1.06  1.13  1.40  1.39  1.40  1.49  0.95  0.96  0.60
 DEW PT  36.40 37.05 41.40 50.40 58.74 66.08 69.53 68.53 63.53 52.53 41.98 36.40
Time Pk  0.506 0.619 0.681 0.766 0.787 0.801 0.834 0.851 0.867 0.903 0.939 1.000
% N       5.30  5.60  4.55  3.73  4.61  4.30  3.17  4.54  6.26  7.35  6.05  5.99
MEAN      3.41  3.57  3.51  3.64  3.19  2.97  2.84  2.72  2.82  3.08  3.11  3.20
STD DEV   1.57  1.69  1.69  1.78  1.45  1.39  1.31  1.26  1.30  1.47  1.52  1.52
SKEW      0.82  0.75  0.70  0.68  0.62  1.23  1.00  0.90  1.02  0.92  0.79  0.73
% NNE     2.76  3.14  2.80  1.90  2.97  3.37  2.53  3.56  5.80  5.55  3.09  3.08
MEAN      3.07  3.25  3.46  3.22  3.15  3.24  2.89  3.09  3.37  3.28  3.16  2.94
STD DEV   1.18  1.31  1.39  1.38  1.39  1.49  1.16  1.40  1.51  1.56  1.25  1.29
SKEW      0.67  0.50  0.48  0.43  0.63  1.08  0.49  0.79  0.86  1.27  0.46  0.59
% NE      3.46  4.05  3.24  1.82  3.46  4.58  3.35  5.11  9.29  7.65  3.62  4.23
MEAN      3.42  3.60  3.59  3.08  3.45  3.44  3.09  3.38  3.86  3.76  3.50  3.43
STD DEV   1.43  1.54  1.56  1.27  1.40  1.51  1.38  1.50  1.68  1.70  1.41  1.51
SKEW      0.59  0.56  0.62  0.29  0.36  0.65  0.66  0.57  0.73  0.84  0.42  0.62
% ENE     3.64  4.26  3.41  2.26  3.82  4.43  3.68  4.55  9.77  7.67  3.29  4.28
MEAN      3.68  4.00  3.77  3.36  3.62  3.61  3.40  3.41  3.95  3.98  3.50  3.76
STD DEV   1.49  1.62  1.52  1.32  1.44  1.42  1.41  1.47  1.54  1.66  1.44  1.56
SKEW      0.24  0.42  0.49  0.46  0.38  0.44  0.50  0.50  0.44  0.50  0.47  0.41
% E       4.51  4.61  4.24  4.04  4.75  4.77  4.19  5.17  8.41  6.49  3.85  5.10
MEAN      3.55  3.73  3.70  3.61  3.66  3.48  3.18  3.18  3.76  3.63  3.20  3.53
STD DEV   1.56  1.51  1.54  1.45  1.52  1.45  1.44  1.37  1.54  1.50  1.34  1.54
SKEW      0.65  0.31  0.56  0.45  0.45  0.61  0.58  0.57  0.55  0.43  0.49  0.59
% ESE     2.52  2.88  3.52  4.13  4.14  3.48  3.36  3.39  4.21  3.24  2.66  2.77
MEAN      3.30  3.65  3.88  3.64  3.49  3.22  3.03  2.88  3.33  3.29  2.96  3.36
STD DEV   1.51  1.71  1.65  1.53  1.42  1.30  1.30  1.22  1.36  1.43  1.38  1.50
SKEW      0.65  0.74  0.51  0.46  0.40  0.53  0.61  0.54  0.42  0.51  0.93  0.47
% SE      3.58  3.72  4.27  5.86  4.73  4.10  4.57  4.19  4.10  3.26  3.69  3.52
MEAN      3.20  3.44  3.85  3.73  3.31  3.01  2.93  2.87  3.12  3.10  3.27  3.31
STD DEV   1.54  1.59  1.88  1.70  1.42  1.33  1.34  1.26  1.38  1.37  1.55  1.56
SKEW      0.90  0.66  0.96  0.58  0.63  0.66  0.75  0.74  0.53  0.49  0.69  0.66
% SSE     3.56  3.16  3.99  5.28  3.77  3.21  4.34  3.53  2.72  1.91  3.24  3.37
MEAN      3.83  4.01  4.18  3.75  3.31  3.00  2.86  2.86  3.04  3.14  3.51  3.66
STD DEV   1.95  2.27  2.13  1.68  1.52  1.37  1.36  1.33  1.39  1.54  1.71  1.73
SKEW      0.79  1.05  0.91  0.55  0.66  0.70  0.94  0.89  0.61  0.74  0.72  0.68
% S       6.02  5.59  7.15  7.50  4.73  4.09  5.59  4.42  2.63  2.05  4.01  4.75
MEAN      4.19  4.37  4.43  3.92  3.40  3.08  3.01  2.74  2.93  3.34  3.68  3.90
STD DEV   2.06  2.22  2.24  1.86  1.60  1.45  1.43  1.20  1.43  1.62  1.75  1.98
SKEW      0.61  0.86  0.82  0.69  0.70  0.79  1.02  0.74  0.65  1.01  0.59  0.64
% SSW     3.45  3.59  4.85  6.09  4.05  3.38  4.62  3.11  1.74  1.04  2.56  2.42
MEAN      4.53  4.88  4.72  4.34  3.74  3.21  3.12  2.92  2.90  3.22  3.83  3.72
STD DEV   2.01  2.22  2.22  2.02  1.74  1.53  1.38  1.32  1.31  1.43  1.90  1.83
SKEW      0.42  0.60  0.63  0.59  0.73  0.80  0.69  0.67  0.49  0.52  0.51  0.58
% SW      4.04  4.68  4.71  6.07  5.17  5.42  6.29  4.06  2.03  1.52  2.79  3.06
MEAN      4.32  4.62  4.54  4.44  3.78  3.45  3.30  3.02  3.23  3.18  3.79  3.69
STD DEV   2.02  2.27  2.10  2.06  1.72  1.53  1.46  1.35  1.45  1.41  2.04  1.81
SKEW      0.64  0.96  0.58  0.65  0.67  0.49  0.67  0.72  0.68  0.30  1.02  0.67
% WSW     3.12  3.58  3.94  5.07  4.64  5.29  5.64  4.03  1.84  1.91  2.84  3.08
MEAN      4.24  4.56  4.72  4.53  3.81  3.55  3.22  2.94  3.08  3.18  3.88  4.22
STD DEV   1.98  2.07  2.15  2.28  1.70  1.57  1.34  1.24  1.47  1.39  1.98  2.05
SKEW      0.54  0.80  0.54  0.70  0.66  0.71  0.71  0.59  0.51  0.49  0.73  0.75
% W       6.34  6.57  6.81  6.57  6.40  6.46  6.83  5.34  2.87  3.57  5.88  6.17
MEAN      4.19  4.51  4.70  4.39  3.78  3.46  3.28  3.10  2.94  3.42  3.92  4.01
STD DEV   2.11  2.22  2.27  2.17  1.81  1.57  1.43  1.40  1.33  1.67  1.87  1.92
SKEW      0.90  0.70  0.63  0.55  0.85  0.92  0.75  0.81  0.83  0.90  0.70  0.70
% WNW     7.83  7.75  8.24  6.61  5.70  5.31  4.67  4.54  3.04  4.43  7.27  7.21
MEAN      4.64  4.87  5.24  5.02  4.09  3.43  3.21  3.12  3.11  3.39  4.36  4.33
STD DEV   2.28  2.26  2.46  2.38  2.03  1.56  1.33  1.41  1.54  1.62  2.15  2.07
SKEW      0.71  0.55  0.59  0.56  0.77  0.72  0.57  0.74  0.94  0.80  0.63  0.64
% NW     10.03 10.00  9.22  6.70  6.03  5.18  3.81  4.43  4.26  6.92 10.10  9.30
MEAN      4.72  4.85  4.87  4.40  3.75  3.41  3.06  2.96  3.19  3.60  4.52  4.48
STD DEV   2.14  2.20  2.26  2.07  1.80  1.62  1.40  1.37  1.54  1.74  2.26  2.17
SKEW      0.43  0.60  0.53  0.61  0.86  0.70  0.75  0.91  1.01  0.72  0.69  0.60
% NNW     6.42  6.62  5.61  4.72  4.38  3.61  2.67  3.49  4.05  5.74  6.37  6.13
MEAN      4.23  4.39  4.52  4.39  3.59  3.21  2.99  2.85  3.02  3.41  4.09  4.06
STD DEV   1.91  1.99  2.09  2.05  1.68  1.46  1.44  1.31  1.46  1.62  1.99  1.97
SKEW      0.63  0.55  0.51  0.45  0.85  0.80  1.42  0.91  0.96  0.73  0.64  0.84
CALM     23.42 20.22 19.45 21.67 26.73 28.92 30.68 32.53 26.99 29.68 28.70 25.56
FT BENNING    GA    0.534  MACON         GA    0.266  ATLANTA       GA    0.200
 TIFTON 2 N GA                            98703 0
 LATT=  31.47 LONG= -83.53 YEARS= 70. TYPE= 3
 ELEVATION =  370. TP5 = 3.02 TP6= 7.05
 MEAN P   0.49  0.48  0.55  0.58  0.47  0.46  0.43  0.45  0.42  0.42  0.37  0.43
 S DEV P  0.59  0.63  0.70  0.80  0.57  0.52  0.54  0.59  0.58  0.53  0.57  0.52
 SQEW  P  2.17  3.13  2.96  3.68  2.20  2.25  2.45  3.01  2.79  2.07  4.19  2.27
 P(W/W)   0.45  0.45  0.40  0.37  0.44  0.49  0.52  0.48  0.49  0.44  0.36  0.44
 P(W/D)   0.22  0.24  0.23  0.19  0.19  0.25  0.34  0.29  0.19  0.11  0.17  0.21
 TMAX AV 60.79 63.65 69.77 77.84 84.82 89.75 90.92 90.83 87.54 79.57 70.14 62.70
 TMIN AV 38.83 40.73 46.84 54.19 61.77 68.20 70.55 70.02 66.26 55.41 46.00 40.00
 SD TMAX 10.88 10.14  9.64  7.33  5.89  5.09  4.27  4.33  6.15  7.14  8.94 10.41
 SD TMIN 10.90 10.22  9.41  7.52  5.66  3.89  2.53  4.36  5.23  8.60 10.14 10.55
 SOL.RAD  255.  311.  407.  514.  565.  546.  525.  519.  436.  366.  290.  218.
 SD SOL   42.8  54.3  62.3  64.7  72.4  88.8  90.5 150.6  77.6  45.5  36.9  46.3
 MX .5 P  1.06  0.94  1.21  1.30  2.34  1.67  1.27  1.87  1.48  0.97  0.78  0.62
 DEW PT  41.84 43.22 46.60 53.73 61.35 68.11 71.24 70.87 67.59 57.08 47.70 41.70
Time Pk  0.463 0.579 0.654 0.742 0.766 0.780 0.819 0.840 0.860 0.897 0.935 1.000
% N       5.42  4.86  4.87  3.43  3.92  2.93  2.43  3.33  4.25  7.70  5.56  5.22
MEAN      3.57  3.85  3.71  3.81  3.48  3.23  3.03  3.16  3.57  3.54  3.45  3.56
STD DEV   1.55  1.67  1.63  1.69  1.55  1.30  1.30  1.48  1.92  1.61  1.53  1.65
SKEW      0.72  0.60  0.54  0.37  0.62  0.55  0.60  0.98  1.41  0.95  0.61  0.75
% NNE     3.69  3.49  3.40  2.06  3.10  3.26  2.44  3.54  6.63  8.91  5.38  4.56
MEAN      3.28  3.87  3.56  3.53  3.64  3.53  3.28  3.23  3.94  3.73  3.54  3.43
STD DEV   1.49  1.58  1.39  1.53  1.57  1.40  1.40  1.43  1.92  1.65  1.52  1.61
SKEW      0.61  0.45  0.23  0.49  0.58  0.27  0.42  0.64  0.98  0.76  0.55  0.79
% NE      4.78  4.33  3.78  2.45  4.50  4.93  3.41  5.49 11.86 13.23  7.19  6.12
MEAN      3.32  3.75  3.59  3.55  3.64  3.38  3.10  3.41  3.97  3.76  3.50  3.44
STD DEV   1.44  1.60  1.56  1.61  1.50  1.40  1.32  1.62  1.84  1.70  1.60  1.50
SKEW      0.52  0.48  0.44  0.68  0.48  0.54  0.64  0.77  0.67  0.86  0.66  0.55
% ENE     5.05  4.66  3.72  2.82  4.41  5.24  3.72  5.15 10.81  9.71  5.91  4.73
MEAN      3.36  4.05  3.76  3.47  3.65  3.70  3.32  3.38  4.07  4.01  3.44  3.47
STD DEV   1.45  1.74  1.64  1.36  1.48  1.49  1.45  1.59  1.85  1.71  1.56  1.46
SKEW      0.39  0.42  0.45  0.33  0.40  0.42  0.60  0.59  0.56  0.43  0.55  0.47
% E       4.37  4.74  5.03  5.06  6.36  6.80  5.63  5.71 11.22  6.65  4.94  4.87
MEAN      3.39  3.82  3.86  3.65  3.60  3.43  3.27  2.99  3.66  3.59  3.17  3.36
STD DEV   1.52  1.67  1.70  1.64  1.50  1.55  1.47  1.38  1.68  1.55  1.38  1.44
SKEW      0.61  0.40  0.46  0.56  0.44  0.70  0.79  0.68  0.69  0.38  0.64  0.52
% ESE     2.73  3.03  3.89  5.60  5.49  5.17  3.79  3.84  4.89  3.13  2.81  2.83
MEAN      3.25  3.80  3.93  4.06  3.71  3.50  3.18  2.98  3.73  3.44  3.26  3.18
STD DEV   1.56  1.75  1.75  1.80  1.54  1.52  1.40  1.37  1.77  1.53  1.33  1.38
SKEW      0.78  0.39  0.44  0.64  0.51  0.61  0.55  0.83  0.93  0.44  0.40  0.51
% SE      2.34  2.78  3.42  5.84  5.17  4.23  4.10  3.79  4.48  2.17  2.46  2.39
MEAN      3.28  3.79  3.87  4.01  3.48  3.37  3.04  2.96  3.39  3.26  3.27  3.26
STD DEV   1.47  1.70  1.80  1.76  1.35  1.43  1.31  1.34  1.42  1.35  1.36  1.43
SKEW      0.52  0.41  0.75  0.77  0.41  0.53  0.53  0.68  0.66  0.40  0.54  0.68
% SSE     3.02  3.32  3.30  5.30  3.72  3.36  4.22  3.21  2.63  1.46  2.49  3.03
MEAN      3.51  4.01  4.00  4.06  3.48  3.55  3.13  2.91  3.39  3.34  3.57  3.66
STD DEV   1.79  1.80  2.00  1.86  1.53  1.88  1.50  1.45  1.65  1.36  1.64  1.65
SKEW      0.69  0.38  1.14  0.68  0.55  1.13  0.84  0.89  0.71  0.19  0.47  0.66
% S       4.91  5.66  6.54  7.46  5.24  5.93  7.63  5.80  3.27  1.87  4.09  5.31
MEAN      3.83  4.35  4.40  4.06  3.35  3.17  3.15  2.89  3.14  3.37  3.89  4.18
STD DEV   1.94  2.11  2.08  2.04  1.64  1.55  1.50  1.41  1.51  1.40  1.81  1.93
SKEW      0.61  0.64  0.66  0.79  0.83  0.99  0.92  0.91  0.70  0.31  0.51  0.51
% SSW     5.22  5.98  6.67  7.38  5.12  5.64  7.17  5.18  2.43  1.31  3.28  3.80
MEAN      4.20  4.54  4.59  4.39  3.50  3.46  3.38  3.06  3.01  3.16  4.10  3.99
STD DEV   1.85  2.14  2.06  2.21  1.56  1.51  1.57  1.46  1.42  1.24  1.95  1.96
SKEW      0.33  0.59  0.45  0.78  0.55  0.63  0.90  0.92  0.93  0.32  0.55  0.65
% SW      4.71  6.20  6.46  7.52  5.85  6.80  8.25  5.97  2.94  1.49  2.82  3.52
MEAN      4.02  4.37  4.57  4.31  3.55  3.49  3.42  3.14  3.22  3.22  3.69  3.83
STD DEV   1.88  2.13  2.16  2.10  1.61  1.48  1.50  1.48  1.45  1.32  1.81  1.96
SKEW      0.65  0.84  0.65  0.77  0.86  0.61  0.89  1.00  0.62  0.47  0.80  0.96
% WSW     4.14  4.79  4.94  5.41  5.36  6.45  7.04  5.21  1.86  1.67  3.08  3.60
MEAN      4.49  4.54  4.74  4.64  3.84  3.82  3.71  3.43  3.06  3.75  4.28  4.13
STD DEV   2.25  2.23  2.25  2.21  1.65  1.61  1.56  1.49  1.25  1.97  2.03  2.03
SKEW      0.65  0.70  0.76  0.71  0.65  0.61  0.67  0.74  0.33  0.95  0.54  0.94
% W       5.59  6.32  6.32  6.03  6.19  7.16  6.73  5.49  2.63  3.06  5.58  5.50
MEAN      4.43  4.64  4.72  4.43  3.70  3.71  3.57  3.33  3.27  3.83  4.32  4.14
STD DEV   2.17  2.42  2.21  2.06  1.67  1.60  1.50  1.36  1.55  1.86  2.04  1.89
SKEW      0.65  0.81  0.58  0.65  0.68  0.67  0.63  0.39  0.74  0.73  0.59  0.62
% WNW     7.42  8.26  7.73  5.69  4.86  4.65  3.95  3.86  2.28  3.82  5.96  6.19
MEAN      4.70  4.91  5.11  4.68  4.01  3.67  3.46  3.35  3.33  3.68  4.52  4.52
STD DEV   2.15  2.26  2.29  2.17  1.90  1.50  1.46  1.47  1.43  1.77  2.15  2.11
SKEW      0.62  0.73  0.49  0.59  0.93  0.41  0.52  0.65  0.48  0.68  0.67  0.52
% NW      6.89  6.02  6.59  4.71  4.07  2.97  2.72  3.17  2.80  4.58  5.75  5.56
MEAN      4.58  4.61  4.76  4.30  3.67  3.27  3.24  3.09  3.40  3.68  4.11  4.08
STD DEV   2.01  1.99  2.28  1.92  1.71  1.36  1.33  1.27  1.56  1.63  1.91  1.90
SKEW      0.52  0.56  0.59  0.44  0.83  0.42  0.44  0.61  0.68  0.72  0.57  0.68
% NNW     5.19  4.56  4.90  3.17  3.42  2.06  1.84  2.35  2.24  4.12  4.71  4.86
MEAN      3.97  4.10  4.24  4.12  3.54  3.25  3.11  3.11  3.34  3.59  3.87  3.81
STD DEV   1.72  1.76  1.82  1.76  1.62  1.30  1.21  1.21  1.60  1.68  1.84  1.64
SKEW      0.48  0.31  0.57  0.26  0.69  0.49  0.48  0.37  1.05  0.74  0.70  0.37
CALM     24.51 20.91 18.47 20.06 23.29 22.49 24.98 28.96 22.80 25.07 27.99 27.96
ALBANY NAS    GA    0.425  VALDOSTA/MOODYGA    0.320  ALMA          GA    0.255
