 DELPHI IN                               122149 0
 LATT=  40.58 LONG= -86.67 YEARS= 44. TYPE= 3
 ELEVATION =  670. TP5 = 2.17 TP6= 4.22
 MEAN P   0.23  0.25  0.26  0.31  0.35  0.41  0.49  0.45  0.39  0.33  0.30  0.28
 S DEV P  0.32  0.34  0.30  0.40  0.42  0.53  0.59  0.58  0.53  0.42  0.37  0.34
 SQEW  P  3.39  3.18  1.98  4.06  2.17  2.52  1.95  2.39  3.48  2.42  2.38  2.41
 P(W/W)   0.42  0.37  0.43  0.54  0.52  0.45  0.39  0.41  0.38  0.45  0.47  0.43
 P(W/D)   0.23  0.24  0.28  0.29  0.25  0.26  0.24  0.21  0.20  0.20  0.24  0.24
 TMAX AV 34.49 38.81 50.19 63.87 74.55 83.23 86.16 83.95 78.23 66.73 51.62 38.64
 TMIN AV 17.63 20.82 29.91 40.05 49.88 59.18 62.78 60.53 53.50 42.52 33.04 22.80
 SD TMAX 12.07 11.34 12.41 11.34  9.30  7.20  5.75  5.77  8.36 10.22 11.76 11.47
 SD TMIN 13.10 12.31 10.60  9.86  9.21  7.66  6.60  7.20  9.46  9.85 10.47 12.11
 SOL.RAD  125.  189.  286.  373.  465.  514.  517.  461.  374.  264.  156.  111.
 SD SOL   51.7  63.8  79.0 100.2 104.8 103.5  93.9 182.1  82.7  49.8  47.8  46.9
 MX .5 P  0.44  0.45  0.45  0.95  0.63  1.91  1.46  1.59  1.02  0.57  0.32  0.42
 DEW PT  22.54 23.27 29.64 39.64 49.08 59.35 63.67 62.67 54.38 44.69 32.60 24.18
Time Pk  0.652 0.746 0.789 0.830 0.845 0.857 0.873 0.893 0.903 0.930 0.961 1.000
% N       3.80  5.16  5.32  5.43  5.82  6.28  6.11  6.42  5.25  4.57  3.25  2.41
MEAN      5.08  5.34  5.22  5.06  4.62  3.91  3.65  3.62  4.27  4.30  4.76  4.85
STD DEV   1.74  2.21  2.13  2.09  2.09  1.70  1.55  1.51  1.67  1.77  2.14  2.15
SKEW      0.24  0.33  0.48  0.47  0.54  0.49  0.49  0.42  0.40  0.30  0.29  0.62
% NNE     3.76  3.62  4.36  4.91  5.87  4.66  5.69  6.33  4.31  4.25  2.42  2.58
MEAN      5.23  4.65  5.13  4.72  4.51  4.05  3.75  3.57  4.13  3.87  4.81  5.40
STD DEV   2.10  1.91  2.02  1.85  1.88  1.60  1.44  1.47  1.76  1.42  1.75  2.30
SKEW      0.62  0.71  0.53  0.33  0.42  0.42  0.47  0.63  0.48  0.45  0.11  0.29
% NE      3.43  4.34  4.40  4.35  5.50  4.33  6.34  6.50  5.33  4.61  2.64  2.56
MEAN      5.27  4.76  4.92  4.84  4.26  3.59  3.33  3.26  3.82  3.56  4.37  4.87
STD DEV   2.26  1.96  1.97  2.10  1.80  1.57  1.45  1.36  1.69  1.59  1.65  2.44
SKEW      0.39  0.26  0.36  0.35  0.45  0.67  0.45  0.48  0.87  0.58  0.42  0.58
% ENE     4.15  5.91  5.81  5.58  5.34  4.33  4.57  5.20  4.27  3.68  2.28  2.77
MEAN      4.70  5.06  5.25  5.17  4.13  3.78  3.26  3.18  3.36  3.58  4.04  4.73
STD DEV   1.78  2.19  1.94  2.05  1.75  1.62  1.35  1.28  1.50  1.47  1.95  2.08
SKEW      0.21  0.52  0.18  0.35  0.52  0.38  0.55  0.52  0.74  0.62  0.63  0.82
% E       2.89  4.34  5.78  5.25  5.50  3.90  4.00  4.08  4.57  3.62  2.26  2.81
MEAN      4.27  4.49  5.06  4.78  3.88  3.33  2.75  2.61  2.83  2.89  3.24  4.22
STD DEV   1.59  2.00  2.18  1.98  1.60  1.48  1.18  1.12  1.24  1.28  1.37  1.75
SKEW      0.15  0.48  0.42  0.31  0.26  0.52  0.61  0.77  0.74  0.45  0.19  0.42
% ESE     3.86  3.73  4.24  4.78  4.26  2.89  2.85  2.94  3.67  3.71  2.22  3.56
MEAN      4.30  4.49  5.01  4.82  4.03  3.52  2.90  2.92  3.09  3.29  3.65  4.31
STD DEV   1.56  1.74  1.99  1.96  1.59  1.41  1.17  1.24  1.22  1.37  1.39  1.46
SKEW      0.34  0.35  0.40  0.37  0.42  0.39  0.42  0.46  0.49  0.84  0.78  0.42
% SE      3.79  3.58  4.03  4.30  4.58  3.80  4.36  4.13  4.65  4.12  3.10  4.28
MEAN      4.19  4.44  4.45  4.51  3.94  3.04  2.90  2.74  3.20  3.26  3.59  4.39
STD DEV   1.80  1.75  1.83  2.03  1.71  1.43  1.23  1.10  1.43  1.54  1.54  1.98
SKEW      0.83  0.44  0.48  0.62  0.64  0.73  0.66  0.62  0.70  0.93  0.38  0.69
% SSE     5.17  4.97  5.57  5.06  4.98  6.20  5.76  4.77  7.03  6.38  5.40  6.00
MEAN      5.03  5.24  5.28  5.13  4.22  3.90  3.31  3.21  3.77  4.02  4.81  4.93
STD DEV   2.04  2.04  2.06  2.13  1.87  1.85  1.37  1.43  1.66  1.77  2.05  2.06
SKEW      0.21  0.22  0.40  0.48  0.56  0.87  0.48  0.71  0.53  0.59  0.59  0.38
% S       7.72  5.73  6.60  6.97  7.02 10.37  9.36  7.75  9.50  9.74  9.15  8.25
MEAN      5.34  5.07  5.83  5.61  4.50  4.23  3.56  3.14  3.94  4.21  5.02  5.16
STD DEV   2.48  2.17  2.51  2.43  2.21  1.96  1.82  1.41  2.00  2.18  2.56  2.32
SKEW      0.69  0.45  0.30  0.30  0.85  0.68  0.98  0.69  0.78  1.18  0.68  0.38
% SSW    12.23 10.11  7.44  8.79  9.53 11.61 10.53  8.70  9.70 11.11 13.02 12.84
MEAN      6.21  6.04  6.42  6.09  5.44  4.90  4.43  3.90  4.83  5.23  5.96  6.13
STD DEV   2.67  2.40  2.98  2.55  2.48  2.10  2.03  1.74  2.15  2.30  2.47  2.45
SKEW      0.70  0.30  0.37  0.36  0.50  0.57  0.62  0.65  0.40  0.36  0.26  0.25
% SW      9.57  8.69  6.43  7.09  9.51 10.62  9.04  9.01  8.81  9.90 11.81 12.24
MEAN      5.60  5.90  6.00  6.31  5.02  4.76  4.10  3.84  4.16  5.03  5.43  5.71
STD DEV   2.33  2.61  2.78  2.86  2.52  2.20  2.01  1.72  2.04  2.54  2.82  2.38
SKEW      0.34  0.45  0.40  0.48  0.68  0.62  0.70  0.49  0.55  0.59  0.94  0.40
% WSW     8.75  7.78  8.62  7.51  7.25  6.28  6.03  6.23  5.58  5.15  8.60 10.46
MEAN      6.33  6.03  6.33  6.23  5.30  4.43  4.12  3.90  3.73  4.45  5.40  5.57
STD DEV   2.94  2.87  2.83  3.10  2.55  2.14  1.97  1.64  1.57  2.17  2.43  2.43
SKEW      0.76  0.90  0.45  0.74  0.63  0.59  0.71  0.53  0.50  0.52  0.57  0.56
% W       9.35 10.02  8.67  6.96  5.53  4.63  5.04  4.91  5.01  6.55  9.96  9.47
MEAN      5.66  5.53  6.06  5.85  4.80  3.91  3.35  3.32  3.69  4.34  5.48  5.19
STD DEV   2.54  2.33  2.85  3.00  2.47  1.89  1.70  1.57  1.93  2.28  2.49  2.19
SKEW      0.59  0.28  0.49  0.55  0.55  0.72  1.00  0.73  0.97  0.74  0.50  0.48
% WNW     7.69  9.13  7.31  8.48  4.67  3.49  3.27  3.74  5.02  5.24  9.13  8.71
MEAN      6.06  6.32  6.28  6.24  5.17  4.17  3.95  4.06  4.72  5.47  6.06  5.65
STD DEV   2.23  2.33  2.40  2.53  2.33  1.95  1.77  1.65  1.96  2.42  2.14  2.09
SKEW      0.27  0.15  0.43  0.34  0.64  0.71  0.79  0.33  0.37  0.28  0.22  0.29
% NW      6.51  5.18  6.87  6.60  5.35  4.63  4.00  4.49  4.97  4.80  6.70  5.16
MEAN      5.97  5.68  5.78  5.80  4.61  4.15  3.98  3.74  4.29  4.92  5.83  5.49
STD DEV   2.31  2.21  2.37  2.35  2.04  1.91  1.73  1.66  1.78  1.97  2.60  2.15
SKEW      0.17  0.08  0.39  0.21  0.37  0.49  0.34  0.36  0.32  0.19  0.52  0.26
% NNW     4.58  5.42  6.03  5.52  5.39  5.01  4.44  4.71  4.17  5.08  4.34  2.88
MEAN      5.45  5.76  5.75  5.95  4.78  4.16  4.10  3.89  4.59  5.02  5.13  5.47
STD DEV   2.12  2.22  2.29  2.29  1.89  1.85  1.63  1.67  1.76  1.92  1.96  2.29
SKEW      0.48  0.35  0.16  0.07  0.32  0.39  0.42  0.41  0.35  0.29  0.31  0.49
CALM      2.73  2.26  2.59  2.32  3.93  6.95  8.66 10.11  8.17  7.48  3.77  2.97
W. LAFAYETTE  IN    0.549  BUNKER HILL   IN    0.326  SOUTH BEND    IN    0.124
 FT WAYNE WB BAER AP IN                  123037 0
 LATT=  41.00 LONG= -85.20 YEARS= 44. TYPE= 3
 ELEVATION =  800. TP5 = 2.10 TP6= 4.01
 MEAN P   0.19  0.20  0.22  0.26  0.32  0.38  0.37  0.37  0.29  0.31  0.25  0.21
 S DEV P  0.30  0.30  0.26  0.32  0.42  0.49  0.46  0.46  0.38  0.44  0.31  0.29
 SQEW  P  3.16  3.69  2.14  2.28  3.32  3.19  2.35  2.41  3.04  2.66  2.16  2.56
 P(W/W)   0.47  0.48  0.52  0.55  0.51  0.48  0.41  0.42  0.44  0.45  0.48  0.51
 P(W/D)   0.32  0.30  0.35  0.36  0.29  0.26  0.27  0.24  0.24  0.23  0.30  0.35
 TMAX AV 31.61 35.04 45.86 59.83 71.40 80.89 84.50 82.39 75.72 63.77 48.54 36.03
 TMIN AV 16.89 19.20 28.23 38.79 49.21 59.03 62.90 60.74 53.26 42.28 32.24 21.97
 SD TMAX 11.60 11.20 12.50 11.92 10.07  7.74  6.03  6.24  8.60 10.40 11.66 11.37
 SD TMIN 12.49 12.02 10.06  9.33  8.63  7.16  6.06  6.59  8.92  9.36  9.70 11.83
 SOL.RAD  125.  194.  297.  376.  469.  525.  523.  471.  385.  273.  157.  113.
 SD SOL   53.4  64.2  78.4 104.0 108.9 105.6  97.0 208.7  82.5  48.2  48.8  47.5
 MX .5 P  0.35  0.27  0.31  0.56  0.61  1.03  0.93  1.30  0.79  0.51  0.28  0.46
 DEW PT  20.00 22.00 28.00 36.00 48.00 58.00 62.00 61.00 54.00 44.00 33.00 23.00
Time Pk  0.652 0.751 0.798 0.845 0.859 0.868 0.881 0.894 0.903 0.926 0.958 1.000
% N       3.01  4.09  4.74  4.16  4.75  4.87  5.70  5.21  4.86  4.27  2.87  2.66
MEAN      4.42  4.52  4.59  4.35  4.18  3.49  3.45  3.32  3.64  3.82  4.49  4.59
STD DEV   1.78  2.03  1.98  1.90  1.93  1.56  1.60  1.50  1.59  1.59  2.15  2.04
SKEW      0.19  0.31  0.65  0.46  0.52  0.50  0.82  0.57  0.43  0.32  0.44  0.28
% NNE     3.08  3.03  3.04  3.06  3.26  2.94  3.29  3.45  3.36  2.90  2.40  1.88
MEAN      4.96  4.64  4.62  4.20  4.17  3.89  3.45  3.38  3.88  3.57  4.62  4.47
STD DEV   2.23  1.97  1.97  1.80  1.80  1.59  1.35  1.45  1.68  1.43  1.88  1.91
SKEW      0.51  0.28  0.55  0.61  0.70  0.42  0.38  0.68  0.58  0.66  0.39  0.47
% NE      3.88  4.24  4.12  3.97  4.51  3.65  3.67  4.35  4.36  3.30  2.02  2.25
MEAN      5.12  4.89  4.89  4.66  4.30  3.91  3.45  3.28  3.74  3.31  3.78  4.34
STD DEV   2.31  2.16  2.19  2.12  1.87  1.68  1.54  1.34  1.81  1.44  1.53  2.18
SKEW      0.77  0.48  0.63  0.36  0.54  0.37  0.64  0.51  0.82  0.58  0.29  0.67
% ENE     3.56  5.30  5.96  5.30  5.33  3.95  3.90  4.07  3.97  2.92  2.18  2.53
MEAN      4.89  5.12  5.25  5.02  4.48  4.11  3.41  3.26  3.32  3.60  3.76  4.62
STD DEV   2.03  2.38  2.16  2.13  1.91  1.80  1.46  1.32  1.42  1.54  1.72  2.07
SKEW      0.35  0.57  0.39  0.37  0.34  0.43  0.57  0.56  0.72  0.52  0.55  0.55
% E       3.70  5.69  7.41  6.49  6.70  4.95  5.28  5.12  5.46  4.30  3.27  4.01
MEAN      4.16  4.55  5.23  4.87  4.21  3.78  3.24  3.00  3.22  3.36  3.49  4.40
STD DEV   1.69  2.03  2.19  2.04  1.71  1.58  1.29  1.23  1.29  1.48  1.52  1.98
SKEW      0.43  0.60  0.27  0.47  0.33  0.32  0.35  0.55  0.66  0.59  0.86  0.49
% ESE     3.10  3.37  4.00  4.66  5.07  3.41  3.09  3.28  4.22  3.58  2.64  3.40
MEAN      4.39  4.50  5.05  4.84  4.28  3.56  3.13  2.98  3.33  3.37  3.79  4.38
STD DEV   1.90  1.81  2.10  1.88  1.70  1.56  1.24  1.18  1.37  1.40  1.60  1.83
SKEW      0.48  0.43  0.38  0.30  0.25  0.51  0.56  0.52  0.66  0.73  0.66  0.27
% SE      4.32  3.90  4.30  4.62  5.03  4.45  4.15  4.73  5.80  5.42  3.83  4.50
MEAN      4.09  4.41  4.44  4.42  3.97  3.26  2.90  2.86  3.25  3.34  3.82  4.29
STD DEV   1.58  1.81  1.83  1.94  1.73  1.51  1.25  1.20  1.49  1.36  1.58  1.82
SKEW      0.41  0.35  0.49  0.44  0.60  0.92  0.89  0.70  0.85  0.51  0.40  0.56
% SSE     4.78  4.57  4.81  4.67  4.65  4.90  4.14  4.28  5.84  5.88  5.08  5.26
MEAN      4.77  4.77  4.80  4.44  4.03  3.32  3.12  3.15  3.43  3.59  4.51  4.56
STD DEV   1.98  1.98  1.97  1.93  1.77  1.45  1.24  1.29  1.44  1.39  1.98  1.88
SKEW      0.35  0.32  0.37  0.61  0.74  0.70  0.64  0.78  0.70  0.58  0.80  0.50
% S       8.19  6.36  6.68  7.74  8.03 10.48  9.09  8.38 10.51 11.38 10.33  8.91
MEAN      4.72  4.73  4.93  4.89  4.32  3.94  3.41  3.19  3.88  4.08  4.75  4.72
STD DEV   2.13  2.08  2.17  2.11  1.96  1.75  1.54  1.39  1.75  1.82  2.17  2.08
SKEW      0.51  0.42  0.49  0.48  0.68  0.89  0.97  0.71  0.57  0.79  0.56  0.39
% SSW    11.16  8.28  6.47  8.18  8.28 10.49  8.47  8.99  9.20 10.73 12.02 11.82
MEAN      5.80  5.49  5.77  5.43  4.94  4.40  4.06  3.72  4.48  4.88  5.55  5.66
STD DEV   2.37  2.28  2.59  2.32  2.21  1.97  1.74  1.61  1.95  2.01  2.22  2.26
SKEW      0.48  0.16  0.39  0.48  0.57  0.73  0.63  0.61  0.54  0.47  0.27  0.33
% SW     10.52  8.03  6.64  7.70  8.29  9.15  8.42  8.39  7.66  9.14 10.88 11.52
MEAN      5.46  5.22  5.69  5.75  4.85  4.66  3.96  3.73  4.10  4.76  5.35  5.44
STD DEV   2.12  2.22  2.70  2.65  2.25  2.04  1.84  1.60  1.88  2.16  2.33  2.23
SKEW      0.50  0.41  0.46  0.63  0.70  0.57  0.77  0.49  0.70  0.50  0.46  0.45
% WSW     8.94  7.82  7.07  6.37  6.84  6.56  6.62  6.20  5.00  6.25 10.01 10.17
MEAN      6.17  5.86  6.28  6.22  5.43  4.69  4.20  3.92  4.27  4.95  5.66  5.55
STD DEV   2.65  2.58  2.92  3.04  2.53  2.08  1.92  1.73  1.83  2.21  2.50  2.27
SKEW      0.68  0.61  0.54  0.71  0.55  0.63  0.62  0.86  0.40  0.50  0.60  0.34
% W      12.60 12.97 11.08  9.60  7.77  6.86  7.45  7.00  6.97  8.83 11.64 13.29
MEAN      6.09  5.87  6.10  5.91  5.11  4.37  3.78  3.68  4.30  4.92  5.68  5.48
STD DEV   2.56  2.67  2.93  2.85  2.45  2.13  1.81  1.63  2.14  2.32  2.55  2.33
SKEW      0.57  0.54  0.68  0.71  0.53  0.77  0.88  0.69  0.86  0.56  0.66  0.48
% WNW     7.70  9.57  8.60  8.24  6.23  5.72  5.93  5.43  6.02  5.80  7.63  7.72
MEAN      6.00  6.07  5.83  5.96  4.95  4.27  4.11  4.08  4.62  5.09  5.78  5.43
STD DEV   2.41  2.44  2.56  2.62  2.19  1.99  1.91  1.74  2.02  2.20  2.29  2.09
SKEW      0.27  0.19  0.57  0.52  0.56  0.83  0.68  0.54  0.58  0.37  0.38  0.17
% NW      4.41  5.12  6.22  6.30  5.32  4.85  5.08  5.01  4.39  4.60  5.18  3.67
MEAN      5.20  5.22  5.16  5.38  4.53  4.06  3.79  3.72  4.14  4.45  5.28  4.84
STD DEV   2.25  2.28  2.15  2.24  2.01  1.69  1.68  1.64  1.79  1.96  2.30  2.04
SKEW      0.25  0.40  0.36  0.36  0.42  0.39  0.39  0.39  0.36  0.34  0.43  0.29
% NNW     3.68  4.82  5.82  6.38  5.87  5.80  6.24  6.33  4.81  4.88  4.10  3.01
MEAN      4.94  5.11  5.21  5.34  4.47  4.19  4.12  3.88  4.08  4.57  4.62  4.91
STD DEV   2.19  2.18  2.34  2.15  1.85  1.77  1.85  1.70  1.74  1.82  1.99  2.07
SKEW      0.40  0.47  0.49  0.38  0.34  0.41  0.55  0.36  0.48  0.33  0.43  0.25
CALM      3.35  2.92  3.08  2.56  4.12  7.06  9.48  9.71  7.46  5.79  3.92  3.47
BUNKER HILL   IN    0.423  SOUTH BEND    IN    0.297  FINDLAY       OH    0.280
 GREENSBURG IN                           123547 0
 LATT=  39.35 LONG= -85.48 YEARS= 44. TYPE= 3
 ELEVATION =  950. TP5 = 2.19 TP6= 4.27
 MEAN P   0.32  0.34  0.38  0.35  0.43  0.40  0.45  0.43  0.37  0.34  0.37  0.35
 S DEV P  0.47  0.40  0.45  0.41  0.50  0.43  0.53  0.54  0.41  0.43  0.43  0.40
 SQEW  P  4.02  2.32  2.91  2.34  2.13  2.16  2.13  2.51  2.03  3.45  2.00  2.03
 P(W/W)   0.40  0.39  0.43  0.51  0.50  0.44  0.42  0.42  0.42  0.46  0.46  0.46
 P(W/D)   0.23  0.22  0.27  0.31  0.27  0.25  0.27  0.20  0.20  0.19  0.26  0.20
 TMAX AV 36.75 41.21 51.39 63.95 73.95 82.38 85.65 84.20 78.23 66.90 52.36 40.60
 TMIN AV 19.26 22.15 30.88 41.28 50.71 59.33 62.76 60.38 53.74 42.27 32.86 23.57
 SD TMAX 12.42 12.05 12.47 11.24  8.83  6.54  5.44  5.91  8.19 10.18 11.91 11.86
 SD TMIN 13.71 12.90 11.41 10.53  9.28  7.48  6.64  7.10  9.51 10.56 11.14 12.75
 SOL.RAD  147.  225.  323.  409.  513.  563.  558.  506.  426.  307.  192.  139.
 SD SOL   47.0  54.2  67.7  87.0  87.0  84.6  78.1 147.5  66.9  38.4  38.9  40.4
 MX .5 P  0.40  0.58  0.50  0.65  0.69  1.73  1.36  1.55  0.95  0.82  0.47  0.45
 DEW PT  24.61 25.26 30.41 40.41 51.33 60.75 64.16 63.16 55.50 44.82 32.41 25.02
Time Pk  0.643 0.756 0.806 0.855 0.869 0.876 0.889 0.902 0.912 0.933 0.959 1.000
% N       6.28  6.01  6.28  5.55  5.73  5.26  5.51  7.91  6.67  5.85  3.89  4.33
MEAN      4.50  4.48  4.67  4.43  4.17  3.70  3.44  3.38  3.78  3.77  3.85  4.26
STD DEV   1.77  2.04  2.01  1.74  1.77  1.60  1.44  1.47  1.65  1.51  1.73  1.77
SKEW      0.50  0.70  0.50  0.55  0.52  0.62  0.61  0.77  0.66  0.56  0.87  0.43
% NNE     4.16  4.76  4.68  4.50  4.51  3.89  4.06  5.37  5.10  4.13  2.58  2.98
MEAN      4.47  4.72  4.58  4.32  4.43  3.82  3.40  3.43  3.71  3.71  3.79  4.28
STD DEV   1.89  2.08  1.81  1.69  1.83  1.64  1.41  1.50  1.53  1.46  1.50  1.78
SKEW      0.68  0.43  0.47  0.47  0.49  0.59  0.52  0.79  0.73  0.54  0.38  0.58
% NE      3.70  4.98  5.48  4.65  5.26  4.69  5.83  6.00  6.67  4.68  2.49  3.41
MEAN      4.15  4.45  4.55  4.20  4.32  3.64  3.24  3.11  3.53  3.47  3.49  3.93
STD DEV   1.82  1.91  1.96  1.61  1.74  1.55  1.30  1.19  1.48  1.35  1.42  1.63
SKEW      0.80  0.48  0.54  0.63  0.39  0.58  0.71  0.65  0.75  0.88  0.96  0.89
% ENE     2.66  4.10  4.57  3.91  3.84  3.19  3.70  3.68  4.38  3.36  1.92  2.28
MEAN      4.05  4.14  4.84  4.39  3.87  3.52  3.25  3.24  3.59  3.42  3.31  4.04
STD DEV   1.74  1.68  1.95  1.73  1.54  1.41  1.34  1.31  1.48  1.37  1.29  1.67
SKEW      1.03  0.69  0.43  0.52  0.60  0.65  0.79  0.74  0.60  0.70  0.60  1.15
% E       2.64  4.36  4.30  4.65  4.72  3.92  3.70  3.68  4.54  3.23  2.28  3.06
MEAN      3.70  3.97  4.41  4.09  3.47  3.25  2.82  2.90  3.15  3.23  3.32  3.62
STD DEV   1.41  1.57  1.78  1.56  1.29  1.25  1.07  1.17  1.21  1.26  1.23  1.37
SKEW      0.40  0.69  0.52  0.32  0.53  0.58  0.58  0.63  0.54  0.90  0.87  0.48
% ESE     2.73  3.57  3.57  4.16  4.08  3.17  2.95  2.54  3.52  3.37  2.46  3.14
MEAN      3.58  3.91  4.13  4.24  3.64  3.09  2.92  2.96  3.05  3.33  3.45  3.63
STD DEV   1.41  1.56  1.55  1.56  1.41  1.20  1.27  1.17  1.12  1.16  1.26  1.40
SKEW      0.56  1.09  0.54  0.50  0.72  0.65  0.68  0.50  0.49  0.68  0.52  0.53
% SE      3.65  3.83  4.04  4.84  4.30  3.90  3.28  3.18  4.37  4.46  3.87  4.62
MEAN      3.76  3.77  3.98  4.19  3.50  3.01  2.74  2.75  3.14  3.23  3.57  3.74
STD DEV   1.52  1.47  1.59  1.64  1.30  1.06  1.05  1.10  1.27  1.24  1.30  1.43
SKEW      0.79  0.80  0.73  0.45  0.64  0.62  0.79  0.61  0.57  0.54  0.55  0.45
% SSE     4.90  4.61  4.39  5.05  4.56  4.31  3.55  3.77  4.80  5.04  5.17  5.55
MEAN      3.92  4.18  4.48  4.33  3.71  3.34  3.00  3.05  3.33  3.48  4.00  3.96
STD DEV   1.53  1.67  1.84  1.68  1.46  1.31  1.20  1.17  1.42  1.44  1.68  1.45
SKEW      0.72  0.86  0.80  0.71  0.63  0.63  0.78  0.71  0.84  0.88  0.81  0.58
% S      11.24  8.60  8.42 10.59  9.89 10.69  8.53  8.15  9.63 11.82 13.11 12.07
MEAN      4.51  4.61  4.89  4.65  4.06  3.71  3.19  3.10  3.63  3.85  4.46  4.48
STD DEV   1.84  1.88  2.13  1.90  1.80  1.61  1.29  1.29  1.57  1.68  1.89  1.78
SKEW      0.57  0.66  0.51  0.64  0.97  0.88  0.82  0.75  0.86  0.83  0.76  0.66
% SSW     8.05  6.99  6.84  8.50  9.78 10.87  8.95  7.94  8.57  9.66  9.62  9.17
MEAN      5.06  5.26  5.82  5.47  4.71  4.36  3.77  3.73  4.28  4.48  4.99  5.20
STD DEV   2.05  2.24  2.55  2.20  2.07  1.88  1.63  1.52  1.86  1.88  2.02  2.04
SKEW      0.44  0.62  0.56  0.49  0.87  0.61  0.75  0.63  0.72  0.55  0.58  0.61
% SW      8.14  6.63  7.07  8.50  9.81 11.84 11.43  9.64  7.96  8.26  9.16  9.17
MEAN      5.19  5.24  5.62  5.79  4.90  4.30  3.96  3.85  4.13  4.59  4.99  5.08
STD DEV   2.15  2.36  2.57  2.50  2.19  1.83  1.71  1.70  1.73  2.09  2.22  2.06
SKEW      0.47  0.67  0.53  0.38  0.66  0.57  0.71  0.71  0.51  0.62  0.66  0.46
% WSW     6.54  6.20  6.27  5.74  6.55  7.10  7.38  5.58  4.32  4.48  7.32  7.96
MEAN      5.26  5.09  5.83  5.85  4.74  4.35  3.97  3.80  3.89  4.52  5.17  5.03
STD DEV   2.15  2.14  2.77  2.37  2.05  1.85  1.65  1.60  1.58  1.75  2.23  2.18
SKEW      0.55  0.82  0.75  0.25  0.59  0.69  0.63  0.55  0.59  0.47  0.59  0.60
% W       8.35  7.86  8.28  6.48  5.44  5.36  5.72  4.79  4.23  5.52  8.82  8.08
MEAN      5.40  5.26  5.90  5.71  4.64  4.07  3.79  3.53  3.76  4.62  5.22  5.07
STD DEV   2.21  2.23  2.43  2.51  1.96  1.84  1.64  1.57  1.75  2.05  2.31  2.16
SKEW      0.61  0.57  0.36  0.41  0.55  0.70  0.65  0.70  1.04  0.62  0.60  0.56
% WNW     6.78  8.36  7.64  5.47  4.10  3.27  3.34  3.36  3.41  5.04  7.52  7.17
MEAN      5.46  5.73  5.72  6.10  4.77  4.33  3.94  3.68  4.13  4.89  5.49  5.43
STD DEV   2.13  2.19  2.22  2.36  1.98  1.74  1.81  1.63  1.93  2.04  2.31  2.15
SKEW      0.44  0.33  0.25  0.20  0.43  0.49  0.74  0.66  0.67  0.48  0.33  0.31
% NW      7.36  8.21  7.67  6.59  5.04  3.84  4.11  4.73  4.52  5.76  7.21  6.63
MEAN      5.14  5.36  5.39  5.47  4.32  3.91  3.59  3.54  3.86  4.53  4.96  4.99
STD DEV   2.10  2.21  2.21  2.32  1.83  1.73  1.60  1.54  1.76  2.00  2.09  2.03
SKEW      0.42  0.36  0.53  0.41  0.43  0.73  0.74  0.72  0.71  0.54  0.58  0.36
% NNW     5.74  5.46  4.73  4.82  4.02  3.41  3.46  4.41  3.93  4.32  3.85  4.20
MEAN      4.73  4.99  4.97  5.15  4.39  3.89  3.53  3.49  3.86  4.14  4.39  4.68
STD DEV   1.82  2.08  2.03  1.96  1.78  1.61  1.44  1.42  1.59  1.77  1.77  1.94
SKEW      0.45  0.60  0.31  0.37  0.41  0.42  0.60  0.68  0.46  0.46  0.49  0.47
CALM      7.06  5.51  5.71  5.92  8.38 11.26 14.50 15.35 13.31 11.01  8.80  6.19
COLUMBUS      IN    0.492  COVINGTON/CIN.KY    0.259  INDIANAPOLIS  IN    0.249
 HARTFORD CITY IN                        123777 0
 LATT=  40.43 LONG= -85.37 YEARS= 32. TYPE= 3
 ELEVATION =  880. TP5 = 2.11 TP6= 4.04
 MEAN P   0.22  0.23  0.26  0.31  0.30  0.40  0.40  0.43  0.35  0.29  0.28  0.23
 S DEV P  0.30  0.33  0.31  0.37  0.32  0.49  0.53  0.54  0.48  0.32  0.37  0.30
 SQEW  P  2.85  2.94  2.11  1.98  1.78  2.12  2.41  2.82  3.15  1.69  2.31  2.61
 P(W/W)   0.38  0.40  0.42  0.48  0.53  0.44  0.43  0.38  0.45  0.45  0.50  0.49
 P(W/D)   0.23  0.24  0.31  0.29  0.26  0.25  0.25  0.22  0.19  0.21  0.27  0.27
 TMAX AV 30.39 34.26 45.66 59.41 70.32 79.50 82.86 81.23 75.51 63.08 49.01 35.95
 TMIN AV 14.39 16.95 27.55 38.51 48.93 58.01 61.75 59.43 52.72 40.85 31.65 20.86
 SD TMAX 12.47 11.86 13.20 11.85  9.98  7.21  5.81  5.79  8.34 10.75 11.61 11.95
 SD TMIN 13.64 12.86 11.05  9.57  8.88  7.10  6.23  6.81  9.06  9.62  9.73 12.23
 SOL.RAD  131.  201.  303.  384.  474.  533.  534.  479.  391.  280.  161.  118.
 SD SOL   49.8  59.8  73.1  96.2 101.4  97.1  88.1 173.5  77.4  44.6  45.9  44.5
 MX .5 P  0.36  0.42  0.36  0.57  0.62  1.42  1.01  1.44  0.85  0.54  0.33  0.47
 DEW PT  21.30 22.77 28.81 37.86 49.05 58.56 62.56 61.56 54.28 44.28 32.72 23.25
Time Pk  0.663 0.755 0.805 0.843 0.850 0.858 0.877 0.889 0.899 0.919 0.950 1.000
% N       4.00  4.83  5.52  4.67  5.08  5.16  5.85  5.81  5.65  4.85  3.41  3.31
MEAN      4.62  4.67  4.61  4.34  4.31  3.52  3.29  3.19  3.73  3.77  4.30  4.75
STD DEV   1.99  2.17  2.14  2.07  2.01  1.69  1.61  1.52  1.78  1.71  2.12  2.10
SKEW      0.21  0.45  0.69  0.51  0.57  0.69  0.83  0.71  0.57  0.55  0.63  0.41
% NNE     2.45  2.65  3.11  2.70  2.84  3.04  3.00  3.27  3.36  2.32  1.97  1.84
MEAN      4.76  4.55  4.61  4.30  4.16  3.80  3.26  3.21  3.63  3.24  4.13  4.25
STD DEV   2.28  2.14  2.13  2.07  1.85  1.77  1.43  1.47  1.78  1.49  1.98  1.99
SKEW      0.53  0.44  0.68  0.56  0.51  0.54  0.60  0.69  0.85  0.67  0.53  0.48
% NE      3.76  4.43  4.78  4.01  4.76  4.31  4.35  4.46  5.12  3.38  2.16  2.53
MEAN      4.75  4.67  4.65  4.54  4.29  3.75  3.19  3.00  3.48  2.97  3.70  4.12
STD DEV   2.42  2.22  2.18  2.20  2.01  1.75  1.52  1.40  1.83  1.37  1.65  2.19
SKEW      0.86  0.51  0.54  0.53  0.50  0.51  0.80  0.71  0.93  0.63  0.58  0.79
% ENE     3.59  5.70  6.12  5.21  5.05  4.11  3.81  3.77  4.68  3.29  2.52  2.67
MEAN      4.53  4.89  5.19  5.00  4.39  4.02  3.25  3.18  3.36  3.39  3.68  4.22
STD DEV   2.19  2.34  2.22  2.25  1.92  1.81  1.46  1.36  1.49  1.45  1.78  2.01
SKEW      0.53  0.62  0.40  0.52  0.42  0.43  0.62  0.58  0.60  0.52  0.89  0.56
% E       4.24  6.01  7.67  6.61  7.25  4.74  4.87  4.86  5.74  4.11  3.39  4.51
MEAN      4.08  4.50  4.96  4.89  4.34  3.60  3.09  3.01  3.22  3.35  3.52  4.23
STD DEV   1.93  2.12  2.20  2.16  1.85  1.60  1.37  1.40  1.39  1.54  1.52  2.01
SKEW      0.56  0.64  0.40  0.49  0.35  0.50  0.59  0.79  0.53  0.61  0.79  0.57
% ESE     2.79  2.92  2.94  3.82  4.05  2.46  2.38  2.68  3.44  2.89  2.38  3.21
MEAN      3.85  3.95  4.51  4.51  3.99  3.24  2.97  2.89  3.12  3.10  3.50  3.82
STD DEV   1.78  1.75  2.03  1.90  1.66  1.43  1.22  1.29  1.37  1.32  1.58  1.69
SKEW      0.70  0.56  0.60  0.42  0.40  0.59  0.74  0.90  0.66  0.64  1.14  0.54
% SE      3.41  3.10  3.26  4.11  4.01  3.04  3.11  3.30  4.00  4.10  3.05  3.24
MEAN      3.53  3.79  3.94  4.31  3.71  2.96  2.68  2.69  2.89  3.10  3.41  3.63
STD DEV   1.65  1.67  1.76  1.97  1.64  1.38  1.19  1.19  1.39  1.45  1.41  1.65
SKEW      0.61  0.53  0.46  0.52  0.62  0.95  0.84  0.86  0.80  0.73  0.46  0.66
% SSE     3.74  3.45  3.75  4.24  4.13  3.97  3.65  3.26  5.26  5.50  4.43  4.29
MEAN      4.29  4.19  4.29  4.30  3.85  3.18  2.93  2.88  3.24  3.48  4.03  3.99
STD DEV   2.08  1.94  1.87  1.87  1.77  1.45  1.25  1.26  1.44  1.49  1.85  1.82
SKEW      0.60  0.31  0.50  0.50  0.71  0.74  0.68  0.75  0.63  0.66  0.87  0.70
% S       7.89  6.75  7.12  8.66  8.33 10.21  8.39  8.04 10.53 11.16 10.75  9.25
MEAN      4.46  4.69  4.99  4.99  4.24  3.74  3.15  3.08  3.75  4.07  4.70  4.64
STD DEV   2.12  2.20  2.20  2.27  2.01  1.81  1.57  1.40  1.80  1.95  2.25  2.10
SKEW      0.54  0.51  0.49  0.49  0.66  0.91  1.08  0.80  0.64  0.89  0.63  0.44
% SSW     8.21  6.91  5.85  7.28  7.36  9.11  7.28  7.63  7.84  8.66 10.13  9.23
MEAN      5.54  5.36  5.81  5.44  5.09  4.32  3.86  3.75  4.37  4.76  5.43  5.52
STD DEV   2.60  2.39  2.69  2.40  2.45  2.07  1.80  1.77  2.02  2.13  2.40  2.34
SKEW      0.65  0.33  0.39  0.36  0.58  0.77  0.65  0.69  0.46  0.64  0.38  0.39
% SW      9.82  7.38  6.79  8.06  9.29 11.01  9.45  9.44  7.70  9.00 10.30 10.60
MEAN      5.70  5.56  6.15  6.13  5.18  4.78  4.05  3.98  4.41  5.01  5.53  5.57
STD DEV   2.40  2.53  3.10  2.91  2.40  2.20  1.97  1.89  2.11  2.38  2.57  2.47
SKEW      0.35  0.33  0.68  0.40  0.49  0.52  0.65  0.58  0.40  0.47  0.41  0.39
% WSW     9.26  7.50  7.01  6.29  7.17  7.10  6.94  6.68  5.00  6.07  8.96  9.79
MEAN      6.07  5.80  6.39  6.50  5.58  4.75  4.27  4.11  4.20  4.80  5.52  5.45
STD DEV   2.75  2.73  3.28  3.32  2.63  2.21  1.99  1.87  1.92  2.25  2.68  2.52
SKEW      0.70  0.65  0.72  0.67  0.53  0.51  0.54  0.48  0.48  0.50  0.72  0.50
% W      15.57 14.75 12.43  9.95  8.13  6.97  7.92  7.40  6.49  9.46 14.49 15.15
MEAN      6.17  6.10  6.34  6.15  5.35  4.46  3.89  3.83  4.35  5.07  5.92  5.61
STD DEV   2.70  2.71  3.14  3.05  2.54  2.24  1.93  1.81  2.19  2.39  2.76  2.60
SKEW      0.45  0.40  0.62  0.57  0.47  0.63  0.72  0.57  0.77  0.52  0.59  0.49
% WNW     6.65  8.13  6.82  6.64  4.86  3.91  4.38  4.19  3.88  4.94  6.66  7.14
MEAN      5.81  6.11  5.91  6.24  5.24  4.23  3.99  3.85  4.42  4.97  5.64  5.41
STD DEV   2.55  2.61  2.80  2.85  2.43  2.14  1.99  1.84  2.11  2.42  2.52  2.29
SKEW      0.21  0.21  0.66  0.52  0.56  0.80  0.71  0.65  0.62  0.54  0.53  0.34
% NW      4.78  5.90  6.50  6.91  5.28  4.98  5.04  5.09  4.30  4.62  5.02  4.18
MEAN      4.95  5.29  5.23  5.40  4.66  3.96  3.77  3.57  3.97  4.32  5.14  4.74
STD DEV   2.36  2.46  2.40  2.37  2.15  1.89  1.89  1.77  1.99  2.10  2.53  2.12
SKEW      0.46  0.45  0.41  0.35  0.49  0.63  0.58  0.71  0.66  0.62  0.66  0.41
% NNW     3.60  4.09  4.93  5.10  4.71  4.46  4.99  4.78  4.15  4.24  3.25  2.76
MEAN      4.91  5.22  5.30  5.27  4.52  3.87  3.87  3.72  3.96  4.27  4.49  4.87
STD DEV   2.29  2.47  2.49  2.25  2.03  1.81  1.87  1.73  1.79  1.89  2.18  2.12
SKEW      0.51  0.75  0.51  0.30  0.49  0.60  0.72  0.58  0.60  0.49  0.64  0.32
CALM      6.18  5.50  5.44  5.73  7.75 11.38 14.58 15.38 12.81 11.44  7.12  6.36
FT. WAYNE     IN    0.393  BUNKER HILL   IN    0.385  DAYTON/WRIGHT OH    0.221
 HOBART 1 NE IN                          124008 0
 LATT=  41.53 LONG= -87.25 YEARS= 44. TYPE= 3
 ELEVATION =  620. TP5 = 2.20 TP6= 4.19
 MEAN P   0.19  0.19  0.23  0.30  0.34  0.41  0.43  0.41  0.41  0.32  0.30  0.25
 S DEV P  0.26  0.26  0.28  0.37  0.42  0.55  0.61  0.56  0.54  0.44  0.41  0.47
 SQEW  P  2.93  3.21  2.48  2.75  2.22  3.30  3.62  2.88  2.36  3.77  3.41  5.46
 P(W/W)   0.41  0.40  0.43  0.52  0.47  0.43  0.39  0.41  0.43  0.49  0.45  0.41
 P(W/D)   0.24  0.24  0.27  0.30  0.28  0.26  0.25  0.23  0.23  0.21  0.27  0.27
 TMAX AV 32.87 36.74 47.29 60.91 72.38 82.09 85.44 83.60 77.54 66.42 50.40 36.90
 TMIN AV 16.47 19.54 28.43 38.78 47.86 57.78 62.57 60.91 53.93 43.56 32.75 21.63
 SD TMAX 11.28 10.60 12.24 12.31 10.91  8.57  6.51  6.38  8.88 10.36 11.45 10.98
 SD TMIN 12.96 11.79  9.83  9.59  9.42  8.15  6.44  6.96  8.91  9.22 10.17 11.92
 SOL.RAD  116.  175.  261.  356.  444.  484.  497.  428.  335.  228.  134.   94.
 SD SOL   49.3  63.0  82.0 101.0 108.4 110.7  97.4 185.9  91.2  57.1  49.8  47.3
 MX .5 P  0.42  0.31  0.50  1.36  0.64  1.94  1.77  1.35  1.01  0.50  0.27  0.29
 DEW PT  19.17 21.05 26.83 36.83 47.17 56.83 61.71 61.25 53.25 43.59 31.80 22.26
Time Pk  0.642 0.749 0.795 0.841 0.848 0.857 0.874 0.884 0.898 0.927 0.958 1.000
% N       4.03  5.13  5.15  5.42  5.95  5.25  5.00  5.37  4.77  4.61  3.19  2.88
MEAN      5.20  5.31  5.42  5.44  4.84  4.42  4.06  4.03  4.40  4.85  5.19  5.19
STD DEV   1.96  2.14  2.17  2.11  2.11  1.91  1.67  1.57  1.72  1.84  2.10  2.07
SKEW      0.42  0.53  0.51  0.39  0.54  0.60  0.54  0.43  0.49  0.32  0.31  0.39
% NNE     2.90  3.45  4.67  4.65  6.23  4.48  4.82  5.26  4.08  3.71  2.14  2.07
MEAN      4.87  4.99  5.15  5.05  4.72  4.42  3.96  3.98  4.22  4.38  4.89  5.43
STD DEV   1.78  2.04  2.02  1.91  1.83  1.75  1.59  1.62  1.73  1.73  1.89  2.19
SKEW      0.39  0.53  0.67  0.39  0.40  0.45  0.65  0.70  0.59  0.46  0.24  0.07
% NE      3.35  4.31  5.92  5.67  6.66  5.61  5.88  6.28  5.16  4.13  2.45  2.51
MEAN      5.00  4.76  4.92  4.82  4.33  3.80  3.57  3.62  3.99  3.88  4.31  4.80
STD DEV   2.25  1.94  1.98  2.08  1.71  1.65  1.43  1.52  1.68  1.71  1.73  2.23
SKEW      0.82  0.34  0.59  0.72  0.41  0.70  0.44  0.68  0.81  0.68  0.67  0.59
% ENE     3.45  5.46  6.59  6.17  6.28  5.11  5.29  5.10  4.37  3.69  2.25  2.55
MEAN      4.79  4.99  5.16  4.87  4.23  3.80  3.57  3.47  3.63  3.81  4.14  4.83
STD DEV   2.06  2.09  1.97  1.78  1.65  1.47  1.33  1.32  1.47  1.56  1.81  2.07
SKEW      0.87  0.49  0.47  0.43  0.56  0.54  0.46  0.52  0.78  0.68  0.73  0.51
% E       2.90  4.84  6.38  6.41  6.03  5.57  5.93  5.18  4.85  3.91  2.31  3.22
MEAN      4.18  4.50  5.20  4.82  3.91  3.55  3.17  3.18  3.25  3.22  3.65  4.31
STD DEV   1.66  1.93  2.06  1.94  1.51  1.48  1.27  1.25  1.31  1.33  1.54  1.83
SKEW      0.47  0.54  0.47  0.45  0.39  0.54  0.62  0.72  0.89  0.81  0.73  0.54
% ESE     2.84  3.44  4.20  4.49  4.22  3.27  3.12  2.89  3.18  3.30  1.91  3.01
MEAN      4.37  4.54  5.03  4.80  4.10  3.62  3.13  3.12  3.39  3.61  3.88  4.34
STD DEV   1.58  1.71  1.94  1.93  1.59  1.39  1.22  1.16  1.34  1.47  1.53  1.69
SKEW      0.43  0.56  0.24  0.42  0.60  0.39  0.56  0.51  0.59  0.83  0.65  0.70
% SE      3.70  3.73  3.93  4.43  4.46  4.03  3.98  4.05  4.20  4.43  2.98  4.35
MEAN      4.31  4.46  4.74  4.69  4.08  3.34  3.08  2.97  3.48  3.63  4.08  4.47
STD DEV   1.77  1.64  1.98  1.99  1.70  1.39  1.25  1.14  1.46  1.49  1.70  1.80
SKEW      0.74  0.33  0.57  0.56  0.51  0.72  0.82  0.64  0.74  0.68  0.52  0.64
% SSE     4.25  4.15  4.23  4.75  4.70  5.25  4.38  4.23  5.77  5.93  4.87  4.97
MEAN      4.55  4.89  5.10  5.19  4.34  3.89  3.36  3.31  3.82  4.08  4.74  4.56
STD DEV   1.78  1.89  1.95  2.02  1.76  1.61  1.34  1.30  1.58  1.67  1.84  1.75
SKEW      0.62  0.51  0.38  0.44  0.56  0.83  0.66  0.61  0.68  0.74  0.42  0.43
% S       8.85  6.97  6.94  7.61  8.18 11.20 10.17  9.93 11.75 11.62 11.19  9.57
MEAN      5.24  5.17  5.68  5.50  4.91  4.50  3.93  3.71  4.30  4.59  5.12  5.18
STD DEV   2.33  2.07  2.42  2.35  2.21  1.84  1.71  1.55  1.90  2.05  2.24  2.16
SKEW      0.70  0.42  0.54  0.46  0.68  0.70  0.75  0.73  0.77  0.84  0.67  0.53
% SSW    10.90  8.90  6.72  7.70  9.32 11.11 10.84 10.68 11.08 12.17 12.93 12.11
MEAN      5.63  5.59  5.92  5.77  5.38  4.78  4.43  4.09  4.71  5.02  5.56  5.60
STD DEV   2.25  2.09  2.63  2.41  2.27  1.83  1.81  1.66  1.91  2.02  2.14  2.17
SKEW      0.55  0.25  0.56  0.46  0.56  0.54  0.58  0.70  0.45  0.38  0.37  0.32
% SW     10.63  8.87  6.38  7.29  8.56  9.97 10.26 10.19  9.08  9.69 11.70 11.94
MEAN      5.22  5.32  5.72  5.65  5.13  4.71  4.27  4.05  4.24  4.75  5.13  5.40
STD DEV   2.07  2.25  2.76  2.57  2.33  1.97  1.81  1.66  1.85  2.09  2.27  2.14
SKEW      0.59  0.76  0.67  0.68  0.59  0.63  0.57  0.57  0.68  0.51  0.75  0.51
% WSW     8.63  7.16  7.08  6.13  5.97  5.69  6.06  6.06  5.30  5.41  9.23  9.40
MEAN      5.87  5.74  6.20  6.03  5.41  4.64  4.31  4.15  4.28  4.76  5.87  5.51
STD DEV   2.36  2.52  2.66  2.67  2.47  1.87  1.82  1.67  1.76  2.06  2.58  2.19
SKEW      0.59  0.83  0.50  0.66  0.74  0.46  0.64  0.57  0.64  0.54  0.66  0.51
% W       9.28  8.73  7.53  6.70  5.47  5.03  5.03  4.52  4.62  5.17  9.08  9.04
MEAN      5.75  5.57  5.94  5.91  5.15  4.42  3.98  3.85  4.24  4.79  5.71  5.39
STD DEV   2.37  2.35  2.57  2.78  2.42  1.96  1.83  1.78  2.10  2.35  2.40  2.12
SKEW      0.57  0.49  0.38  0.58  0.49  0.54  0.78  0.66  0.96  0.71  0.44  0.45
% WNW     8.29  8.83  7.79  7.57  4.91  4.49  4.48  4.13  5.37  5.60  8.54  8.65
MEAN      6.00  6.10  6.14  6.06  5.33  4.47  4.37  4.15  4.71  5.30  6.05  5.70
STD DEV   2.27  2.37  2.49  2.45  2.29  1.92  1.93  1.74  1.98  2.25  2.23  2.21
SKEW      0.39  0.22  0.40  0.36  0.55  0.54  0.67  0.49  0.44  0.29  0.16  0.41
% NW      8.82  8.37  8.56  7.72  5.70  5.71  5.68  5.71  7.08  7.05  8.20  7.50
MEAN      5.83  5.59  5.92  5.81  4.90  4.55  4.08  3.87  4.61  5.12  5.75  5.54
STD DEV   2.24  2.22  2.43  2.43  2.08  1.99  1.76  1.69  1.83  2.18  2.36  2.13
SKEW      0.25  0.19  0.51  0.29  0.28  0.44  0.60  0.54  0.34  0.42  0.37  0.30
% NNW     5.81  6.18  6.29  5.65  4.94  4.56  4.17  4.98  4.86  5.66  4.87  4.48
MEAN      5.74  5.72  5.88  5.89  5.07  4.53  4.18  4.12  4.78  5.39  5.66  5.73
STD DEV   2.07  2.12  2.29  2.23  1.95  1.82  1.65  1.62  1.78  2.04  2.22  2.19
SKEW      0.22  0.51  0.53  0.07  0.22  0.43  0.46  0.50  0.38  0.28  0.39  0.41
CALM      1.45  1.52  1.56  1.59  2.46  3.67  4.91  5.46  4.47  3.92  2.13  1.70
CHICAGO/MID.  IL    0.494  SOUTH BEND    IN    0.310  W. LAFAYETTE  IN    0.196
 INDIANAPOLIS WB AP IN                   124259 0
 LATT=  39.73 LONG= -86.27 YEARS= 44. TYPE= 3
 ELEVATION =  790. TP5 = 2.20 TP6= 4.40
 MEAN P   0.23  0.25  0.28  0.30  0.34  0.40  0.44  0.39  0.36  0.32  0.32  0.26
 S DEV P  0.35  0.35  0.39  0.37  0.40  0.54  0.60  0.52  0.48  0.45  0.41  0.34
 SQEW  P  2.94  2.51  2.88  2.31  2.40  2.75  3.11  2.87  2.41  3.21  2.24  2.17
 P(W/W)   0.50  0.46  0.52  0.54  0.52  0.44  0.39  0.39  0.40  0.44  0.46  0.53
 P(W/D)   0.30  0.30  0.34  0.32  0.29  0.26  0.28  0.23  0.21  0.21  0.28  0.32
 TMAX AV 34.94 39.17 49.89 62.94 73.52 82.48 85.48 83.81 77.67 66.09 51.10 39.07
 TMIN AV 18.81 21.98 31.12 41.59 51.74 61.05 65.09 62.72 55.13 43.73 33.28 23.64
 SD TMAX 12.53 12.09 12.87 11.53  9.19  6.80  5.50  5.67  8.23 10.17 12.59 12.09
 SD TMIN 12.72 11.90 10.33  9.65  8.49  6.82  5.62  6.09  9.18  9.52 10.22 11.91
 SOL.RAD  144.  213.  316.  396.  488.  543.  541.  490.  405.  293.  177.  132.
 SD SOL   48.5  58.7  71.1  93.1  96.7  92.9  85.3 161.5  74.3  43.0  43.8  43.0
 MX .5 P  0.46  0.73  0.48  0.71  0.65  2.38  1.39  1.92  1.11  0.65  0.42  0.49
 DEW PT  22.00 23.00 30.00 40.00 50.00 60.00 64.00 63.00 55.00 45.00 32.00 23.00
Time Pk  0.624 0.723 0.774 0.830 0.845 0.855 0.872 0.885 0.894 0.923 0.953 1.000
% N       5.80  5.17  5.05  5.40  5.54  5.80  5.93  7.88  6.16  5.43  3.71  4.11
MEAN      4.59  4.48  4.57  4.39  4.29  3.70  3.57  3.56  3.91  3.95  4.13  4.21
STD DEV   1.88  2.08  1.90  1.80  1.71  1.63  1.57  1.48  1.70  1.64  1.84  1.91
SKEW      0.45  0.62  0.43  0.42  0.34  0.47  0.67  0.51  0.47  0.39  0.64  0.64
% NNE     3.22  4.02  4.62  4.64  4.19  4.35  4.43  5.84  5.14  4.23  2.65  2.66
MEAN      4.69  4.73  4.67  4.42  4.49  3.72  3.62  3.62  3.95  4.10  4.10  4.50
STD DEV   1.76  2.01  1.74  1.61  1.69  1.51  1.56  1.39  1.41  1.43  1.43  1.72
SKEW      0.41  0.49  0.39  0.12  0.17  0.57  0.65  0.58  0.39  0.32  0.15  0.36
% NE      3.72  4.64  5.81  5.22  5.68  4.86  6.41  7.13  7.68  6.34  2.82  3.28
MEAN      4.64  4.62  4.81  4.72  4.59  3.65  3.29  3.40  3.77  3.81  4.21  4.35
STD DEV   1.85  1.85  1.98  1.76  1.85  1.59  1.37  1.29  1.48  1.52  1.42  1.76
SKEW      0.29  0.23  0.51  0.36  0.27  0.45  0.64  0.31  0.52  0.49  0.15  0.29
% ENE     2.82  3.75  5.06  4.54  4.37  3.42  3.73  3.77  4.41  3.32  1.96  2.18
MEAN      4.73  4.78  5.51  5.16  4.35  3.78  3.58  3.68  3.92  3.75  3.99  4.86
STD DEV   1.83  1.90  2.05  1.90  1.80  1.43  1.52  1.49  1.48  1.52  1.55  1.89
SKEW      0.73  0.31  0.29  0.19  0.29  0.16  0.47  0.36  0.54  0.56  0.11  0.76
% E       3.58  5.46  5.46  5.68  5.70  4.67  4.62  4.45  5.10  4.58  3.16  4.20
MEAN      3.97  4.51  5.02  5.00  4.09  3.36  3.00  3.19  3.23  3.60  3.86  4.37
STD DEV   1.55  1.81  2.03  1.86  1.52  1.39  1.28  1.38  1.29  1.32  1.73  1.59
SKEW      0.15  0.45  0.15  0.19  0.25  0.47  0.37  0.32  0.40  0.28  0.65 -0.04
% ESE     4.69  5.69  5.77  6.22  6.00  4.47  4.64  3.92  4.99  5.05  4.20  4.79
MEAN      4.16  4.53  5.01  4.95  4.04  3.36  3.10  3.14  3.34  3.62  3.82  4.17
STD DEV   1.63  1.64  1.70  1.82  1.54  1.32  1.11  1.19  1.14  1.17  1.43  1.52
SKEW      0.41  0.52  0.48  0.42  0.34  0.53  0.43  0.39  0.36  0.27  0.46  0.41
% SE      6.59  6.56  6.65  6.62  6.16  5.89  5.27  5.54  7.26  7.42  7.50  8.13
MEAN      4.27  4.44  4.60  4.62  3.85  3.24  2.91  2.98  3.20  3.60  4.21  4.18
STD DEV   1.55  1.68  1.77  1.77  1.44  1.15  1.12  1.16  1.18  1.28  1.64  1.58
SKEW      0.52  0.21  0.59  0.42  0.44  0.27  0.60  0.55  0.33  0.26  0.55  0.40
% SSE     5.31  4.07  4.50  4.87  5.15  5.24  4.85  4.57  5.75  5.60  5.47  5.51
MEAN      4.29  4.55  4.75  4.55  4.00  3.61  3.16  3.10  3.59  3.83  4.32  4.17
STD DEV   1.52  1.83  1.83  1.63  1.49  1.36  1.25  1.14  1.34  1.46  1.70  1.51
SKEW      0.43  0.73  0.74  0.52  0.52  0.46  0.78  0.52  0.49  0.63  0.65  0.73
% S       7.53  5.43  5.47  6.22  6.99  9.05  8.62  7.51  8.48  8.13  8.34  8.09
MEAN      4.58  4.69  4.96  4.71  4.42  4.01  3.38  3.23  3.81  4.21  4.77  4.61
STD DEV   1.77  1.93  2.13  2.03  1.92  1.73  1.35  1.45  1.52  1.80  2.09  1.84
SKEW      0.45  0.49  0.44  0.58  0.57  0.77  0.58  0.82  0.42  0.61  0.61  0.45
% SSW     6.69  5.77  5.18  6.84  7.36  9.21  7.28  7.11  7.90  7.19  7.38  7.04
MEAN      5.40  5.52  6.09  5.71  5.14  4.60  4.13  3.78  4.58  4.79  5.35  5.64
STD DEV   2.15  2.18  2.88  2.38  2.32  1.96  1.82  1.56  1.89  1.85  2.03  2.16
SKEW      0.53  0.20  0.57  0.42  0.87  0.52  0.71  0.59  0.46  0.19  0.44  0.64
% SW      8.80  8.62  7.66  9.46 11.03 12.63 13.00 11.29  9.33 10.24 10.92 10.47
MEAN      5.53  5.76  6.00  5.98  5.18  4.69  4.24  3.87  4.43  4.87  5.31  5.80
STD DEV   2.49  2.72  2.78  2.58  2.52  2.04  1.92  1.73  1.95  2.07  2.37  2.27
SKEW      0.41  0.66  0.45  0.47  0.62  0.46  0.75  0.67  0.36  0.43  0.75  0.34
% WSW     8.21  7.81  7.31  7.59  8.38  8.62  8.41  7.10  5.41  5.76  8.90  8.90
MEAN      5.55  5.68  6.19  6.14  5.10  4.50  4.17  3.84  4.05  4.60  5.64  5.49
STD DEV   2.25  2.44  3.10  2.78  2.21  1.92  1.85  1.66  1.69  1.94  2.48  2.25
SKEW      0.34  0.58  0.96  0.49  0.64  0.61  0.90  0.69  0.45  0.58  0.68  0.52
% W       9.72  8.78  8.99  7.99  6.14  5.79  6.66  5.62  4.87  6.35 11.40 10.18
MEAN      5.99  5.62  6.44  5.73  4.58  4.47  3.65  3.41  3.71  4.49  5.75  5.35
STD DEV   2.58  2.57  2.85  2.64  2.17  2.13  1.70  1.57  1.68  2.17  2.57  2.29
SKEW      0.43  0.65  0.50  0.56  0.65  0.65  0.59  0.92  0.81  0.73  0.47  0.37
% WNW     8.18  9.62  9.10  6.47  5.33  4.55  4.43  4.44  4.14  5.74  8.27  8.06
MEAN      6.19  6.30  6.58  6.30  5.50  4.64  4.11  3.86  4.32  5.21  6.06  5.96
STD DEV   2.33  2.46  2.58  2.49  2.43  2.12  2.02  1.96  2.13  2.21  2.66  2.32
SKEW      0.38  0.34  0.09  0.24  0.40  0.40  0.75  0.94  0.76  0.58  0.42  0.09
% NW      9.20  7.71  7.75  6.09  5.90  4.71  4.47  5.46  5.98  7.37  8.38  7.87
MEAN      5.87  5.57  5.94  5.73  4.70  4.24  3.90  3.52  4.23  4.88  5.68  5.44
STD DEV   2.41  2.33  2.60  2.36  1.92  2.08  1.93  1.62  1.92  2.20  2.36  2.29
SKEW      0.38  0.25  0.38  0.07  0.23  0.91  0.76  0.64  0.56  0.48  0.58  0.31
% NNW     5.03  5.52  4.54  4.65  4.38  4.11  4.49  5.00  4.49  4.78  3.36  3.66
MEAN      4.90  5.63  5.00  5.27  4.60  4.33  3.79  3.56  4.14  4.37  4.66  4.89
STD DEV   1.95  2.30  2.04  2.08  1.91  1.76  1.60  1.49  1.49  1.88  1.80  2.03
SKEW      0.56  0.68  0.33  0.26  0.21  0.29  0.64  0.62  0.32  0.41  0.42  0.45
CALM      1.01  1.39  1.02  1.42  1.60  2.60  2.82  3.50  2.79  2.44  1.57  1.02
INDIANAPOLIS  IN    1.000  COLUMBUS      IN    0.000  TERRE HAUTE   IN    0.000
 PLYMOUTH PWR SUB ST IN                  127028 0
 LATT=  41.35 LONG= -86.30 YEARS= 85. TYPE= 3
 ELEVATION =  790. TP5 = 2.16 TP6= 4.17
 MEAN P   0.21  0.21  0.26  0.31  0.36  0.42  0.43  0.40  0.38  0.34  0.26  0.23
 S DEV P  0.28  0.29  0.31  0.36  0.43  0.53  0.57  0.50  0.46  0.47  0.31  0.32
 SQEW  P  4.04  3.39  2.43  2.56  2.37  2.56  2.79  2.48  2.51  3.89  2.26  3.21
 P(W/W)   0.42  0.42  0.42  0.53  0.49  0.46  0.34  0.39  0.45  0.46  0.47  0.43
 P(W/D)   0.26  0.24  0.31  0.29  0.27  0.26  0.24  0.22  0.22  0.22  0.27  0.28
 TMAX AV 33.07 36.21 47.30 60.90 72.39 81.89 85.93 84.05 77.22 65.10 49.41 36.51
 TMIN AV 16.57 18.69 27.73 37.80 47.74 57.20 61.20 59.29 52.47 41.58 31.48 21.17
 SD TMAX 11.15 10.72 12.53 11.84 10.37  8.09  6.42  6.45  8.96 10.60 11.43 10.63
 SD TMIN 12.87 12.04 10.30  9.57  9.50  8.26  6.96  7.52  9.52  9.46 10.09 11.85
 SOL.RAD  119.  182.  277.  366.  458.  506.  510.  452.  365.  255.  149.  105.
 SD SOL   52.7  65.4  81.3 102.3 107.3 106.6  96.6 188.7  85.2  51.8  49.0  48.0
 MX .5 P  0.43  0.36  0.44  1.01  0.62  1.75  1.47  1.48  0.98  0.54  0.29  0.40
 DEW PT  19.64 21.64 27.05 36.59 47.64 57.05 61.82 61.00 53.23 43.82 32.64 23.24
Time Pk  0.681 0.774 0.810 0.852 0.866 0.875 0.888 0.897 0.908 0.933 0.959 1.000
% N       4.19  5.47  5.67  5.44  5.81  6.11  6.54  6.42  5.70  5.13  3.53  3.06
MEAN      4.80  4.89  4.92  4.76  4.51  3.86  3.68  3.61  4.08  4.22  4.60  4.76
STD DEV   1.83  2.02  2.02  1.99  2.02  1.67  1.59  1.47  1.66  1.71  2.13  1.96
SKEW      0.37  0.44  0.58  0.50  0.63  0.71  0.74  0.50  0.58  0.46  0.54  0.52
% NNE     3.02  3.30  3.64  3.26  3.59  3.25  3.79  4.04  3.71  3.20  2.28  2.08
MEAN      5.00  4.73  4.81  4.42  4.27  3.98  3.49  3.49  4.01  3.71  4.50  4.83
STD DEV   2.07  1.91  2.01  1.77  1.80  1.62  1.36  1.44  1.67  1.51  1.72  2.09
SKEW      0.51  0.44  0.72  0.55  0.58  0.57  0.57  0.90  0.56  0.70  0.20  0.39
% NE      3.39  4.02  4.51  3.68  4.04  3.58  4.28  4.45  4.55  3.42  2.46  2.46
MEAN      5.09  4.75  4.85  4.80  4.26  3.72  3.33  3.25  3.80  3.48  4.10  4.54
STD DEV   2.24  2.02  2.03  2.12  1.78  1.59  1.40  1.34  1.68  1.50  1.63  2.18
SKEW      0.70  0.37  0.56  0.40  0.47  0.60  0.57  0.66  0.90  0.65  0.55  0.77
% ENE     3.64  5.27  5.82  4.72  4.74  3.74  3.99  4.04  3.92  3.26  2.43  2.68
MEAN      4.78  5.02  5.31  5.18  4.38  3.95  3.37  3.27  3.40  3.67  4.01  4.73
STD DEV   1.94  2.31  2.17  2.09  1.87  1.69  1.40  1.30  1.47  1.55  1.88  2.10
SKEW      0.34  0.58  0.43  0.31  0.46  0.54  0.64  0.73  0.90  0.68  0.88  0.60
% E       3.22  5.44  7.32  6.08  6.20  4.51  4.57  4.29  5.34  4.32  3.01  3.87
MEAN      4.26  4.85  5.62  5.27  4.33  3.73  3.19  3.03  3.22  3.28  3.64  4.46
STD DEV   1.63  2.12  2.27  2.14  1.67  1.57  1.28  1.19  1.28  1.34  1.45  1.87
SKEW      0.46  0.53  0.30  0.27  0.30  0.56  0.62  0.76  0.90  0.69  0.64  0.47
% ESE     3.43  3.88  4.64  5.09  5.32  3.32  2.81  3.19  4.13  3.87  2.69  3.86
MEAN      4.62  4.95  5.40  5.29  4.55  3.86  3.26  3.14  3.58  3.57  4.04  4.70
STD DEV   1.77  1.93  2.15  2.01  1.72  1.60  1.30  1.16  1.40  1.40  1.53  1.74
SKEW      0.34  0.46  0.37  0.20  0.34  0.49  0.55  0.50  0.67  0.71  0.66  0.32
% SE      3.66  3.44  3.75  4.40  4.38  3.52  3.18  3.50  3.93  3.98  3.11  3.93
MEAN      4.34  4.67  4.77  4.79  4.27  3.38  3.10  3.01  3.53  3.65  4.02  4.48
STD DEV   1.68  1.69  1.91  2.00  1.68  1.42  1.26  1.13  1.48  1.43  1.62  1.81
SKEW      0.56  0.30  0.51  0.50  0.46  0.72  0.90  0.64  0.70  0.59  0.42  0.57
% SSE     4.66  4.29  4.43  4.96  5.06  5.31  4.71  4.52  6.35  6.19  5.33  5.05
MEAN      4.50  4.73  4.76  4.72  4.15  3.62  3.25  3.20  3.54  3.86  4.47  4.40
STD DEV   1.84  1.80  1.85  1.93  1.71  1.54  1.26  1.23  1.45  1.52  1.80  1.77
SKEW      0.47  0.29  0.40  0.59  0.63  0.81  0.69  0.67  0.67  0.60  0.60  0.50
% S       8.74  6.53  6.63  7.69  8.34 11.16  9.55  8.86 10.95 11.09 10.63  9.45
MEAN      4.93  4.82  5.37  5.23  4.66  4.19  3.64  3.41  4.09  4.33  4.90  4.83
STD DEV   2.19  1.98  2.24  2.19  2.06  1.80  1.63  1.41  1.82  1.93  2.21  2.03
SKEW      0.58  0.37  0.35  0.37  0.66  0.73  0.92  0.66  0.62  0.88  0.55  0.43
% SSW    11.97  9.05  7.06  8.82  9.59 11.49 10.15 10.51 10.58 12.26 13.24 13.13
MEAN      5.58  5.49  5.83  5.67  5.30  4.63  4.22  3.98  4.64  5.04  5.56  5.63
STD DEV   2.25  2.18  2.66  2.33  2.29  1.92  1.79  1.65  1.91  2.02  2.23  2.20
SKEW      0.53  0.29  0.45  0.45  0.54  0.63  0.65  0.59  0.40  0.34  0.32  0.27
% SW     12.71 10.04  7.30  7.85  8.71  9.36  8.93  9.29  7.98  9.13 12.54 13.86
MEAN      5.50  5.52  5.88  5.98  5.14  4.74  4.13  4.04  4.29  4.84  5.44  5.56
STD DEV   2.11  2.30  2.83  2.70  2.36  2.05  1.86  1.71  1.89  2.19  2.44  2.19
SKEW      0.51  0.45  0.60  0.60  0.64  0.62  0.66  0.52  0.63  0.50  0.70  0.49
% WSW     8.55  7.37  7.20  6.29  6.00  5.65  5.87  5.83  4.79  5.28  8.74  9.01
MEAN      6.14  5.82  6.29  6.15  5.38  4.54  4.16  4.00  4.13  4.71  5.73  5.45
STD DEV   2.57  2.63  2.91  2.97  2.54  2.04  1.91  1.69  1.74  2.14  2.55  2.21
SKEW      0.65  0.71  0.55  0.62  0.64  0.56  0.70  0.68  0.55  0.46  0.47  0.40
% W       9.08  9.24  7.92  6.78  5.45  4.83  5.01  4.56  4.48  6.09  8.62  9.09
MEAN      6.06  5.81  6.17  5.91  5.05  4.40  3.82  3.75  4.27  4.84  5.67  5.59
STD DEV   2.48  2.45  2.79  2.87  2.39  2.06  1.79  1.66  2.09  2.33  2.51  2.21
SKEW      0.42  0.40  0.43  0.56  0.48  0.75  0.89  0.67  0.80  0.54  0.52  0.47
% WNW     6.94  8.49  7.10  7.43  5.16  4.50  4.59  4.29  4.74  5.28  7.59  7.37
MEAN      6.22  6.33  6.15  6.13  5.27  4.46  4.29  4.32  4.84  5.48  6.14  5.80
STD DEV   2.32  2.37  2.48  2.48  2.28  1.95  1.92  1.75  1.96  2.33  2.25  2.11
SKEW      0.12  0.04  0.41  0.31  0.58  0.60  0.74  0.38  0.32  0.32  0.11  0.15
% NW      5.25  5.36  7.00  7.41  6.35  5.89  5.90  5.30  5.33  5.10  5.81  4.54
MEAN      5.84  5.61  5.81  5.85  5.04  4.55  4.20  4.08  4.69  5.12  5.82  5.50
STD DEV   2.36  2.22  2.36  2.35  2.07  1.87  1.77  1.69  1.87  2.08  2.49  2.12
SKEW      0.18  0.12  0.31  0.24  0.23  0.35  0.44  0.34  0.27  0.17  0.42  0.20
% NNW     4.31  5.72  6.77  7.31  6.85  6.30  6.12  6.23  5.15  5.53  3.87  3.19
MEAN      5.38  5.60  5.79  5.87  5.15  4.55  4.24  4.19  4.57  4.95  4.97  5.39
STD DEV   2.25  2.27  2.44  2.32  1.99  1.90  1.78  1.78  1.88  1.96  2.14  2.23
SKEW      0.42  0.36  0.42  0.27  0.21  0.39  0.50  0.51  0.44  0.32  0.53  0.41
CALM      3.25  3.11  3.22  2.74  4.45  7.54 10.08 10.63  8.30  6.87  4.09  3.38
SOUTH BEND    IN    0.548  BUNKER HILL   IN    0.268  W. LAFAYETTE  IN    0.183
 SALEM IN                                127755 0
 LATT=  38.60 LONG= -86.10 YEARS= 41. TYPE= 3
 ELEVATION =  720. TP5 = 2.26 TP6= 4.41
 MEAN P   0.35  0.34  0.37  0.34  0.40  0.43  0.50  0.43  0.41  0.37  0.37  0.35
 S DEV P  0.48  0.43  0.51  0.42  0.48  0.53  0.66  0.51  0.53  0.45  0.46  0.42
 SQEW  P  2.97  2.34  4.49  2.83  2.41  2.91  3.85  2.66  2.59  2.33  2.08  2.08
 P(W/W)   0.48  0.45  0.48  0.50  0.50  0.46  0.41  0.36  0.38  0.43  0.46  0.48
 P(W/D)   0.26  0.27  0.32  0.32  0.28  0.24  0.25  0.20  0.19  0.19  0.27  0.25
 TMAX AV 40.44 44.91 54.94 67.10 76.10 84.42 87.39 86.27 80.40 69.35 55.23 44.07
 TMIN AV 22.19 24.37 32.70 42.73 51.46 60.29 64.12 61.77 55.08 43.69 34.39 26.12
 SD TMAX 12.51 12.21 12.25 10.56  8.04  6.00  5.35  5.63  7.72  9.42 11.28 11.92
 SD TMIN 12.86 12.37 11.33 10.36  9.07  7.36  6.01  6.69  9.43 10.44 10.98 11.93
 SOL.RAD  157.  246.  340.  431.  544.  590.  584.  531.  454.  329.  215.  157.
 SD SOL   45.7  48.5  62.0  77.7  73.8  72.0  66.8 120.1  57.6  32.9  33.4  36.8
 MX .5 P  0.34  0.58  0.58  0.66  0.84  1.49  1.55  1.49  0.92  0.98  0.75  0.36
 DEW PT  25.58 26.58 32.50 42.50 52.82 62.28 65.74 64.74 56.74 46.52 34.28 26.26
Time Pk  0.642 0.726 0.765 0.814 0.832 0.843 0.860 0.874 0.889 0.913 0.949 1.000
% N       7.21  7.22  6.79  6.42  6.69  5.49  6.12  8.59  8.28  7.50  4.81  5.16
MEAN      4.53  4.45  4.64  4.47  4.07  3.69  3.35  3.42  3.68  3.68  3.76  4.33
STD DEV   1.80  2.00  1.99  1.84  1.83  1.68  1.48  1.54  1.71  1.62  1.69  1.85
SKEW      0.29  0.50  0.45  0.44  0.59  0.58  0.64  0.73  0.67  0.59  0.65  0.39
% NNE     4.00  4.45  4.05  4.09  4.25  3.74  4.12  5.41  5.27  4.10  2.55  3.01
MEAN      4.22  4.36  4.31  4.16  4.06  3.77  3.40  3.50  3.62  3.54  3.56  4.07
STD DEV   1.83  1.90  1.72  1.70  1.79  1.61  1.39  1.54  1.56  1.52  1.45  1.72
SKEW      0.65  0.42  0.36  0.46  0.58  0.49  0.47  0.75  0.76  0.62  0.46  0.70
% NE      3.92  5.55  5.88  4.74  5.45  5.07  5.79  5.75  6.37  4.48  2.90  3.95
MEAN      3.56  3.99  4.20  3.82  3.81  3.39  3.15  3.01  3.33  3.25  3.19  3.55
STD DEV   1.62  1.76  1.86  1.61  1.67  1.53  1.33  1.28  1.48  1.44  1.49  1.59
SKEW      0.71  0.57  0.51  0.60  0.60  0.62  0.55  0.65  0.69  0.80  0.94  0.95
% ENE     2.32  3.55  3.66  3.12  2.89  2.83  2.93  2.92  3.26  2.72  1.56  2.17
MEAN      3.62  3.81  4.34  3.86  3.61  3.32  3.07  3.00  3.37  3.19  3.00  3.48
STD DEV   1.63  1.61  1.92  1.62  1.53  1.45  1.31  1.28  1.52  1.38  1.20  1.47
SKEW      0.91  0.71  0.47  0.49  0.72  0.73  0.81  0.78  0.63  0.89  0.57  0.95
% E       2.73  3.99  4.32  4.33  4.46  3.99  3.79  3.84  4.09  3.27  2.33  3.45
MEAN      3.24  3.47  3.91  3.58  3.15  2.98  2.67  2.58  2.92  2.81  2.92  3.09
STD DEV   1.33  1.45  1.78  1.59  1.31  1.25  1.11  1.13  1.27  1.24  1.14  1.33
SKEW      0.44  0.66  0.63  0.53  0.64  0.68  0.59  0.68  0.70  1.00  0.76  0.72
% ESE     2.38  3.22  3.34  3.59  3.29  2.80  2.53  2.39  2.86  2.91  2.43  2.85
MEAN      3.20  3.28  3.53  3.65  3.17  2.80  2.65  2.66  2.75  2.93  3.04  3.12
STD DEV   1.26  1.37  1.42  1.50  1.30  1.07  1.12  1.10  1.03  1.15  1.13  1.27
SKEW      0.66  1.13  0.71  0.75  0.89  0.68  0.81  0.67  0.73  1.05  0.72  0.69
% SE      5.21  5.62  5.77  6.80  6.31  6.41  5.51  5.41  6.51  6.80  6.16  6.51
MEAN      3.28  3.29  3.60  3.63  3.03  2.78  2.57  2.51  2.83  2.82  3.08  3.23
STD DEV   1.42  1.32  1.59  1.56  1.25  1.08  1.02  1.06  1.24  1.16  1.28  1.36
SKEW      0.95  0.93  0.93  0.65  0.86  0.90  0.86  0.88  0.91  0.70  0.99  0.79
% SSE     5.69  5.14  5.04  5.59  5.78  6.36  5.69  5.46  6.07  6.19  6.51  6.23
MEAN      3.90  3.99  4.50  4.11  3.49  3.27  2.91  2.92  3.21  3.27  3.75  3.92
STD DEV   1.73  1.74  2.08  1.82  1.54  1.37  1.23  1.15  1.45  1.56  1.77  1.78
SKEW      0.96  0.93  0.83  0.83  0.85  0.81  0.93  0.79  0.96  1.11  0.92  1.03
% S      11.79  8.91  8.91 11.32 11.23 11.98 10.25  9.65 10.88 11.72 13.82 12.57
MEAN      4.72  4.72  5.09  4.78  4.04  3.72  3.23  3.10  3.65  3.80  4.51  4.61
STD DEV   2.04  2.01  2.21  2.06  1.89  1.66  1.39  1.31  1.67  1.79  2.01  1.96
SKEW      0.55  0.54  0.42  0.53  0.87  0.78  0.86  0.74  0.86  0.76  0.64  0.78
% SSW     6.92  5.96  6.22  7.77  7.69  8.36  7.02  5.59  6.14  6.80  7.69  7.75
MEAN      5.04  5.42  5.97  5.63  4.81  4.47  3.86  3.82  4.31  4.53  5.10  5.20
STD DEV   2.01  2.18  2.35  2.12  2.06  1.87  1.62  1.58  1.84  1.89  1.98  1.93
SKEW      0.35  0.36  0.20  0.23  0.52  0.45  0.58  0.50  0.45  0.39  0.29  0.32
% SW      6.60  5.56  5.93  7.36  8.15  9.80  9.17  7.42  6.05  6.02  7.11  7.42
MEAN      4.86  5.00  5.42  5.55  4.62  4.21  3.93  3.71  3.92  4.39  4.69  4.83
STD DEV   2.03  2.25  2.39  2.31  2.00  1.80  1.68  1.60  1.70  2.00  2.05  1.98
SKEW      0.44  0.62  0.49  0.22  0.50  0.49  0.53  0.56  0.48  0.47  0.49  0.50
% WSW     5.31  5.05  5.45  5.24  5.33  5.71  6.13  4.48  3.46  3.39  5.64  6.26
MEAN      4.84  4.92  5.54  5.57  4.48  4.23  3.89  3.77  3.80  4.31  4.79  4.74
STD DEV   1.99  2.09  2.43  2.18  1.90  1.76  1.48  1.53  1.53  1.63  2.01  1.97
SKEW      0.54  0.70  0.59  0.33  0.53  0.56  0.35  0.33  0.59  0.50  0.48  0.57
% W       7.07  7.06  7.46  5.96  5.50  5.01  5.17  4.31  3.61  4.88  7.28  6.92
MEAN      4.87  4.86  5.46  5.37  4.35  3.77  3.65  3.41  3.43  4.23  4.83  4.83
STD DEV   2.02  1.97  2.32  2.35  1.89  1.74  1.56  1.54  1.62  1.98  2.10  2.08
SKEW      0.54  0.41  0.40  0.42  0.54  0.74  0.55  0.56  0.96  0.60  0.46  0.63
% WNW     6.81  7.68  7.46  5.59  4.29  3.19  3.27  3.01  3.09  4.75  7.45  6.71
MEAN      5.22  5.40  5.50  5.77  4.37  3.99  3.58  3.51  3.77  4.45  5.19  5.16
STD DEV   2.02  2.10  2.18  2.26  1.86  1.69  1.56  1.50  1.76  1.97  2.18  2.07
SKEW      0.30  0.31  0.30  0.19  0.45  0.48  0.59  0.67  0.68  0.47  0.34  0.36
% NW      8.87  9.99  9.12  7.14  5.60  4.53  4.84  5.56  5.54  6.98  8.75  8.35
MEAN      4.97  5.18  5.12  5.11  3.97  3.67  3.28  3.18  3.52  4.09  4.79  4.83
STD DEV   1.93  2.09  2.05  2.19  1.83  1.69  1.57  1.46  1.75  1.90  2.03  1.97
SKEW      0.23  0.25  0.42  0.43  0.49  0.61  0.71  0.77  0.73  0.51  0.39  0.25
% NNW     6.48  5.67  4.99  4.90  4.12  3.38  3.57  4.66  4.83  4.96  4.07  4.40
MEAN      4.76  4.85  4.84  4.74  4.13  3.66  3.32  3.37  3.69  4.04  4.48  4.68
STD DEV   1.78  2.07  1.99  1.88  1.79  1.62  1.51  1.51  1.66  1.82  1.94  1.93
SKEW      0.27  0.37  0.29  0.36  0.40  0.48  0.71  0.72  0.47  0.49  0.46  0.29
CALM      6.62  5.37  5.63  6.03  8.97 11.33 14.07 15.59 13.67 12.46  8.97  6.28
LOUISVILLE    KY    0.454  COLUMBUS      IN    0.363  EVANSVILLE    IN    0.184
 TERRE HAUTE 8 S IN                      128723 0
 LATT=  39.35 LONG= -87.30 YEARS= 38. TYPE= 3
 ELEVATION =  560. TP5 = 2.30 TP6= 4.64
 MEAN P   0.25  0.28  0.33  0.33  0.39  0.42  0.48  0.43  0.44  0.30  0.35  0.32
 S DEV P  0.34  0.35  0.37  0.37  0.47  0.58  0.58  0.59  0.58  0.39  0.46  0.41
 SQEW  P  2.81  2.51  2.12  1.80  1.99  3.21  2.62  3.29  2.53  2.36  2.34  2.29
 P(W/W)   0.42  0.39  0.43  0.53  0.49  0.46  0.44  0.37  0.39  0.42  0.47  0.48
 P(W/D)   0.18  0.21  0.25  0.26  0.25  0.20  0.22  0.20  0.18  0.19  0.22  0.19
 TMAX AV 34.88 39.13 50.94 63.90 74.58 82.91 86.59 84.73 79.42 67.68 52.69 40.15
 TMIN AV 17.04 20.07 31.17 42.36 51.76 60.37 64.46 62.16 55.08 43.17 33.19 23.08
 SD TMAX 12.47 12.06 12.71 11.15  9.02  6.92  5.48  5.75  8.29 10.35 11.96 11.67
 SD TMIN 13.46 12.32 10.52  9.82  8.78  6.91  5.84  6.30  8.98  9.84 10.38 11.31
 SOL.RAD  149.  226.  327.  409.  502.  555.  553.  502.  420.  305.  192.  143.
 SD SOL   50.3  57.6  70.4  90.8  93.3  89.6  82.1 160.1  71.5  42.1  42.0  42.7
 MX .5 P  0.38  0.56  0.49  0.75  0.87  1.81  1.49  1.84  1.05  0.55  0.66  0.36
 DEW PT  25.62 24.94 31.94 41.94 49.35 61.03 65.03 64.03 55.19 45.13 33.03 25.84
Time Pk  0.617 0.723 0.773 0.830 0.847 0.854 0.878 0.894 0.907 0.931 0.962 1.000
% N       7.74  6.97  6.17  6.10  8.02  6.42  6.12  9.02  6.78  7.23  5.70  4.94
MEAN      4.30  4.33  4.54  4.32  3.98  3.38  2.77  2.88  3.33  3.31  3.85  4.06
STD DEV   1.85  2.17  2.34  2.08  1.91  1.68  1.41  1.46  1.74  1.77  1.98  2.08
SKEW      0.25  0.88  0.91  0.61  0.59  0.63  0.88  0.83  0.79  0.73  0.57  0.78
% NNE     4.73  5.71  5.05  6.55  8.02  5.78  7.49 10.18  7.19  6.23  3.45  2.85
MEAN      4.38  4.19  4.62  4.49  4.16  3.32  3.22  3.12  3.55  3.49  3.36  3.90
STD DEV   1.68  1.73  2.10  1.84  1.74  1.52  1.51  1.48  1.69  1.70  1.64  2.02
SKEW      0.13  0.33  0.36  0.16  0.42  0.47  0.78  0.82  0.54  0.59  0.90  0.58
% NE      3.65  4.31  3.97  5.14  5.47  4.61  6.82  9.63  6.53  5.54  2.26  2.13
MEAN      4.20  4.11  4.59  4.54  3.63  2.92  2.67  2.69  2.95  3.14  3.02  4.11
STD DEV   1.87  1.96  1.85  1.84  1.63  1.45  1.27  1.47  1.62  1.83  1.58  2.34
SKEW      0.30  0.72  0.14  0.09  0.61  0.81  0.86  1.23  1.00  0.89  0.75  0.80
% ENE     2.48  4.35  4.25  4.03  4.26  3.17  4.17  4.85  3.79  3.55  1.79  2.30
MEAN      4.60  4.64  5.02  4.62  3.76  3.10  2.76  2.70  3.04  2.96  3.66  4.29
STD DEV   2.30  2.05  2.18  1.89  1.72  1.41  1.24  1.22  1.61  1.59  1.68  2.20
SKEW      0.55  0.70  0.28  0.40  0.56  0.45  0.61  0.94  0.86  1.61  0.19  0.79
% E       2.81  3.51  4.71  3.30  4.37  3.46  4.80  5.16  4.13  3.86  2.09  2.66
MEAN      3.75  4.04  5.25  4.50  3.62  3.10  2.51  2.58  2.63  2.92  3.41  4.05
STD DEV   1.36  1.92  2.06  1.84  1.72  1.52  1.28  1.22  1.29  1.61  1.95  2.16
SKEW     -0.18  0.79  0.09  0.46  0.62  0.86  1.93  0.74  0.65  1.25  0.82  1.79
% ESE     3.67  3.76  4.55  4.72  4.38  3.55  4.34  4.77  4.20  4.18  2.40  2.86
MEAN      4.23  4.48  5.13  4.68  3.90  3.48  2.68  2.83  3.31  3.59  3.58  3.59
STD DEV   1.61  1.66  2.00  1.92  1.56  1.60  1.14  1.16  1.44  1.60  1.49  1.50
SKEW      0.20  0.68  0.24  0.65  0.48  0.64  0.58  0.54  0.65  0.37  0.49  0.57
% SE      4.72  6.22  6.50  6.24  5.50  7.20  8.02  7.49  8.21  7.39  5.27  7.03
MEAN      4.14  4.53  5.16  4.50  3.48  3.16  2.59  2.68  2.85  2.95  3.58  4.15
STD DEV   1.85  1.99  2.29  1.82  1.53  1.64  1.21  1.15  1.36  1.47  1.93  1.87
SKEW      0.70  0.68  0.76  0.78  0.59  1.59  0.84  0.80  0.61  0.95  1.05  0.43
% SSE     7.25  9.05  8.33  7.45  7.22  8.73  7.49  7.00  8.05  7.44  8.31  9.70
MEAN      5.03  5.16  5.90  5.04  4.00  3.75  2.95  2.92  3.49  3.47  4.94  5.18
STD DEV   2.01  1.98  2.39  2.24  1.93  1.72  1.37  1.28  1.59  1.75  2.18  2.09
SKEW      0.36  0.43  0.59  0.80  1.16  0.88  1.05  0.68  0.72  0.92  0.70  0.78
% S      12.63  8.92  8.22  9.68  8.60 12.34 10.66  8.03 11.35 12.03 12.82 13.70
MEAN      5.33  5.20  6.06  5.47  4.20  4.03  3.25  2.84  3.54  3.98  4.61  5.09
STD DEV   2.49  2.43  2.74  2.70  2.20  1.95  1.61  1.28  1.75  2.27  2.33  2.46
SKEW      0.83  0.58  0.57  1.26  0.88  0.79  0.76  0.71  0.76  1.36  0.91  0.85
% SSW    10.24  7.98  6.51  9.18  8.55 11.22  8.89  5.63  8.10  8.56 11.05  9.30
MEAN      6.18  5.92  6.64  6.68  5.45  4.69  4.20  3.61  4.55  4.83  5.54  5.19
STD DEV   2.67  2.79  3.13  2.95  2.71  2.13  1.94  1.60  2.00  2.25  2.47  2.25
SKEW      0.53  0.20  0.54  0.37  0.77  0.43  0.48  0.49  0.30  0.42  0.51  0.50
% SW      5.66  6.39  6.28  6.39  8.41  9.32  9.12  6.13  6.99  7.02  8.68  7.55
MEAN      5.26  5.26  5.55  5.48  4.49  4.48  4.15  3.43  4.24  4.09  4.57  4.84
STD DEV   2.87  2.60  2.93  2.51  2.29  2.29  1.99  1.63  2.10  2.24  2.35  2.32
SKEW      1.39  0.56  0.92  0.52  0.70  0.74  0.66  0.39  0.62  0.84  0.80  0.55
% WSW     3.48  4.52  4.33  3.70  4.83  4.70  4.24  3.04  2.49  3.27  4.45  5.34
MEAN      5.79  5.47  6.34  5.67  4.58  4.42  3.90  3.64  3.68  4.07  5.13  5.19
STD DEV   3.09  2.81  3.14  2.86  2.34  2.06  1.91  1.76  1.77  1.90  2.78  2.63
SKEW      0.87  0.74  0.71  0.51  0.68  0.47  0.67  0.67  0.66  0.43  1.20  0.57
% W       4.05  4.02  5.75  5.23  3.75  3.25  3.25  2.74  2.71  2.93  5.24  5.11
MEAN      5.78  5.47  6.35  5.98  4.64  4.12  3.68  3.17  3.43  4.04  4.92  4.91
STD DEV   2.78  2.77  2.79  3.09  2.56  2.28  1.79  1.57  1.87  2.21  2.48  2.40
SKEW      0.42  0.58  0.28  0.38  0.61  0.53  0.32  0.42  0.77  0.75  0.31  0.63
% WNW     5.95  8.31  8.95  8.03  3.98  2.95  2.25  2.37  3.37  3.75  8.21  7.38
MEAN      5.74  6.02  6.48  6.62  5.55  4.96  3.46  3.24  4.26  5.06  5.79  5.30
STD DEV   2.36  2.45  2.70  2.60  2.61  2.32  1.82  1.66  2.15  2.39  2.38  2.23
SKEW      0.10  0.17  0.38  0.27  0.86  0.54  0.88  0.69  0.85  0.22  0.24  0.14
% NW     11.91  7.78  9.52  7.26  5.55  3.70  3.33  3.80  5.38  6.25 10.49 10.08
MEAN      5.31  5.54  5.61  5.73  4.78  3.93  3.54  3.10  3.79  4.70  5.39  4.75
STD DEV   2.30  2.43  2.31  2.37  2.16  2.12  2.07  1.72  2.11  2.40  2.51  2.25
SKEW      0.35  0.35  0.25  0.23  0.19  0.88  1.02  0.80  0.85  0.51  0.37  0.42
% NNW     7.91  6.89  5.63  5.31  4.91  4.45  3.25  4.53  5.54  5.13  5.34  5.27
MEAN      5.08  5.16  5.15  5.44  4.72  3.84  3.29  3.24  3.70  4.55  4.86  4.55
STD DEV   1.94  2.30  2.22  2.17  2.18  1.72  1.85  1.62  1.81  2.16  2.27  2.17
SKEW      0.49  0.42  0.30  0.10  0.54  0.37  1.36  0.76  0.68  0.40  0.38  0.69
CALM      1.17  1.25  1.20  1.63  4.00  5.14  5.72  5.72  5.10  5.75  2.29  1.95
TERRE HAUTE   IN    0.835  INDIANAPOLIS  IN    0.098  EVANSVILLE    IN    0.066
 WASHINGTON IN                           129253 0
 LATT=  38.67 LONG= -87.18 YEARS= 91. TYPE= 3
 ELEVATION =  480. TP5 = 2.33 TP6= 4.70
 MEAN P   0.36  0.34  0.40  0.38  0.42  0.43  0.47  0.48  0.46  0.44  0.40  0.37
 S DEV P  0.49  0.39  0.51  0.41  0.49  0.50  0.55  0.59  0.54  0.57  0.44  0.42
 SQEW  P  3.24  2.43  3.84  2.11  2.38  2.10  1.90  2.34  2.46  3.24  2.02  2.07
 P(W/W)   0.43  0.39  0.43  0.48  0.50  0.47  0.41  0.35  0.42  0.42  0.44  0.43
 P(W/D)   0.24  0.24  0.29  0.28  0.26  0.25  0.21  0.21  0.17  0.17  0.22  0.23
 TMAX AV 40.27 43.95 55.14 66.43 76.28 84.79 88.59 86.96 81.14 69.52 54.80 42.91
 TMIN AV 23.55 25.82 34.82 44.61 54.17 62.89 66.56 64.93 58.26 46.63 36.06 26.95
 SD TMAX 12.18 12.14 12.65 10.90  9.00  7.05  6.08  6.24  8.70 10.35 11.63 11.54
 SD TMIN 12.24 11.64 10.73  9.66  8.47  6.63  5.54  5.97  8.68  9.69 10.40 11.55
 SOL.RAD  148.  230.  331.  413.  506.  559.  557.  506.  424.  309.  196.  147.
 SD SOL   52.0  57.6  70.1  90.2  92.2  88.3  80.8 158.1  71.1  42.0  42.3  42.7
 MX .5 P  0.34  0.50  0.50  0.76  0.96  1.57  1.52  1.83  1.03  0.54  0.83  0.31
 DEW PT  26.23 26.52 33.06 43.06 51.80 62.29 66.06 65.06 56.70 46.29 34.29 27.06
Time Pk  0.592 0.708 0.753 0.817 0.833 0.844 0.863 0.871 0.886 0.917 0.955 1.000
% N       7.54  7.09  6.66  5.91  6.94  5.66  5.99  8.17  7.20  6.68  4.90  5.05
MEAN      4.56  4.49  4.64  4.45  4.07  3.63  3.07  3.16  3.49  3.50  3.78  4.31
STD DEV   1.89  2.11  2.18  1.97  1.87  1.74  1.43  1.51  1.71  1.68  1.81  1.95
SKEW      0.30  0.65  0.70  0.51  0.51  0.63  0.66  0.79  0.68  0.66  0.62  0.54
% NNE     4.20  4.91  4.56  4.79  5.73  4.54  5.39  7.14  6.07  4.98  2.79  2.81
MEAN      4.42  4.44  4.52  4.44  4.27  3.59  3.36  3.33  3.59  3.60  3.45  4.11
STD DEV   1.79  1.88  1.84  1.80  1.81  1.62  1.48  1.54  1.67  1.63  1.59  1.87
SKEW      0.43  0.33  0.28  0.26  0.42  0.41  0.51  0.67  0.60  0.47  0.61  0.65
% NE      3.39  4.57  4.58  4.60  5.08  4.99  5.98  7.30  6.00  4.60  2.50  2.85
MEAN      3.81  4.13  4.39  4.10  3.78  3.24  2.93  2.90  3.11  3.22  3.10  3.88
STD DEV   1.70  1.92  1.90  1.74  1.65  1.52  1.30  1.38  1.53  1.60  1.62  1.95
SKEW      0.58  0.65  0.38  0.38  0.53  0.74  0.66  0.96  0.87  0.81  0.95  0.85
% ENE     2.41  3.91  3.90  3.72  3.60  3.00  3.63  3.92  3.77  3.25  1.87  2.43
MEAN      3.99  4.27  4.68  4.20  3.72  3.24  2.94  2.85  3.21  3.11  3.12  3.90
STD DEV   1.89  1.86  2.10  1.77  1.61  1.43  1.26  1.27  1.55  1.49  1.36  1.82
SKEW      0.72  0.72  0.46  0.52  0.68  0.66  0.75  1.01  0.86  1.27  0.48  0.94
% E       3.20  4.24  5.03  4.27  4.78  3.98  4.70  4.54  4.35  3.59  2.46  3.40
MEAN      3.59  3.99  4.72  4.10  3.53  3.20  2.71  2.66  2.90  3.04  3.17  3.66
STD DEV   1.41  1.75  2.02  1.71  1.51  1.39  1.17  1.15  1.28  1.44  1.48  1.72
SKEW      0.23  0.73  0.48  0.52  0.60  0.72  1.15  0.77  0.65  1.12  0.76  1.24
% ESE     2.76  3.23  3.62  4.01  3.57  2.81  3.19  3.07  3.04  2.98  2.16  2.64
MEAN      3.92  4.01  4.42  4.31  3.71  3.26  2.77  2.86  3.13  3.40  3.47  3.49
STD DEV   1.52  1.60  1.73  1.77  1.49  1.34  1.19  1.15  1.27  1.35  1.34  1.45
SKEW      0.30  1.01  0.41  0.64  0.64  0.64  0.69  0.57  0.66  0.49  0.53  0.60
% SE      4.65  5.30  5.36  5.94  5.32  5.90  5.80  5.54  6.20  5.50  4.74  5.91
MEAN      3.84  4.05  4.51  4.25  3.49  3.11  2.72  2.73  3.04  3.10  3.46  3.81
STD DEV   1.71  1.71  1.96  1.79  1.47  1.41  1.19  1.16  1.39  1.38  1.65  1.69
SKEW      0.82  0.81  0.75  0.67  0.67  1.17  0.83  0.72  0.86  0.78  0.89  0.67
% SSE     5.91  6.52  6.06  5.85  5.55  6.34  5.15  4.93  6.26  5.92  6.75  7.31
MEAN      4.56  4.66  5.34  4.65  3.96  3.67  3.02  3.07  3.51  3.54  4.48  4.68
STD DEV   1.81  1.86  2.25  2.03  1.77  1.61  1.34  1.28  1.57  1.74  2.05  1.92
SKEW      0.56  0.54  0.68  0.74  0.82  0.77  0.92  0.72  0.81  0.99  0.85  0.76
% S      11.49  8.60  8.37 10.69  9.47 10.85  8.74  7.41 10.14 11.19 12.98 12.75
MEAN      4.99  5.02  5.62  5.16  4.35  3.98  3.39  3.09  3.79  4.04  4.64  4.88
STD DEV   2.15  2.21  2.47  2.33  2.07  1.82  1.54  1.30  1.76  1.98  2.12  2.13
SKEW      0.60  0.54  0.48  0.78  0.84  0.78  0.74  0.69  0.83  0.99  0.72  0.77
% SSW     8.64  7.31  6.87  9.39  8.73 10.02  8.26  6.03  7.50  8.20  9.71  8.96
MEAN      5.46  5.67  6.20  6.05  5.17  4.61  4.00  3.75  4.48  4.68  5.21  5.16
STD DEV   2.22  2.45  2.63  2.48  2.31  2.06  1.75  1.54  1.93  2.07  2.16  2.01
SKEW      0.41  0.35  0.35  0.30  0.62  0.52  0.54  0.45  0.40  0.45  0.48  0.39
% SW      6.05  5.50  5.85  6.62  8.44 10.24  9.72  7.46  6.39  6.51  7.42  7.45
MEAN      4.88  5.00  5.33  5.49  4.59  4.33  3.96  3.60  3.98  4.19  4.53  4.67
STD DEV   2.32  2.40  2.57  2.40  2.10  1.97  1.73  1.54  1.78  2.05  2.21  2.12
SKEW      0.86  0.65  0.71  0.42  0.59  0.67  0.62  0.48  0.56  0.74  0.71  0.60
% WSW     3.79  4.32  4.26  3.72  4.55  4.97  5.03  3.74  2.67  3.01  4.38  5.28
MEAN      5.16  5.04  5.84  5.49  4.53  4.26  3.81  3.69  3.60  4.10  4.82  4.84
STD DEV   2.49  2.39  2.67  2.46  2.08  1.90  1.63  1.65  1.63  1.72  2.35  2.24
SKEW      0.71  0.79  0.54  0.45  0.63  0.64  0.58  0.55  0.76  0.53  0.82  0.64
% W       5.63  5.63  6.58  5.68  4.53  4.12  4.40  3.54  2.93  3.83  6.43  5.94
MEAN      5.18  4.99  5.85  5.65  4.41  3.79  3.57  3.20  3.38  4.22  4.79  4.74
STD DEV   2.35  2.31  2.58  2.71  2.14  1.91  1.65  1.49  1.72  2.10  2.27  2.17
SKEW      0.54  0.56  0.34  0.39  0.52  0.69  0.54  0.48  0.87  0.67  0.41  0.63
% WNW     6.41  7.88  8.05  6.49  4.07  3.06  2.84  2.80  3.16  4.53  7.74  6.88
MEAN      5.36  5.60  5.84  6.15  4.76  4.40  3.37  3.27  3.98  4.62  5.42  5.17
STD DEV   2.20  2.31  2.43  2.50  2.15  1.98  1.63  1.51  1.98  2.15  2.31  2.16
SKEW      0.21  0.37  0.34  0.18  0.64  0.56  0.82  0.58  0.77  0.36  0.28  0.28
% NW     10.56  9.46  9.52  7.57  6.38  4.51  4.74  5.46  5.90  7.59 10.02  9.35
MEAN      5.05  5.35  5.24  5.26  4.18  3.58  3.24  3.06  3.49  4.20  4.86  4.80
STD DEV   2.19  2.33  2.23  2.32  2.01  1.79  1.71  1.52  1.92  2.12  2.30  2.15
SKEW      0.38  0.35  0.38  0.41  0.50  0.80  1.07  0.88  1.03  0.69  0.46  0.34
% NNW     7.85  6.97  5.91  5.74  4.99  4.05  3.81  5.15  6.01  5.99  5.36  5.54
MEAN      4.90  4.96  4.93  5.02  4.25  3.53  3.16  3.11  3.50  4.06  4.40  4.53
STD DEV   1.92  2.20  2.12  2.07  1.96  1.59  1.62  1.48  1.71  1.98  2.06  2.04
SKEW      0.38  0.46  0.33  0.31  0.56  0.48  1.08  0.82  0.70  0.58  0.48  0.53
CALM      5.49  4.59  4.80  5.04  8.18 10.93 12.61 13.87 12.38 11.71  7.78  5.54
EVANSVILLE    IN    0.405  TERRE HAUTE   IN    0.350  COLUMBUS      IN    0.245
 WATERLOO IN                             129271 0
 LATT=  41.43 LONG= -85.03 YEARS= 36. TYPE= 3
 ELEVATION =  910. TP5 = 2.05 TP6= 3.85
 MEAN P   0.26  0.27  0.29  0.33  0.34  0.43  0.44  0.42  0.41  0.34  0.30  0.28
 S DEV P  0.31  0.29  0.31  0.36  0.38  0.48  0.49  0.48  0.53  0.37  0.36  0.33
 SQEW  P  2.15  2.47  2.63  2.95  2.60  1.85  2.33  2.25  4.25  2.17  3.03  3.01
 P(W/W)   0.36  0.35  0.35  0.46  0.49  0.35  0.37  0.37  0.40  0.41  0.45  0.40
 P(W/D)   0.22  0.21  0.25  0.30  0.26  0.27  0.23  0.20  0.20  0.17  0.23  0.24
 TMAX AV 31.68 35.40 45.96 60.35 72.00 81.23 84.54 82.86 76.43 64.98 49.10 36.53
 TMIN AV 15.18 17.37 26.25 36.88 46.84 56.56 60.40 58.21 51.12 40.70 31.04 20.99
 SD TMAX 10.95 10.59 11.78 11.46  9.43  7.06  5.41  5.62  8.14 10.16 11.56 10.44
 SD TMIN 12.74 12.17  9.91  9.58  9.03  7.91  6.72  7.07  9.08  9.68 10.09 11.46
 SOL.RAD  124.  199.  300.  374.  471.  533.  534.  473.  381.  269.  149.  110.
 SD SOL   52.0  60.7  75.9 104.1 107.7 102.7  93.1 230.9  82.8  48.2  49.8  46.5
 MX .5 P  0.30  0.32  0.31  0.50  0.64  0.97  0.87  1.25  0.69  0.53  0.31  0.44
 DEW PT  20.21 21.79 27.54 36.46 47.79 57.54 61.79 61.00 53.75 43.79 32.79 23.25
Time Pk  0.667 0.759 0.808 0.853 0.867 0.876 0.892 0.904 0.913 0.939 0.966 1.000
% N       4.10  4.33  4.13  4.31  4.81  4.08  4.85  6.00  4.20  4.05  3.68  2.89
MEAN      4.29  4.35  4.36  4.50  3.96  3.56  3.31  3.36  3.68  4.03  4.61  4.69
STD DEV   2.02  1.96  1.97  2.05  1.74  1.59  1.62  1.54  1.76  1.90  1.98  2.08
SKEW      0.40  0.44  0.80  0.43  0.46  0.46  0.71  0.61  0.71  0.57  0.36  0.30
% NNE     3.63  3.38  3.52  3.71  4.65  2.70  3.35  3.95  2.74  3.64  2.20  2.07
MEAN      4.28  4.90  4.77  4.65  4.26  3.73  3.46  3.53  3.70  4.18  4.54  4.73
STD DEV   1.64  2.05  1.91  2.03  1.68  1.67  1.46  1.51  1.57  1.84  1.94  1.97
SKEW      0.12  0.37  0.32  0.47  0.36  0.57  0.43  0.39  0.45  0.54  0.35  0.36
% NE      3.92  4.04  4.35  4.35  5.86  3.88  4.45  5.27  4.12  4.23  1.99  2.58
MEAN      4.01  4.55  4.24  4.33  3.96  3.27  3.16  3.21  3.38  3.41  3.55  4.14
STD DEV   1.81  2.09  1.90  2.06  1.75  1.49  1.42  1.54  1.50  1.70  1.53  1.93
SKEW      0.46  0.44  0.35  0.52  0.44  0.59  0.55  0.74  0.58  0.76  0.66  0.68
% ENE     3.79  5.32  6.07  4.87  5.15  3.82  3.80  4.04  4.38  3.98  2.21  2.63
MEAN      4.42  5.18  5.66  5.07  4.49  3.87  3.65  3.58  3.69  3.89  4.49  4.63
STD DEV   1.78  2.22  2.23  1.95  1.88  1.59  1.50  1.41  1.41  1.76  1.77  1.89
SKEW      0.43  0.49  0.37  0.16  0.40  0.45  0.32  0.22  0.29  0.48  0.46  0.52
% E       3.41  3.93  5.57  5.46  5.35  4.08  4.03  3.87  4.03  3.28  2.37  3.51
MEAN      3.97  4.50  5.14  4.99  4.20  3.60  3.12  3.03  3.45  3.36  3.44  4.23
STD DEV   1.92  2.05  2.32  2.19  1.84  1.66  1.40  1.26  1.58  1.60  1.39  1.90
SKEW      0.40  0.42  0.56  0.27  0.34  0.53  0.50  0.59  0.48  0.39  0.60  0.32
% ESE     5.12  4.61  5.75  6.36  5.66  4.11  3.69  3.39  3.76  3.53  2.43  4.47
MEAN      4.21  4.58  5.03  5.03  4.22  3.59  3.19  3.26  3.47  3.52  3.83  4.34
STD DEV   1.73  1.82  1.95  2.02  1.69  1.45  1.29  1.37  1.50  1.56  1.41  1.80
SKEW      0.43  0.56  0.46  0.36  0.38  0.28  0.63  0.76  0.49  0.50  0.43  0.54
% SE      3.89  3.90  3.77  4.12  4.37  4.27  4.03  4.33  4.12  4.13  3.17  3.42
MEAN      3.77  3.84  3.90  4.24  3.45  3.07  2.66  2.73  2.96  3.04  3.66  3.64
STD DEV   1.73  1.69  1.69  1.95  1.50  1.31  1.17  1.07  1.36  1.44  1.58  1.57
SKEW      0.52  0.40  0.41  0.41  0.44  0.60  0.80  0.90  0.61  0.72  0.66  0.58
% SSE     6.36  6.16  5.79  5.61  5.48  6.77  5.11  5.23  7.24  7.78  6.83  7.08
MEAN      4.31  4.49  4.49  4.53  3.81  3.50  3.09  3.01  3.38  3.65  4.43  4.31
STD DEV   1.80  1.92  1.80  1.91  1.73  1.43  1.27  1.17  1.47  1.56  1.85  1.73
SKEW      0.48  0.37  0.28  0.37  0.71  0.55  0.54  0.48  0.69  0.66  0.70  0.46
% S       6.05  5.35  5.07  5.35  6.22  8.44  7.00  6.87  8.78  8.09  8.26  7.12
MEAN      4.50  4.57  4.66  4.48  4.09  3.61  3.20  3.02  3.64  3.93  4.60  4.59
STD DEV   1.98  2.04  2.08  1.97  1.99  1.59  1.42  1.28  1.66  1.82  2.02  2.16
SKEW      0.29  0.36  0.31  0.29  0.66  0.61  0.75  0.85  0.54  0.70  0.47  0.79
% SSW     8.78  7.81  5.68  6.92  6.94 10.39  9.10  8.07 10.64 11.60 12.67 11.12
MEAN      5.62  5.56  5.70  5.50  5.14  4.43  4.27  3.79  4.48  4.87  5.57  5.63
STD DEV   2.47  2.23  2.40  2.39  2.42  1.84  1.88  1.65  2.01  2.16  2.31  2.35
SKEW      0.50  0.28  0.35  0.55  0.64  0.51  0.66  0.62  0.55  0.74  0.56  0.52
% SW      9.74  8.99  7.30  8.50  9.31 11.44 11.75 10.85  9.79 10.91 11.81 12.36
MEAN      5.67  5.79  6.28  5.52  5.06  4.85  4.23  3.91  4.38  4.78  5.51  5.87
STD DEV   2.40  2.71  3.27  2.64  2.59  2.29  1.94  1.88  2.10  2.25  2.59  2.72
SKEW      0.36  0.56  0.74  0.45  0.74  0.46  0.54  0.60  0.59  0.45  0.66  0.51
% WSW    10.25  9.60  8.32  8.31  8.12  7.82  8.57  7.17  7.62  8.12 11.30 12.41
MEAN      6.45  6.08  6.82  6.45  5.70  5.02  4.48  4.32  4.70  5.11  5.79  5.91
STD DEV   2.78  2.75  3.34  2.86  2.72  2.27  1.95  2.05  2.25  2.26  2.59  2.54
SKEW      0.46  0.55  0.60  0.47  0.55  0.45  0.47  0.56  0.72  0.45  0.66  0.43
% W      10.70 10.16  9.31  8.46  6.84  6.47  6.93  6.38  5.97  6.03 10.09 10.85
MEAN      6.33  5.82  6.29  6.03  5.30  4.54  4.25  3.85  4.54  4.79  5.56  5.68
STD DEV   2.80  2.64  3.02  2.87  2.56  2.23  2.12  2.01  2.33  2.35  2.56  2.60
SKEW      0.40  0.51  0.41  0.51  0.51  0.53  0.62  0.71  0.84  0.61  0.43  0.57
% WNW     8.30  9.05  9.79  8.83  7.25  6.72  6.30  6.01  7.81  6.49  8.35  7.84
MEAN      6.12  5.97  6.46  6.40  5.63  4.82  4.48  4.26  5.06  5.37  5.78  5.90
STD DEV   2.63  2.59  2.76  2.55  2.55  2.15  2.13  1.98  2.19  2.44  2.57  2.45
SKEW      0.37  0.45  0.39  0.34  0.43  0.42  0.55  0.47  0.44  0.38  0.42  0.45
% NW      5.14  6.25  7.54  7.00  6.08  6.14  5.94  6.16  5.41  5.00  5.55  4.32
MEAN      5.29  5.31  5.49  5.49  4.68  4.25  3.84  3.73  4.29  4.54  4.87  4.74
STD DEV   2.33  2.45  2.47  2.35  2.14  2.08  1.92  1.87  2.06  2.20  2.30  2.05
SKEW      0.25  0.55  0.22  0.24  0.44  0.59  0.68  0.76  0.72  0.53  0.64  0.49
% NNW     5.24  5.55  6.50  5.91  5.07  5.00  5.57  5.73  5.30  5.28  5.35  3.48
MEAN      5.29  5.26  5.67  5.46  4.64  4.23  4.03  3.80  4.50  4.88  5.10  4.99
STD DEV   2.28  2.30  2.33  2.12  2.02  1.85  1.83  1.69  1.94  2.15  2.38  2.04
SKEW      0.44  0.68  0.36  0.09  0.37  0.54  0.52  0.61  0.41  0.36  0.98  0.28
CALM      1.45  1.53  1.42  1.95  2.90  3.84  5.40  6.70  4.22  3.97  1.70  1.83
FT. WAYNE     IN    0.503  BATTLE CREEK  MI    0.256  JACKSON       MI    0.241
 WEST LAFAYETTE 6 NW IN                  129430 0
 LATT=  40.47 LONG= -87.00 YEARS= 91. TYPE= 3
 ELEVATION =  710. TP5 = 2.23 TP6= 4.40
 MEAN P   0.24  0.23  0.27  0.32  0.35  0.39  0.44  0.40  0.38  0.33  0.29  0.25
 S DEV P  0.32  0.32  0.36  0.37  0.45  0.51  0.58  0.55  0.48  0.42  0.38  0.33
 SQEW  P  2.71  3.29  3.25  2.21  2.78  2.91  2.51  2.90  2.46  2.33  3.23  2.47
 P(W/W)   0.42  0.39  0.43  0.51  0.52  0.47  0.39  0.41  0.43  0.45  0.45  0.45
 P(W/D)   0.25  0.24  0.29  0.30  0.29  0.27  0.24  0.24  0.22  0.21  0.25  0.25
 TMAX AV 33.64 36.82 48.63 61.16 72.30 81.70 86.15 83.94 77.81 65.72 50.50 37.32
 TMIN AV 17.50 19.70 30.04 40.36 50.87 59.95 63.82 61.76 54.88 43.51 32.78 22.26
 SD TMAX 12.26 12.18 13.12 11.51  9.96  7.89  6.67  6.49  8.91 10.87 11.85 11.65
 SD TMIN 13.29 12.83 10.58  9.51  9.23  7.60  6.52  7.00  9.48  9.94 10.29 12.25
 SOL.RAD  129.  196.  291.  379.  471.  520.  523.  466.  379.  269.  163.  118.
 SD SOL   51.8  62.6  77.5  97.1 100.9  99.6  90.1 169.9  80.9  49.2  46.9  46.0
 MX .5 P  0.44  0.52  0.52  1.06  0.72  2.12  1.68  1.75  1.10  0.58  0.50  0.37
 DEW PT  22.38 22.94 29.68 39.68 48.63 59.33 63.59 62.84 54.49 44.49 32.10 23.54
Time Pk  0.646 0.744 0.796 0.844 0.859 0.869 0.881 0.895 0.908 0.932 0.967 1.000
% N       4.15  5.17  4.93  5.63  5.91  6.21  5.58  6.74  4.74  4.36  3.22  2.07
MEAN      5.29  5.67  5.50  5.39  4.78  4.11  3.76  3.82  4.49  4.58  4.97  4.83
STD DEV   1.68  2.30  2.16  2.08  2.10  1.71  1.49  1.54  1.62  1.84  2.09  2.22
SKEW      0.35  0.33  0.37  0.48  0.46  0.33  0.23  0.32  0.32  0.16  0.17  0.73
% NNE     4.61  4.15  5.31  6.49  7.92  5.77  7.38  8.37  4.84  5.52  2.56  2.96
MEAN      5.16  4.70  5.43  5.09  4.80  4.24  4.07  3.83  4.29  4.34  5.08  5.98
STD DEV   1.82  1.86  1.97  1.77  1.87  1.56  1.50  1.50  1.74  1.47  1.68  2.42
SKEW      0.61  0.94  0.43  0.18  0.28  0.38  0.44  0.48  0.37  0.33  0.16  0.15
% NE      3.32  4.44  4.52  4.94  6.72  4.80  8.02  8.37  5.71  5.83  2.79  2.69
MEAN      5.14  4.75  5.01  4.96  4.29  3.49  3.40  3.50  3.90  3.92  4.58  5.22
STD DEV   1.99  1.79  1.81  2.00  1.71  1.50  1.40  1.43  1.55  1.75  1.62  2.54
SKEW      0.09  0.16  0.21  0.29  0.47  0.85  0.26  0.42  0.80  0.55  0.43  0.48
% ENE     4.33  5.90  5.72  5.91  5.75  4.50  5.26  6.16  4.24  4.32  2.07  2.82
MEAN      4.60  5.16  5.41  5.31  4.05  3.68  3.40  3.39  3.56  3.81  4.18  4.85
STD DEV   1.55  1.99  1.84  1.95  1.63  1.45  1.30  1.29  1.56  1.56  1.95  2.03
SKEW      0.20  0.47  0.06  0.29  0.61  0.29  0.42  0.33  0.70  0.70  0.46  1.01
% E       2.26  3.05  3.89  4.18  3.99  3.11  3.28  3.54  3.42  3.16  1.30  1.90
MEAN      4.33  4.38  4.93  4.65  3.58  3.13  2.61  2.54  2.71  2.69  3.09  4.05
STD DEV   1.47  1.88  2.13  1.87  1.48  1.42  1.13  1.10  1.22  1.18  1.35  1.54
SKEW     -0.08  0.39  0.49  0.23  0.24  0.62  0.61  0.75  0.69  0.34 -0.04  0.36
% ESE     4.33  3.90  4.44  4.85  3.69  2.86  3.05  2.90  3.41  3.75  1.79  3.40
MEAN      4.36  4.61  5.10  4.87  3.92  3.61  2.92  3.06  3.02  3.39  3.60  4.32
STD DEV   1.38  1.69  1.89  2.00  1.53  1.33  1.14  1.30  1.13  1.45  1.29  1.25
SKEW      0.19  0.23  0.30  0.40  0.47  0.20  0.23  0.31  0.30  0.96  0.74  0.41
% SE      3.98  3.99  4.43  4.21  4.62  4.25  5.18  4.60  4.90  4.19  3.14  4.89
MEAN      4.54  4.67  4.66  4.60  3.93  3.14  3.06  2.79  3.27  3.26  3.62  4.66
STD DEV   2.02  1.79  1.89  2.12  1.76  1.46  1.25  1.11  1.41  1.66  1.64  2.09
SKEW      1.05  0.48  0.48  0.71  0.65  0.59  0.43  0.52  0.58  1.11  0.44  0.73
% SSE     5.76  5.77  6.53  5.31  5.19  7.29  6.59  5.15  7.32  6.39  5.85  6.97
MEAN      5.43  5.82  5.85  5.68  4.47  4.45  3.60  3.44  4.12  4.39  5.31  5.47
STD DEV   2.09  2.20  2.27  2.28  2.00  2.10  1.49  1.55  1.83  2.06  2.25  2.21
SKEW      0.11  0.26  0.41  0.42  0.46  0.87  0.27  0.58  0.45  0.65  0.46  0.23
% S       7.09  5.07  6.05  5.67  5.97  9.80  9.08  6.84  8.22  7.49  7.66  7.47
MEAN      5.88  5.40  6.31  5.92  4.60  4.53  3.80  3.21  4.12  4.31  5.29  5.53
STD DEV   2.72  2.26  2.76  2.51  2.33  2.07  1.97  1.47  2.16  2.36  2.79  2.54
SKEW      0.75  0.50  0.22  0.26  0.92  0.53  0.82  0.68  0.88  1.27  0.74  0.44
% SSW    13.12 11.12  7.83  9.01  9.93 12.14 11.70  8.04  9.82 11.34 13.69 13.48
MEAN      6.63  6.44  6.85  6.53  5.73  5.33  4.86  4.04  5.16  5.53  6.32  6.47
STD DEV   2.84  2.44  3.14  2.68  2.58  2.14  2.20  1.78  2.28  2.49  2.56  2.59
SKEW      0.83  0.32  0.38  0.33  0.49  0.41  0.53  0.61  0.37  0.31  0.29  0.26
% SW      8.11  8.90  6.00  6.73  9.82 10.99  9.52  8.90  9.93 10.83 12.13 12.07
MEAN      5.62  6.20  6.06  6.35  5.01  4.82  4.29  3.83  4.11  5.08  5.40  5.82
STD DEV   2.45  2.74  2.76  2.79  2.65  2.25  2.08  1.70  2.08  2.69  3.01  2.46
SKEW      0.36  0.54  0.42  0.49  0.75  0.65  0.65  0.48  0.61  0.67  1.26  0.38
% WSW     8.24  7.84  9.69  8.33  7.77  6.49  5.93  6.01  6.10  4.76  8.82 10.92
MEAN      6.37  6.10  6.35  6.04  5.10  4.44  4.26  3.92  3.63  4.25  5.40  5.72
STD DEV   3.09  2.91  2.65  2.93  2.40  2.14  1.97  1.59  1.49  2.15  2.33  2.53
SKEW      0.82  1.01  0.39  0.79  0.65  0.55  0.73  0.50  0.59  0.60  0.59  0.71
% W       6.45  7.49  6.84  5.32  4.34  3.75  3.81  3.89  4.42  4.66  8.43  6.94
MEAN      5.39  5.24  5.90  5.74  4.51  3.67  3.24  3.16  3.28  3.95  5.29  4.97
STD DEV   2.52  2.16  2.71  3.01  2.44  1.69  1.66  1.53  1.77  2.24  2.36  2.11
SKEW      0.71  0.29  0.43  0.53  0.61  0.61  1.07  0.82  1.07  0.84  0.39  0.51
% WNW     8.59  9.71  8.18  9.74  4.85  3.33  2.56  3.44  5.71  5.32 10.62  9.89
MEAN      6.11  6.28  6.56  6.32  5.17  4.23  3.93  4.10  4.79  5.54  6.16  5.75
STD DEV   2.14  2.21  2.27  2.36  2.34  1.89  1.67  1.59  1.95  2.47  2.07  2.12
SKEW      0.42  0.27  0.29  0.26  0.67  0.57  0.80  0.26  0.38  0.23  0.20  0.40
% NW      8.08  5.64  7.58  6.49  5.29  4.41  3.29  4.42  5.73  5.28  7.78  6.11
MEAN      6.35  5.84  6.04  5.95  4.47  4.15  4.04  3.71  4.33  5.05  5.91  5.66
STD DEV   2.23  2.14  2.43  2.35  1.96  1.97  1.68  1.61  1.69  1.93  2.59  2.16
SKEW      0.11  0.01  0.45  0.17  0.41  0.54  0.28  0.34  0.32  0.14  0.49  0.29
% NNW     5.78  6.17  6.19  5.13  5.11  4.72  3.57  4.15  4.29  5.41  5.15  3.16
MEAN      5.69  5.98  5.85  6.11  4.84  4.22  4.17  3.90  4.88  5.35  5.58  5.70
STD DEV   1.94  2.10  2.11  2.23  1.82  1.82  1.46  1.58  1.73  1.93  1.90  2.39
SKEW      0.50  0.26  0.01 -0.04  0.32  0.35  0.28  0.36  0.25  0.22  0.19  0.61
CALM      1.79  1.60  1.90  1.89  3.14  5.49  6.27  8.57  7.28  7.41  3.06  2.10
W. LAFAYETTE  IN    0.831  BUNKER HILL   IN    0.094  RANTOUL       IL    0.075
