 CAMPBELLSVILLE KY                       151256 0
 LATT=  37.33 LONG= -85.35 YEARS= 44. TYPE= 3
 ELEVATION =  770. TP5 = 2.29 TP6= 4.40
 MEAN P   0.35  0.41  0.40  0.41  0.43  0.48  0.51  0.46  0.55  0.37  0.38  0.43
 S DEV P  0.46  0.54  0.52  0.53  0.55  0.62  0.62  0.62  0.78  0.50  0.49  0.56
 SQEW  P  2.57  2.98  2.67  2.63  2.95  2.37  2.23  2.54  4.31  3.01  2.81  2.25
 P(W/W)   0.53  0.48  0.50  0.50  0.50  0.53  0.48  0.45  0.49  0.41  0.45  0.48
 P(W/D)   0.26  0.25  0.28  0.26  0.25  0.20  0.25  0.20  0.15  0.17  0.24  0.23
 TMAX AV 44.09 48.67 58.28 69.42 77.68 84.90 87.83 86.91 81.35 70.41 58.02 48.02
 TMIN AV 25.59 27.77 35.81 45.19 53.85 61.36 65.51 63.75 57.06 45.35 36.69 29.18
 SD TMAX 12.69 12.26 11.66  9.83  7.62  5.64  4.73  5.02  7.58  9.48 11.12 11.43
 SD TMIN 12.54 12.35 11.11 10.31  8.52  6.51  5.18  5.86  8.29  9.93 10.88 11.81
 SOL.RAD  165.  257.  347.  458.  565.  609.  595.  541.  471.  344.  235.  167.
 SD SOL   42.8  44.3  57.5  65.1  61.9  60.6  58.1  95.2  49.9  28.2  27.7  33.9
 MX .5 P  0.42  0.62  0.64  0.62  1.30  1.08  1.62  1.30  0.99  0.93  0.70  0.44
 DEW PT  28.85 29.57 33.76 43.76 54.78 62.40 66.52 66.35 58.33 48.63 36.05 28.57
Time Pk  0.631 0.739 0.784 0.830 0.848 0.859 0.878 0.891 0.902 0.925 0.954 1.000
% N       5.02  5.10  4.34  4.48  4.96  4.73  4.34  6.26  6.62  5.50  3.56  4.31
MEAN      3.56  3.45  3.50  3.33  3.10  2.84  2.59  2.64  2.98  3.03  3.10  3.27
STD DEV   1.68  1.67  1.68  1.66  1.56  1.47  1.21  1.29  1.48  1.41  1.58  1.55
SKEW      0.47  0.67  0.58  0.71  0.56  0.76  0.72  0.84  0.75  0.45  0.70  0.51
% NNE     4.22  4.78  4.06  4.18  4.74  4.19  4.59  5.83  6.27  5.48  3.55  2.99
MEAN      4.05  3.94  3.74  3.77  3.52  3.17  3.08  3.01  3.39  3.46  3.65  4.08
STD DEV   1.86  1.59  1.65  1.56  1.59  1.45  1.30  1.33  1.56  1.61  1.69  2.00
SKEW      0.55  0.25  0.57  0.30  0.57  0.55  0.50  0.62  0.73  0.67  0.57  0.91
% NE      4.00  5.53  4.29  4.70  4.98  4.69  4.77  6.36  7.54  4.97  2.85  3.72
MEAN      3.63  3.34  3.69  3.49  3.37  3.10  2.75  2.75  3.15  3.02  3.01  3.29
STD DEV   1.69  1.47  1.78  1.62  1.50  1.51  1.24  1.33  1.60  1.45  1.45  1.52
SKEW      0.52  0.50  0.65  0.49  0.49  0.71  0.64  0.89  0.82  0.68  0.66  0.40
% ENE     2.94  4.52  4.77  3.65  3.66  3.64  3.27  3.89  4.40  3.36  2.25  2.88
MEAN      3.35  3.74  4.16  3.62  3.41  3.25  3.06  2.95  3.42  3.14  3.27  3.38
STD DEV   1.46  1.49  1.81  1.60  1.43  1.44  1.28  1.32  1.53  1.31  1.54  1.49
SKEW      0.44  0.37  0.36  0.42  0.42  0.57  0.47  0.62  0.57  0.44  0.44  0.46
% E       3.41  4.54  4.10  3.71  4.15  3.68  3.49  4.26  4.39  3.59  2.56  4.07
MEAN      2.80  3.15  3.26  3.26  2.77  2.65  2.37  2.42  2.60  2.42  2.60  2.93
STD DEV   1.25  1.33  1.62  1.54  1.28  1.18  0.99  1.13  1.23  1.16  1.25  1.34
SKEW      0.70  0.53  0.96  0.69  0.92  0.90  0.69  0.79  0.83  0.98  1.19  0.72
% ESE     2.25  2.83  2.50  2.61  2.75  2.63  2.24  2.43  2.61  2.02  1.84  2.50
MEAN      2.81  3.31  3.24  3.32  3.15  2.69  2.52  2.57  2.67  2.77  2.86  2.90
STD DEV   1.37  1.47  1.51  1.56  1.51  1.09  1.04  1.08  1.09  1.39  1.14  1.27
SKEW      0.78  0.50  0.65  0.84  0.66  0.57  0.58  0.68  0.84  0.97  0.20  0.69
% SE      2.60  2.79  3.43  3.22  2.87  3.10  2.91  2.98  3.06  3.07  2.45  3.05
MEAN      2.78  2.98  3.29  3.23  2.70  2.51  2.26  2.33  2.50  2.41  2.81  2.81
STD DEV   1.32  1.44  1.72  1.67  1.30  1.06  0.94  1.09  1.02  1.16  1.37  1.46
SKEW      0.81  0.77  1.03  0.91  0.87  0.69  0.79  1.04  0.75  1.13  1.13  1.06
% SSE     5.05  5.05  5.96  6.02  4.56  4.57  4.21  3.04  4.50  4.37  5.70  5.70
MEAN      4.27  4.17  4.47  3.98  3.15  2.96  2.65  2.51  3.18  3.25  4.03  4.00
STD DEV   2.35  2.05  2.26  2.01  1.50  1.38  1.19  1.12  1.50  1.59  2.18  2.17
SKEW      0.99  0.55  0.67  0.77  0.68  0.86  0.70  0.66  0.74  0.72  0.92  0.93
% S      10.49  8.40  8.94 10.43  7.90  7.81  7.41  5.74  7.54  7.49 10.21 10.89
MEAN      4.76  4.52  4.60  4.55  3.65  3.16  2.85  2.73  3.28  3.44  4.41  4.30
STD DEV   2.39  2.32  2.34  2.25  1.93  1.52  1.36  1.34  1.66  1.90  2.31  2.14
SKEW      0.84  0.77  0.53  0.67  0.81  0.81  0.95  0.94  0.73  1.02  0.85  0.74
% SSW    10.62  8.72  9.27 10.92  9.13  9.67  8.56  6.30  6.60  7.50 10.13 11.33
MEAN      4.84  4.91  5.08  4.97  3.96  3.59  3.48  3.25  3.76  3.82  4.50  4.62
STD DEV   2.15  2.28  2.37  2.24  1.88  1.69  1.61  1.46  1.68  1.82  2.11  2.08
SKEW      0.60  0.50  0.54  0.49  0.66  0.71  0.65  0.63  0.54  0.59  0.58  0.68
% SW      8.47  7.24  7.00  8.16  8.98  9.39  9.99  6.89  6.12  6.72  8.70  8.41
MEAN      4.53  4.39  4.81  4.73  3.96  3.68  3.33  3.09  3.61  3.62  4.02  4.23
STD DEV   2.24  2.13  2.48  2.40  2.02  1.78  1.61  1.47  1.75  1.86  2.03  2.02
SKEW      0.72  0.63  0.75  0.66  0.78  0.73  0.82  0.77  0.61  0.71  0.92  0.74
% WSW     6.33  6.72  7.33  6.78  6.72  6.21  6.63  4.83  3.45  4.43  6.58  6.75
MEAN      4.96  5.26  5.72  5.51  4.39  3.98  3.84  3.65  3.70  4.14  4.81  5.04
STD DEV   2.27  2.36  2.55  2.57  2.05  1.81  1.67  1.63  1.61  1.91  2.19  2.13
SKEW      0.48  0.60  0.63  0.53  0.49  0.56  0.56  0.46  0.39  0.48  0.69  0.42
% W       8.14  8.18  8.68  7.07  6.14  5.48  5.68  4.74  3.87  5.03  8.51  8.34
MEAN      4.41  4.46  4.78  4.94  3.92  3.46  3.18  2.99  3.06  3.42  4.28  4.29
STD DEV   2.09  2.27  2.32  2.38  2.08  1.71  1.50  1.47  1.53  1.95  2.17  2.12
SKEW      0.51  0.60  0.47  0.45  0.68  0.71  0.59  0.72  1.02  0.95  0.62  0.45
% WNW     6.40  7.01  6.58  6.16  4.20  3.19  2.89  2.90  2.80  3.93  6.17  5.86
MEAN      4.73  4.77  4.90  5.06  3.90  3.36  3.10  3.14  3.49  3.86  4.48  4.49
STD DEV   2.15  2.20  2.17  2.19  1.87  1.60  1.37  1.39  1.64  1.93  2.05  2.02
SKEW      0.53  0.37  0.30  0.25  0.56  0.76  0.52  0.43  0.62  0.55  0.42  0.36
% NW      6.14  5.89  5.37  4.82  3.63  2.97  2.79  3.06  3.40  3.90  5.34  4.76
MEAN      4.06  4.40  4.10  4.28  3.19  2.91  2.76  2.60  3.02  3.44  3.84  3.84
STD DEV   1.78  2.18  1.86  1.97  1.50  1.42  1.30  1.25  1.52  1.61  1.84  1.83
SKEW      0.61  0.55  0.52  0.47  0.35  0.80  0.78  0.74  0.75  0.38  0.51  0.58
% NNW     4.47  4.33  4.58  3.58  3.20  2.81  2.53  2.90  3.44  3.59  3.24  3.07
MEAN      4.08  4.13  4.13  3.90  3.51  3.10  3.02  2.94  3.27  3.58  3.97  3.57
STD DEV   1.63  1.79  1.83  1.72  1.57  1.40  1.26  1.25  1.43  1.48  1.66  1.53
SKEW      0.41  0.39  0.62  0.42  0.42  0.37  0.33  0.53  0.48  0.24  0.27  0.41
CALM      9.43  8.39  8.74  9.55 17.34 21.24 23.77 27.58 23.44 25.03 16.34 11.36
FT.KNOX       KY    0.433  BOWLING GREEN KY    0.298  LONDON        KY    0.269
 CARROLLTON LOCK 1 KY                    151345 0
 LATT=  38.68 LONG= -85.18 YEARS= 60. TYPE= 3
 ELEVATION =  480. TP5 = 2.24 TP6= 4.28
 MEAN P   0.32  0.34  0.40  0.36  0.38  0.43  0.45  0.48  0.42  0.36  0.33  0.31
 S DEV P  0.42  0.44  0.49  0.44  0.44  0.52  0.53  0.57  0.57  0.48  0.38  0.36
 SQEW  P  2.80  2.63  2.62  2.35  2.92  3.18  1.98  2.81  3.88  3.15  2.33  2.16
 P(W/W)   0.44  0.42  0.44  0.46  0.49  0.44  0.40  0.39  0.38  0.41  0.48  0.45
 P(W/D)   0.27  0.27  0.30  0.29  0.26  0.25  0.23  0.19  0.18  0.18  0.25  0.25
 TMAX AV 41.71 46.90 56.76 68.55 76.72 84.23 87.24 86.05 80.47 70.09 57.27 46.20
 TMIN AV 22.99 25.74 33.94 43.51 52.28 60.80 64.94 63.41 56.69 44.51 35.62 27.61
 SD TMAX 12.06 11.83 11.93 10.34  7.92  6.15  5.32  5.53  7.61  9.25 11.13 11.63
 SD TMIN 12.59 11.97 10.69  9.96  8.77  6.95  5.62  6.18  8.54 10.12 10.52 11.83
 SOL.RAD  164.  254.  346.  449.  562.  607.  598.  545.  472.  341.  228.  163.
 SD SOL   41.8  44.4  58.1  69.4  65.3  64.0  59.8 103.1  50.4  28.1  28.3  33.7
 MX .5 P  0.38  0.64  0.57  0.61  1.00  1.40  1.51  1.34  0.97  0.93  0.61  0.40
 DEW PT  25.80 26.42 30.66 40.66 52.04 60.84 64.04 63.04 55.63 44.87 33.08 26.00
Time Pk  0.619 0.724 0.777 0.832 0.845 0.856 0.869 0.880 0.892 0.913 0.943 1.000
% N       6.54  6.50  6.24  6.13  6.37  5.46  5.79  8.36  7.56  7.03  4.44  4.67
MEAN      4.35  4.33  4.58  4.39  4.00  3.58  3.30  3.27  3.65  3.65  3.79  4.13
STD DEV   1.73  1.95  1.98  1.72  1.77  1.58  1.42  1.45  1.63  1.59  1.74  1.77
SKEW      0.40  0.69  0.42  0.44  0.60  0.59  0.62  0.72  0.65  0.55  0.77  0.41
% NNE     4.34  4.94  4.42  4.58  4.73  3.89  4.43  5.73  5.35  4.61  2.74  3.08
MEAN      4.21  4.35  4.31  4.24  4.05  3.75  3.25  3.40  3.64  3.49  3.75  3.97
STD DEV   1.81  1.83  1.77  1.65  1.72  1.59  1.32  1.51  1.52  1.49  1.54  1.75
SKEW      0.59  0.37  0.38  0.53  0.56  0.52  0.51  0.78  0.74  0.60  0.45  0.65
% NE      4.09  5.68  5.74  4.86  5.54  4.91  5.81  6.21  7.11  5.13  2.79  3.83
MEAN      3.75  4.05  4.25  4.02  3.86  3.38  3.12  2.98  3.37  3.24  3.29  3.57
STD DEV   1.71  1.74  1.82  1.62  1.65  1.47  1.31  1.23  1.48  1.38  1.45  1.60
SKEW      0.73  0.50  0.43  0.63  0.53  0.56  0.64  0.65  0.70  0.80  0.87  0.85
% ENE     2.76  4.39  4.57  3.77  3.98  3.28  3.82  3.89  4.43  3.57  1.97  2.47
MEAN      3.67  3.87  4.48  4.01  3.64  3.34  3.03  3.03  3.38  3.24  3.16  3.53
STD DEV   1.63  1.58  1.88  1.61  1.48  1.40  1.26  1.25  1.48  1.35  1.24  1.48
SKEW      0.97  0.67  0.42  0.51  0.60  0.64  0.72  0.66  0.58  0.74  0.56  0.90
% E       2.67  3.95  4.13  4.25  4.42  4.04  3.89  3.98  4.52  3.44  2.26  3.18
MEAN      3.36  3.54  3.95  3.70  3.17  2.99  2.67  2.66  2.91  2.82  3.10  3.28
STD DEV   1.35  1.46  1.65  1.54  1.29  1.25  1.10  1.16  1.21  1.23  1.22  1.34
SKEW      0.44  0.57  0.55  0.38  0.60  0.67  0.64  0.83  0.63  0.97  0.70  0.56
% ESE     2.38  3.07  3.27  3.47  3.38  3.08  2.75  2.63  3.40  3.21  2.29  2.92
MEAN      3.26  3.45  3.68  3.78  3.20  2.84  2.71  2.71  2.80  3.00  3.19  3.30
STD DEV   1.34  1.39  1.48  1.47  1.29  1.11  1.15  1.11  1.08  1.17  1.20  1.34
SKEW      0.68  0.84  0.67  0.56  0.79  0.62  0.71  0.62  0.59  0.98  0.70  0.70
% SE      4.08  4.49  4.85  5.39  5.12  5.27  4.57  4.44  5.46  5.94  4.82  5.22
MEAN      3.38  3.43  3.67  3.75  3.11  2.82  2.61  2.54  2.89  2.90  3.27  3.36
STD DEV   1.44  1.39  1.57  1.51  1.26  1.06  1.03  1.04  1.22  1.21  1.30  1.36
SKEW      0.77  0.76  0.76  0.48  0.74  0.68  0.84  0.73  0.71  0.67  0.77  0.56
% SSE     5.27  5.08  4.97  5.33  5.17  5.58  4.95  4.91  5.51  5.76  5.81  5.87
MEAN      3.90  3.95  4.39  4.09  3.49  3.12  2.85  2.85  3.11  3.22  3.81  3.85
STD DEV   1.69  1.67  1.97  1.70  1.50  1.29  1.16  1.14  1.35  1.45  1.67  1.61
SKEW      0.78  0.81  0.74  0.74  0.78  0.74  0.79  0.77  0.83  0.93  0.75  0.77
% S      11.44  8.66  8.75 10.54 10.46 11.57  9.69  9.28 10.32 11.35 13.05 12.10
MEAN      4.60  4.54  4.86  4.57  3.79  3.49  3.07  2.92  3.42  3.61  4.40  4.47
STD DEV   2.04  1.97  2.17  1.97  1.77  1.55  1.32  1.24  1.54  1.70  1.98  1.91
SKEW      0.59  0.58  0.49  0.64  0.91  0.81  0.87  0.67  0.80  0.80  0.69  0.76
% SSW     8.85  7.63  7.50  9.23  9.71 11.00  9.37  7.94  8.39  9.30 10.61  9.85
MEAN      5.23  5.39  5.91  5.48  4.58  4.26  3.73  3.63  4.13  4.42  5.09  5.15
STD DEV   2.20  2.29  2.46  2.18  2.05  1.79  1.57  1.55  1.80  1.89  2.03  2.00
SKEW      0.39  0.48  0.37  0.36  0.69  0.53  0.63  0.64  0.55  0.48  0.37  0.44
% SW      8.18  6.77  7.16  8.77  9.35 11.12 10.72  8.55  7.46  7.76  9.15  9.17
MEAN      5.11  5.20  5.57  5.58  4.58  4.20  3.91  3.69  4.02  4.43  4.88  4.98
STD DEV   2.14  2.27  2.54  2.38  2.04  1.78  1.68  1.65  1.74  2.04  2.09  2.03
SKEW      0.47  0.56  0.52  0.25  0.57  0.45  0.55  0.62  0.47  0.46  0.44  0.41
% WSW     6.58  6.03  6.33  6.26  6.44  6.64  7.00  5.04  4.25  4.28  7.16  7.44
MEAN      5.09  5.11  5.58  5.65  4.55  4.32  4.00  3.80  3.96  4.41  4.97  4.87
STD DEV   2.04  2.08  2.54  2.22  1.91  1.76  1.56  1.53  1.57  1.72  2.06  2.06
SKEW      0.53  0.65  0.71  0.26  0.49  0.46  0.41  0.37  0.46  0.38  0.45  0.56
% W       7.81  7.56  7.86  6.15  5.39  4.95  5.13  4.38  3.80  4.94  7.74  7.31
MEAN      5.12  5.06  5.52  5.46  4.51  3.93  3.81  3.54  3.61  4.34  4.97  4.93
STD DEV   2.11  2.10  2.30  2.33  1.88  1.73  1.57  1.58  1.63  1.93  2.16  2.11
SKEW      0.62  0.44  0.38  0.39  0.49  0.58  0.48  0.59  0.87  0.58  0.59  0.56
% WNW     7.17  8.19  7.82  6.06  4.48  3.35  3.37  3.22  3.22  4.57  7.64  7.35
MEAN      5.23  5.48  5.50  5.73  4.48  4.06  3.84  3.56  3.86  4.60  5.17  5.15
STD DEV   2.02  2.08  2.15  2.19  1.90  1.63  1.71  1.54  1.70  1.94  2.11  2.03
SKEW      0.35  0.25  0.27  0.23  0.47  0.40  0.61  0.66  0.57  0.46  0.32  0.32
% NW      7.21  8.17  7.85  6.36  4.76  3.80  4.13  4.65  4.53  5.41  7.14  6.94
MEAN      4.80  5.07  5.08  5.10  4.10  3.72  3.41  3.29  3.56  4.17  4.74  4.68
STD DEV   1.90  2.04  2.01  2.11  1.78  1.67  1.58  1.49  1.65  1.86  1.93  1.90
SKEW      0.25  0.28  0.36  0.36  0.41  0.56  0.68  0.73  0.65  0.39  0.40  0.34
% NNW     5.43  4.73  4.25  4.22  3.78  3.16  3.17  4.13  3.81  4.04  3.47  3.71
MEAN      4.63  4.76  4.81  4.81  4.22  3.74  3.42  3.40  3.77  4.11  4.50  4.53
STD DEV   1.74  2.02  1.91  1.83  1.77  1.62  1.47  1.47  1.61  1.73  1.80  1.88
SKEW      0.27  0.42  0.23  0.27  0.40  0.54  0.63  0.68  0.42  0.37  0.45  0.32
CALM      5.18  4.18  4.34  4.59  6.97  8.92 11.38 12.65 10.90  9.61  6.92  4.87
COVINGTON/CIN.KY    0.392  LOUISVILLE    KY    0.331  COLUMBUS      IN    0.278
 HEIDELBERG LOCK 14 KY                   153741 0
 LATT=  37.55 LONG= -83.77 YEARS= 60. TYPE= 3
 ELEVATION =  660. TP5 = 2.31 TP6= 4.37
 MEAN P   0.33  0.36  0.37  0.34  0.35  0.41  0.47  0.45  0.40  0.32  0.37  0.36
 S DEV P  0.42  0.45  0.46  0.42  0.40  0.45  0.56  0.52  0.51  0.43  0.48  0.49
 SQEW  P  2.51  2.59  2.26  2.46  2.62  2.74  2.42  1.94  2.53  4.53  2.95  3.75
 P(W/W)   0.48  0.47  0.48  0.51  0.53  0.46  0.48  0.41  0.44  0.41  0.47  0.47
 P(W/D)   0.30  0.31  0.31  0.28  0.26  0.26  0.27  0.23  0.19  0.18  0.25  0.27
 TMAX AV 46.04 50.24 60.11 70.63 78.87 85.24 87.83 86.64 81.17 71.65 59.05 49.20
 TMIN AV 24.55 25.80 32.91 41.02 50.47 59.32 63.57 62.65 55.53 43.13 33.28 26.87
 SD TMAX 12.65 12.32 12.59 11.08  8.14  6.10  5.06  5.35  7.54  9.16 11.65 11.61
 SD TMIN 12.71 11.49 10.36  9.65  8.55  6.70  5.40  5.82  8.53  9.99 10.19 11.38
 SOL.RAD  170.  256.  350.  473.  567.  612.  598.  545.  478.  338.  230.  170.
 SD SOL   41.6  44.7  57.0  61.2  61.4  60.1  57.7  94.5  48.4  30.5  29.4  33.4
 MX .5 P  0.35  0.52  0.56  0.63  1.29  1.07  1.44  1.30  0.98  0.55  0.53  0.41
 DEW PT  27.54 27.54 31.79 41.26 52.77 61.02 64.51 63.77 56.28 45.53 33.53 27.51
Time Pk  0.637 0.721 0.775 0.823 0.840 0.851 0.866 0.884 0.899 0.920 0.949 1.000
% N       4.44  4.90  5.07  5.09  5.88  5.22  4.10  6.54  6.86  6.20  4.39  4.81
MEAN      3.43  3.66  3.51  3.45  3.22  2.86  2.72  2.66  2.97  3.14  3.06  3.33
STD DEV   1.51  1.55  1.54  1.58  1.49  1.24  1.15  1.09  1.25  1.28  1.31  1.43
SKEW      0.68  0.60  0.64  0.83  0.84  0.71  0.98  0.98  0.87  0.63  0.77  0.76
% NNE     3.90  4.58  4.32  4.16  5.02  4.95  4.04  4.80  6.30  4.99  3.27  3.25
MEAN      3.73  3.66  3.53  3.74  3.49  3.13  2.94  2.93  3.23  3.17  3.34  3.55
STD DEV   1.67  1.43  1.43  1.54  1.43  1.35  1.11  1.16  1.23  1.31  1.39  1.66
SKEW      0.81  0.36  0.51  0.50  0.59  0.71  0.69  0.80  0.57  0.67  0.81  1.44
% NE      3.65  5.12  5.01  4.31  4.79  5.39  4.48  5.44  6.78  4.70  2.81  3.43
MEAN      3.50  3.36  3.60  3.59  3.29  3.06  2.69  2.77  3.14  2.91  3.01  3.25
STD DEV   1.55  1.35  1.47  1.60  1.30  1.33  1.02  1.09  1.25  1.22  1.20  1.22
SKEW      0.86  0.72  0.61  0.67  0.46  0.91  0.59  0.67  0.78  0.76  0.56  0.62
% ENE     3.09  4.11  4.31  3.24  3.34  3.32  3.18  3.41  4.31  3.28  1.97  2.62
MEAN      3.28  3.63  3.66  3.38  3.22  3.03  2.75  2.75  3.18  2.85  3.17  3.26
STD DEV   1.32  1.40  1.46  1.44  1.25  1.15  1.02  1.03  1.22  1.04  1.20  1.19
SKEW      0.72  0.56  0.41  0.61  0.47  0.62  0.59  0.65  0.70  0.59  0.42  0.35
% E       2.24  2.82  3.13  2.73  3.11  3.02  2.76  3.13  3.43  3.16  2.14  2.56
MEAN      2.91  3.23  3.27  3.25  3.01  2.66  2.42  2.51  2.73  2.76  3.00  3.14
STD DEV   1.16  1.27  1.45  1.34  1.34  0.99  0.94  1.02  0.96  1.07  1.21  1.22
SKEW      0.68  0.55  0.73  0.63  1.06  0.78  0.90  1.03  0.57  1.17  0.94  0.66
% ESE     2.08  2.67  2.50  2.63  3.02  2.80  2.52  2.66  3.30  2.99  2.26  2.39
MEAN      3.03  3.25  3.30  3.37  3.05  2.56  2.45  2.52  2.71  2.75  2.85  3.07
STD DEV   1.20  1.25  1.33  1.45  1.32  0.90  0.92  0.86  0.99  1.03  0.96  1.18
SKEW      0.57  0.74  0.69  0.83  1.00  0.59  0.80  0.52  1.03  0.95  0.63  0.95
% SE      2.57  2.81  3.36  3.50  3.59  3.27  3.08  3.36  3.74  3.49  3.08  3.09
MEAN      3.00  3.37  3.50  3.29  3.05  2.65  2.42  2.43  2.66  2.67  3.00  3.07
STD DEV   1.19  1.45  1.61  1.41  1.38  0.98  0.87  0.86  0.93  0.97  1.14  1.17
SKEW      0.79  0.78  1.09  0.85  1.14  0.72  0.70  0.92  0.90  0.80  0.96  0.91
% SSE     6.67  6.77  6.64  7.34  6.45  6.02  6.31  5.20  6.29  6.54  8.05  7.90
MEAN      4.04  4.24  4.19  3.90  3.17  2.89  2.72  2.55  2.90  3.11  3.86  3.95
STD DEV   1.89  1.93  2.04  1.85  1.36  1.23  1.13  0.94  1.13  1.38  1.77  1.79
SKEW      0.89  0.73  0.82  1.03  0.90  1.21  0.90  0.71  0.85  0.85  1.01  0.89
% S       8.89  8.28  8.78  9.79  8.67  8.82  8.97  7.83  8.08  8.04 11.17 10.87
MEAN      4.33  4.41  4.58  4.35  3.66  3.25  3.04  2.87  3.35  3.43  4.31  4.10
STD DEV   2.07  2.06  2.15  2.09  1.66  1.34  1.25  1.18  1.52  1.49  2.01  1.73
SKEW      1.19  0.95  0.60  0.82  0.89  0.86  0.90  0.92  1.04  0.93  0.80  0.87
% SSW     9.92  8.62  8.64 10.04  9.27  9.87 10.99  7.37  6.36  7.16  9.20 10.46
MEAN      4.80  4.81  5.08  4.91  4.01  3.68  3.43  3.21  3.67  3.81  4.44  4.48
STD DEV   2.15  2.29  2.31  2.37  1.81  1.63  1.43  1.37  1.61  1.73  2.13  2.00
SKEW      0.60  0.77  0.55  0.61  0.76  0.94  0.77  0.87  0.82  0.78  0.91  0.88
% SW      7.90  6.62  6.50  7.22  6.96  7.55  8.40  6.27  4.84  5.40  6.99  8.04
MEAN      4.72  4.70  5.02  5.05  4.23  3.86  3.69  3.29  3.71  3.85  4.32  4.51
STD DEV   2.07  2.13  2.51  2.40  1.91  1.69  1.57  1.46  1.57  1.75  2.02  1.96
SKEW      0.50  0.57  0.74  0.58  0.69  0.72  0.76  0.86  0.57  0.74  0.87  0.54
% WSW     8.18  7.60  7.96  7.50  6.31  5.56  5.62  4.50  3.46  4.34  7.14  7.33
MEAN      4.88  5.02  5.61  5.35  4.34  4.06  3.69  3.49  3.69  4.00  4.66  4.65
STD DEV   2.15  2.32  2.56  2.58  1.95  1.70  1.53  1.48  1.50  1.78  2.04  2.02
SKEW      0.47  0.69  0.64  0.76  0.48  0.49  0.79  0.63  0.73  0.71  0.46  0.48
% W       8.35  7.87  8.69  6.68  5.25  4.43  4.68  4.17  3.48  4.57  7.07  7.31
MEAN      4.67  4.64  4.90  4.79  3.90  3.58  3.26  3.08  3.16  3.63  4.15  4.33
STD DEV   2.04  2.14  2.22  2.27  1.86  1.66  1.38  1.35  1.34  1.69  1.92  1.96
SKEW      0.45  0.58  0.53  0.63  0.58  0.74  0.61  0.76  0.77  0.89  0.62  0.53
% WNW     6.17  7.23  6.71  5.90  4.03  3.18  2.87  2.85  2.90  3.99  5.81  5.84
MEAN      4.53  4.85  4.98  4.95  3.85  3.40  3.09  3.18  3.37  3.63  4.45  4.43
STD DEV   2.01  2.08  2.16  2.20  1.68  1.52  1.26  1.27  1.47  1.55  1.99  1.91
SKEW      0.53  0.39  0.43  0.50  0.69  0.85  0.56  0.59  0.76  0.61  0.54  0.50
% NW      4.25  4.43  4.15  3.82  3.15  2.66  2.59  2.92  2.86  3.21  3.97  3.69
MEAN      3.74  4.16  3.91  4.04  3.18  2.91  2.86  2.77  3.10  3.38  3.89  3.88
STD DEV   1.64  1.86  1.70  1.77  1.35  1.24  1.27  1.18  1.38  1.50  1.79  1.78
SKEW      0.65  0.55  0.58  0.49  0.55  0.71  0.86  0.85  0.80  0.69  0.53  0.70
% NNW     4.14  4.34  3.92  3.78  3.36  2.75  2.46  3.14  2.87  3.32  2.66  2.97
MEAN      3.85  3.95  3.99  3.82  3.36  3.03  3.10  2.95  3.01  3.31  3.68  3.61
STD DEV   1.57  1.76  1.75  1.62  1.45  1.27  1.27  1.24  1.23  1.44  1.57  1.45
SKEW      0.52  0.55  0.68  0.44  0.56  0.56  0.75  0.80  0.72  0.62  0.53  0.35
CALM     13.55 11.21 10.26 12.22 17.70 21.15 22.97 26.45 24.14 24.62 17.99 13.41
LONDON        KY    0.483  LEXINGTON     KY    0.314  HUNTINGTON/TS.WV    0.203
 HOPKINSVILLE 2 E KY                     153994 0
 LATT=  36.87 LONG= -87.45 YEARS= 60. TYPE= 3
 ELEVATION =  520. TP5 = 2.43 TP6= 4.99
 MEAN P   0.46  0.44  0.45  0.40  0.44  0.43  0.47  0.44  0.42  0.38  0.48  0.46
 S DEV P  0.61  0.56  0.54  0.50  0.55  0.58  0.56  0.53  0.62  0.46  0.60  0.60
 SQEW  P  2.81  3.05  2.43  2.66  2.57  3.00  2.47  2.12  3.62  1.97  2.26  2.47
 P(W/W)   0.46  0.45  0.46  0.48  0.49  0.46  0.41  0.39  0.45  0.41  0.45  0.48
 P(W/D)   0.26  0.28  0.32  0.29  0.26  0.23  0.23  0.20  0.19  0.18  0.24  0.24
 TMAX AV 44.38 48.47 58.40 69.47 78.27 86.44 89.85 89.15 83.11 72.37 58.39 47.66
 TMIN AV 24.75 27.01 35.38 45.42 54.30 62.73 66.20 64.88 57.68 45.54 35.50 27.80
 SD TMAX 13.04 12.61 12.40 10.54  8.15  6.63  5.59  5.91  8.25  9.63 11.90 11.84
 SD TMIN 12.46 11.44 10.64  9.48  7.99  6.15  4.78  5.31  8.14  9.47 10.63 11.06
 SOL.RAD  149.  231.  329.  427.  506.  557.  543.  488.  413.  311.  205.  152.
 SD SOL   53.8  57.8  68.8  80.1  84.0  80.1  77.6 135.3  71.1  43.0  41.9  43.8
 MX .5 P  0.50  0.57  0.78  0.82  1.51  1.10  1.81  1.74  1.07  0.67  1.07  0.61
 DEW PT  29.90 31.06 36.03 46.03 55.82 64.41 67.79 66.79 59.57 48.25 36.87 30.66
Time Pk  0.582 0.692 0.747 0.803 0.820 0.831 0.853 0.868 0.887 0.921 0.949 1.000
% N       7.64  7.45  6.04  5.46  5.53  4.68  4.82  6.82  7.02  6.37  6.17  5.99
MEAN      4.10  3.90  3.99  3.63  3.34  2.94  2.70  2.71  3.11  3.24  3.33  3.75
STD DEV   1.88  1.97  1.86  1.88  1.82  1.61  1.39  1.41  1.70  1.79  1.81  1.70
SKEW      0.32  0.64  0.39  0.73  0.72  1.04  0.73  0.85  0.82  0.99  0.72  0.29
% NNE     5.53  5.55  4.78  4.20  4.85  3.92  4.49  6.04  6.02  5.16  3.77  3.73
MEAN      4.15  3.78  3.95  3.86  3.43  3.12  2.90  3.20  3.29  3.50  3.66  4.03
STD DEV   1.86  1.64  1.76  1.68  1.58  1.51  1.40  1.52  1.57  1.65  1.85  1.89
SKEW      0.31  0.39  0.38  0.42  0.50  0.66  0.91  0.55  0.58  0.51  0.88  0.36
% NE      3.82  5.45  4.37  4.74  4.57  4.29  4.76  5.80  6.97  4.56  2.70  3.95
MEAN      3.38  3.34  3.60  3.35  3.17  2.93  2.87  2.78  3.12  3.12  2.86  3.37
STD DEV   1.56  1.55  1.73  1.57  1.59  1.46  1.40  1.42  1.59  1.64  1.38  1.73
SKEW      0.49  0.51  0.46  0.37  0.66  0.76  1.11  0.89  0.78  0.75  0.63  0.99
% ENE     2.76  3.67  4.18  3.32  3.24  3.01  3.25  3.39  3.63  2.90  2.00  2.65
MEAN      3.10  3.33  4.02  3.40  3.30  2.89  3.03  2.86  3.25  3.33  3.23  3.28
STD DEV   1.40  1.51  1.84  1.55  1.46  1.35  1.44  1.37  1.65  1.58  1.73  1.84
SKEW      0.55  0.49  0.44  0.37  0.44  0.51  0.56  0.77  0.83  0.57  1.01  1.46
% E       4.12  4.75  4.68  4.59  4.02  3.81  3.75  4.63  4.55  4.26  3.10  4.24
MEAN      2.68  3.15  3.53  3.23  2.57  2.49  2.39  2.37  2.51  2.45  2.47  2.80
STD DEV   1.18  1.55  1.79  1.62  1.28  1.18  1.15  1.17  1.28  1.29  1.28  1.45
SKEW      0.61  0.65  0.69  0.58  0.83  0.80  0.88  0.95  0.98  1.05  0.99  0.85
% ESE     2.49  2.95  2.87  2.99  2.51  2.65  2.35  2.52  2.69  2.47  2.29  3.02
MEAN      2.63  3.06  3.44  3.20  2.88  2.59  2.47  2.54  2.55  2.67  2.76  2.91
STD DEV   1.26  1.54  1.72  1.48  1.36  1.22  1.10  1.16  1.19  1.38  1.31  1.37
SKEW      0.72  0.90  0.66  0.64  0.44  0.76  0.75  0.63  0.80  0.86  0.62  0.61
% SE      3.15  3.28  3.49  3.50  3.14  3.62  3.08  2.96  3.89  3.48  3.18  4.00
MEAN      2.86  3.04  3.44  3.20  2.56  2.45  2.41  2.21  2.47  2.58  3.02  3.05
STD DEV   1.41  1.66  1.77  1.67  1.21  1.12  1.17  1.02  1.15  1.22  1.61  1.60
SKEW      0.73  2.05  0.83  0.89  0.72  0.74  1.09  0.77  0.68  1.01  1.04  1.10
% SSE     5.15  4.43  5.28  5.91  4.92  5.23  3.49  3.35  4.97  4.73  5.21  5.44
MEAN      3.92  4.37  4.40  3.99  3.31  2.89  2.60  2.63  3.06  3.40  3.86  3.97
STD DEV   2.01  2.27  2.09  1.91  1.61  1.31  1.28  1.24  1.51  1.71  2.11  1.99
SKEW      0.58  1.04  0.42  0.53  0.67  0.54  0.67  0.63  0.73  0.87  0.82  0.72
% S      11.20  8.42  9.54 11.28 10.36 10.24  8.73  7.63  8.57  8.48 11.41 11.28
MEAN      4.75  4.50  4.83  4.48  3.72  3.18  2.80  2.63  3.21  3.51  4.35  4.56
STD DEV   2.31  2.33  2.31  2.16  1.96  1.57  1.40  1.36  1.61  1.91  2.34  2.34
SKEW      0.42  0.54  0.39  0.58  0.72  0.67  1.03  0.91  0.71  0.89  0.75  0.56
% SSW     9.82  7.68  8.32 10.86  9.69  9.55  9.02  6.76  6.63  7.28  9.44  9.68
MEAN      5.03  5.12  5.48  5.30  4.27  3.74  3.45  3.28  3.81  4.04  4.60  4.86
STD DEV   2.29  2.48  2.51  2.26  2.07  1.86  1.68  1.62  1.76  1.92  2.28  2.33
SKEW      0.30  0.42  0.31  0.17  0.57  0.52  0.63  0.71  0.41  0.38  0.50  0.38
% SW      6.69  6.21  6.23  7.60  8.18  8.47  9.09  6.73  5.41  5.52  6.45  6.81
MEAN      4.52  4.71  5.06  4.85  3.98  3.74  3.45  3.16  3.64  3.55  4.11  4.44
STD DEV   2.13  2.38  2.49  2.31  2.04  1.87  1.75  1.64  1.83  1.86  2.28  2.24
SKEW      0.55  0.50  0.53  0.37  0.51  0.60  0.65  0.77  0.52  0.70  0.84  0.71
% WSW     4.33  4.58  5.48  5.47  5.16  5.55  6.05  4.70  3.25  3.53  4.64  5.52
MEAN      4.84  4.99  5.52  5.31  4.21  3.94  3.77  3.58  3.70  3.91  4.38  5.08
STD DEV   2.37  2.41  2.62  2.57  2.16  1.94  1.86  1.76  2.00  2.02  2.16  2.39
SKEW      0.48  0.50  0.60  0.43  0.72  0.42  0.46  0.46  0.59  0.55  0.46  0.46
% W       5.07  5.17  6.15  5.35  4.97  5.02  5.37  4.07  3.26  3.64  5.70  5.34
MEAN      4.04  4.12  4.76  4.66  3.52  3.38  3.15  2.89  2.80  3.21  3.96  4.23
STD DEV   2.02  2.30  2.47  2.43  1.89  1.94  1.71  1.59  1.61  1.95  2.28  2.14
SKEW      0.54  0.65  0.50  0.49  0.56  1.54  0.57  0.91  0.92  0.84  0.92  0.31
% WNW     4.67  5.35  5.75  4.90  3.32  2.75  2.71  2.61  2.03  3.14  5.57  4.83
MEAN      4.66  4.54  5.07  4.83  3.98  3.33  3.08  3.34  3.30  3.70  4.34  4.61
STD DEV   2.15  2.23  2.46  2.38  2.15  1.80  1.58  1.78  1.86  1.92  2.06  2.16
SKEW      0.26  0.44  0.45  0.45  0.72  1.34  0.67  0.80  0.99  0.49  0.53  0.35
% NW      6.45  7.25  6.51  4.94  3.69  2.69  2.44  2.83  3.03  4.23  6.31  6.16
MEAN      4.54  4.53  4.84  4.52  3.50  3.05  2.75  2.88  3.11  3.65  4.24  4.39
STD DEV   2.07  2.17  2.19  2.15  1.82  1.60  1.57  1.63  1.72  1.88  2.15  2.04
SKEW      0.31  0.43  0.44  0.37  0.66  0.83  1.30  1.25  0.94  0.61  0.59  0.34
% NNW     7.21  7.52  6.37  4.90  3.60  2.93  3.07  3.26  3.72  5.15  5.94  5.67
MEAN      4.74  4.70  4.66  4.30  3.74  3.07  3.02  2.98  3.47  3.95  4.45  4.17
STD DEV   1.98  2.11  2.00  1.95  1.90  1.55  1.48  1.43  1.73  1.87  2.09  1.81
SKEW      0.18  0.33  0.36  0.39  0.80  0.75  0.74  0.57  0.58  0.47  0.45  0.24
CALM      9.91 10.30  9.96  9.99 18.20 21.50 23.48 25.86 24.45 25.06 16.09 11.66
FT. CAMPBELL  KY    0.553  BOWLING GREEN KY    0.253  PADUCAH       KY    0.194
 LEITCHFIELD KY                          154703 0
 LATT=  37.48 LONG= -86.30 YEARS= 44. TYPE= 3
 ELEVATION =  640. TP5 = 2.33 TP6= 4.58
 MEAN P   0.37  0.41  0.39  0.36  0.44  0.43  0.46  0.45  0.47  0.38  0.43  0.43
 S DEV P  0.49  0.60  0.47  0.48  0.55  0.51  0.59  0.55  0.67  0.49  0.54  0.56
 SQEW  P  2.29  3.31  2.40  2.71  3.54  2.45  2.27  2.17  3.52  2.87  2.24  2.24
 P(W/W)   0.46  0.49  0.49  0.48  0.53  0.49  0.48  0.40  0.44  0.42  0.48  0.48
 P(W/D)   0.26  0.27  0.30  0.28  0.24  0.22  0.24  0.21  0.18  0.18  0.26  0.26
 TMAX AV 43.00 47.56 57.31 68.87 77.27 84.65 87.90 86.88 80.55 70.06 57.04 46.58
 TMIN AV 24.43 26.96 34.95 44.56 53.39 61.80 65.70 64.08 57.34 45.61 35.93 28.18
 SD TMAX 12.54 12.15 11.83 10.22  7.71  5.90  5.24  5.47  7.88  9.22 11.25 11.72
 SD TMIN 12.87 12.20 10.97 10.14  8.59  6.59  5.28  5.75  8.39  9.96 10.86 11.71
 SOL.RAD  155.  246.  340.  435.  538.  585.  575.  521.  446.  328.  218.  159.
 SD SOL   48.4  50.3  63.0  76.1  74.0  71.7  67.9 119.1  60.0  35.0  34.9  38.4
 MX .5 P  0.38  0.54  0.65  0.69  1.16  1.16  1.66  1.52  0.94  0.93  0.91  0.39
 DEW PT  27.96 28.96 34.33 44.33 54.45 63.51 66.83 65.83 58.08 47.51 35.76 28.59
Time Pk  0.612 0.704 0.749 0.801 0.816 0.827 0.849 0.865 0.880 0.909 0.947 1.000
% N       5.18  5.03  4.01  4.08  4.26  4.14  4.47  5.64  5.86  4.65  2.89  3.64
MEAN      3.91  3.60  3.77  3.57  3.26  3.06  2.69  2.80  3.10  3.19  3.23  3.50
STD DEV   1.81  1.78  1.81  1.73  1.63  1.61  1.29  1.41  1.59  1.54  1.69  1.66
SKEW      0.39  0.64  0.55  0.57  0.43  0.75  0.57  0.67  0.66  0.42  0.68  0.47
% NNE     4.21  4.69  3.91  4.03  4.36  3.55  4.64  5.97  5.78  5.45  3.32  2.75
MEAN      4.30  4.12  3.98  3.95  3.63  3.25  3.19  3.15  3.45  3.66  3.82  4.30
STD DEV   1.94  1.72  1.74  1.60  1.66  1.49  1.39  1.43  1.68  1.72  1.85  2.11
SKEW      0.39  0.29  0.49  0.19  0.50  0.42  0.38  0.51  0.75  0.60  0.45  0.71
% NE      4.16  5.85  4.42  5.20  5.51  4.64  5.26  7.10  7.96  5.43  3.02  3.97
MEAN      3.60  3.43  3.82  3.50  3.41  3.08  2.83  2.81  3.12  3.09  3.05  3.39
STD DEV   1.60  1.55  1.92  1.62  1.60  1.55  1.33  1.43  1.68  1.54  1.58  1.68
SKEW      0.35  0.45  0.61  0.45  0.59  0.69  0.67  0.95  0.86  0.67  0.74  0.49
% ENE     2.95  4.76  5.01  4.10  3.97  3.70  3.60  4.29  4.76  3.66  2.54  3.13
MEAN      3.45  3.86  4.42  3.79  3.52  3.27  3.17  2.99  3.40  3.26  3.25  3.48
STD DEV   1.51  1.61  1.99  1.68  1.53  1.51  1.38  1.43  1.60  1.45  1.61  1.62
SKEW      0.34  0.42  0.42  0.40  0.49  0.69  0.46  0.77  0.62  0.51  0.52  0.56
% E       4.08  5.36  4.96  4.54  4.72  4.22  4.28  4.93  5.02  4.08  2.99  4.82
MEAN      3.03  3.39  3.55  3.46  2.89  2.78  2.53  2.48  2.68  2.48  2.68  3.07
STD DEV   1.36  1.43  1.77  1.68  1.29  1.28  1.10  1.21  1.34  1.25  1.30  1.40
SKEW      0.68  0.53  0.94  0.69  0.74  0.90  0.73  0.82  0.91  0.88  1.06  0.70
% ESE     2.50  3.01  2.80  2.88  2.65  2.64  2.40  2.43  2.55  2.11  1.90  2.79
MEAN      3.07  3.48  3.49  3.48  3.28  2.87  2.64  2.69  2.73  2.96  3.16  3.09
STD DEV   1.47  1.55  1.61  1.58  1.51  1.20  1.09  1.18  1.12  1.49  1.31  1.37
SKEW      0.73  0.47  0.62  0.74  0.48  0.61  0.51  0.75  0.70  0.81  0.14  0.48
% SE      3.25  3.35  3.84  3.61  3.19  3.77  3.42  3.56  3.56  3.44  2.80  3.63
MEAN      3.01  3.10  3.49  3.40  2.72  2.62  2.35  2.39  2.62  2.57  3.01  3.01
STD DEV   1.48  1.48  1.79  1.77  1.25  1.15  1.02  1.18  1.15  1.29  1.55  1.62
SKEW      0.84  0.73  0.89  0.85  0.69  0.75  0.87  0.93  0.84  1.12  1.12  1.10
% SSE     4.33  4.04  5.15  4.76  3.65  4.20  3.15  2.60  4.05  3.68  4.51  4.72
MEAN      4.53  4.29  4.75  4.08  3.36  3.18  2.74  2.69  3.39  3.42  4.25  4.23
STD DEV   2.40  2.09  2.29  2.00  1.59  1.47  1.23  1.23  1.62  1.71  2.28  2.23
SKEW      0.86  0.44  0.54  0.57  0.58  0.66  0.62  0.61  0.66  0.69  0.85  0.84
% S      10.93  8.13  8.54 10.40  8.10  8.16  7.20  5.56  7.88  7.81 10.17 10.72
MEAN      5.10  4.75  4.81  4.72  3.87  3.35  2.97  2.84  3.44  3.65  4.61  4.64
STD DEV   2.42  2.39  2.38  2.24  2.03  1.63  1.44  1.41  1.71  2.04  2.37  2.29
SKEW      0.47  0.56  0.50  0.50  0.70  0.78  0.95  0.93  0.59  0.98  0.78  0.60
% SSW    10.20  8.41  8.99 10.80  8.84  9.62  7.51  5.98  6.99  7.80 10.50 10.90
MEAN      5.03  5.14  5.30  5.17  4.17  3.77  3.60  3.36  3.89  4.03  4.68  4.88
STD DEV   2.16  2.25  2.36  2.18  1.97  1.76  1.67  1.48  1.72  1.91  2.07  2.08
SKEW      0.51  0.32  0.42  0.36  0.60  0.57  0.61  0.52  0.40  0.49  0.39  0.41
% SW      8.45  7.43  7.18  8.63  9.93 10.88 10.92  7.61  6.80  7.45  9.47  8.56
MEAN      4.57  4.51  4.85  4.77  3.95  3.77  3.32  3.14  3.62  3.72  4.14  4.34
STD DEV   2.30  2.23  2.45  2.40  2.05  1.84  1.63  1.48  1.78  1.92  2.10  2.12
SKEW      0.77  0.66  0.66  0.60  0.77  0.67  0.79  0.70  0.63  0.66  0.81  0.75
% WSW     5.77  6.49  6.92  6.27  6.59  6.31  6.84  4.96  3.53  4.57  6.52  6.66
MEAN      5.07  5.39  5.75  5.56  4.46  4.01  3.92  3.73  3.71  4.20  4.92  5.20
STD DEV   2.40  2.36  2.53  2.52  2.10  1.88  1.72  1.70  1.67  1.97  2.32  2.21
SKEW      0.53  0.49  0.54  0.39  0.56  0.61  0.50  0.43  0.32  0.42  0.79  0.44
% W       7.91  8.05  8.44  7.16  6.29  5.62  5.83  4.68  3.79  5.00  8.96  8.52
MEAN      4.48  4.54  4.99  5.12  4.01  3.49  3.21  2.98  3.11  3.56  4.53  4.51
STD DEV   2.18  2.33  2.48  2.45  2.18  1.75  1.58  1.53  1.68  2.10  2.31  2.24
SKEW      0.56  0.60  0.46  0.37  0.69  0.69  0.63  0.72  1.10  0.84  0.59  0.41
% WNW     6.71  7.04  6.84  6.25  4.51  3.33  3.14  3.06  2.94  4.12  6.63  6.22
MEAN      5.00  4.99  5.08  5.23  4.03  3.47  3.16  3.14  3.61  4.08  4.68  4.71
STD DEV   2.27  2.36  2.25  2.25  2.03  1.69  1.50  1.47  1.81  2.17  2.14  2.13
SKEW      0.45  0.43  0.21  0.12  0.55  0.66  0.63  0.44  0.64  0.59  0.31  0.28
% NW      7.45  7.05  6.44  5.64  4.67  3.70  3.59  3.99  4.47  5.19  6.61  5.98
MEAN      4.37  4.63  4.47  4.45  3.31  3.00  2.77  2.62  2.98  3.55  4.05  4.04
STD DEV   1.91  2.34  2.07  2.12  1.65  1.52  1.36  1.32  1.61  1.75  2.02  1.94
SKEW      0.49  0.51  0.45  0.47  0.42  0.78  0.87  0.78  0.87  0.38  0.54  0.47
% NNW     5.03  4.52  4.89  3.84  3.46  3.03  3.03  3.40  4.48  4.22  3.81  3.46
MEAN      4.35  4.34  4.26  4.06  3.59  3.15  2.95  2.92  3.34  3.70  4.10  3.68
STD DEV   1.74  1.94  1.90  1.83  1.69  1.48  1.32  1.31  1.53  1.59  1.79  1.66
SKEW      0.31  0.41  0.53  0.39  0.47  0.40  0.39  0.50  0.47  0.23  0.28  0.45
CALM      6.83  6.81  7.63  7.95 15.22 18.41 20.76 24.22 19.60 21.34 13.33  9.51
FT.KNOX       KY    0.486  BOWLING GREEN KY    0.351  EVANSVILLE    IN    0.163
 MADISONVILLE KY                         155067 0
 LATT=  37.33 LONG= -87.50 YEARS= 43. TYPE= 3
 ELEVATION =  440. TP5 = 2.39 TP6= 4.85
 MEAN P   0.39  0.44  0.41  0.43  0.44  0.37  0.46  0.48  0.45  0.40  0.48  0.43
 S DEV P  0.49  0.64  0.54  0.61  0.51  0.44  0.55  0.71  0.59  0.46  0.57  0.52
 SQEW  P  2.57  3.96  3.17  3.20  2.28  2.37  2.10  3.64  2.69  2.15  2.19  2.23
 P(W/W)   0.47  0.44  0.43  0.48  0.49  0.48  0.40  0.42  0.45  0.42  0.43  0.44
 P(W/D)   0.25  0.25  0.31  0.29  0.25  0.22  0.24  0.19  0.17  0.18  0.24  0.25
 TMAX AV 44.29 48.96 58.63 70.44 78.81 86.39 89.57 88.08 82.58 72.12 58.65 47.92
 TMIN AV 25.12 27.74 36.34 46.37 54.78 62.83 66.64 64.69 57.59 46.07 36.62 28.65
 SD TMAX 12.74 12.43 12.16  9.98  7.54  5.67  4.86  6.46  7.62  9.20 11.46 11.71
 SD TMIN 12.40 11.76 11.11 10.12  8.45  6.69  5.50  5.92  8.63 10.06 11.13 11.62
 SOL.RAD  150.  234.  333.  423.  510.  561.  554.  501.  423.  313.  205.  152.
 SD SOL   53.0  57.1  69.3  84.9  87.5  83.8  78.5 147.8  70.1  42.0  41.2  43.0
 MX .5 P  0.39  0.47  0.60  0.76  1.30  1.17  1.66  1.76  1.02  0.58  0.95  0.36
 DEW PT  27.14 28.44 34.27 44.57 54.01 63.43 67.14 65.99 58.28 47.43 35.57 28.86
Time Pk  0.581 0.686 0.737 0.801 0.816 0.826 0.850 0.865 0.885 0.915 0.943 1.000
% N       7.44  7.05  5.95  5.53  5.86  5.02  5.32  7.08  7.35  6.24  5.10  5.43
MEAN      4.28  4.00  4.09  3.82  3.51  3.18  2.75  2.87  3.16  3.25  3.36  3.87
STD DEV   1.93  1.98  1.90  1.89  1.80  1.72  1.38  1.45  1.64  1.76  1.77  1.76
SKEW      0.30  0.64  0.48  0.64  0.59  0.98  0.70  0.79  0.68  0.86  0.66  0.35
% NNE     4.44  4.78  4.18  3.67  4.47  3.73  4.35  5.76  5.63  5.06  3.23  3.02
MEAN      4.23  3.99  3.98  4.08  3.68  3.28  3.12  3.30  3.43  3.68  3.69  4.22
STD DEV   1.84  1.68  1.65  1.69  1.65  1.56  1.45  1.53  1.61  1.70  1.78  1.95
SKEW      0.37  0.31  0.24  0.26  0.43  0.48  0.65  0.46  0.54  0.39  0.59  0.52
% NE      3.79  5.77  4.76  5.13  5.10  4.94  5.34  6.50  7.35  5.17  2.92  3.98
MEAN      3.38  3.51  3.80  3.45  3.34  3.01  2.88  2.85  3.13  3.13  3.00  3.48
STD DEV   1.52  1.65  1.86  1.68  1.64  1.51  1.40  1.43  1.61  1.63  1.59  1.81
SKEW      0.43  0.59  0.50  0.46  0.57  0.72  0.91  0.86  0.79  0.65  0.71  0.85
% ENE     2.55  3.54  3.76  3.41  3.00  2.75  3.16  3.36  3.55  2.93  2.00  2.63
MEAN      3.21  3.57  4.19  3.55  3.46  3.08  3.06  2.86  3.31  3.29  3.07  3.38
STD DEV   1.46  1.63  2.01  1.64  1.55  1.43  1.39  1.36  1.63  1.54  1.57  1.78
SKEW      0.54  0.52  0.51  0.49  0.58  0.57  0.60  0.84  0.87  0.74  0.75  1.23
% E       4.23  4.84  5.08  4.76  4.49  4.11  4.53  4.97  4.64  4.16  3.13  4.59
MEAN      2.89  3.36  3.79  3.43  2.93  2.76  2.57  2.48  2.71  2.66  2.67  3.03
STD DEV   1.30  1.53  1.89  1.67  1.35  1.27  1.16  1.19  1.33  1.32  1.31  1.45
SKEW      0.69  0.61  0.70  0.63  0.80  0.81  0.79  0.95  0.93  0.99  0.83  0.85
% ESE     2.29  2.79  2.85  3.04  2.41  2.29  2.45  2.36  2.35  2.13  2.15  2.75
MEAN      3.14  3.36  3.74  3.63  3.30  2.83  2.67  2.74  2.78  2.99  3.18  3.19
STD DEV   1.44  1.60  1.69  1.66  1.52  1.21  1.14  1.20  1.15  1.41  1.35  1.44
SKEW      0.62  0.88  0.56  0.70  0.48  0.62  0.65  0.67  0.71  0.69  0.52  0.61
% SE      4.44  4.41  4.56  4.70  4.37  4.76  4.35  4.34  4.88  4.28  4.21  5.09
MEAN      3.20  3.38  3.79  3.58  2.95  2.73  2.56  2.45  2.76  2.82  3.28  3.30
STD DEV   1.55  1.67  1.87  1.79  1.37  1.23  1.19  1.13  1.28  1.31  1.70  1.72
SKEW      0.79  1.51  0.79  0.83  0.74  0.80  1.01  0.83  0.92  0.95  1.02  1.14
% SSE     5.10  4.56  5.27  5.26  4.50  5.16  3.61  3.40  5.09  4.57  5.49  5.47
MEAN      4.39  4.54  4.94  4.20  3.64  3.26  2.77  2.90  3.29  3.55  4.21  4.27
STD DEV   2.06  2.22  2.28  1.96  1.72  1.46  1.32  1.30  1.49  1.78  2.21  2.06
SKEW      0.51  0.72  0.44  0.51  0.58  0.55  0.70  0.64  0.67  0.86  0.77  0.77
% S      11.33  8.37  8.97 10.98  9.69  9.60  8.27  6.99  8.58  8.21 11.34 11.44
MEAN      4.93  4.78  5.10  4.69  4.06  3.48  3.05  2.84  3.51  3.74  4.55  4.68
STD DEV   2.22  2.38  2.41  2.20  2.07  1.69  1.48  1.36  1.70  1.92  2.30  2.24
SKEW      0.34  0.47  0.41  0.47  0.66  0.75  1.00  0.86  0.70  0.84  0.63  0.60
% SSW     8.40  6.97  7.65  9.71  8.06  8.25  7.45  5.67  5.98  6.45  8.44  8.71
MEAN      5.00  5.24  5.56  5.34  4.45  3.94  3.57  3.38  3.99  4.17  4.68  4.90
STD DEV   2.14  2.35  2.41  2.23  2.10  1.91  1.64  1.52  1.77  1.94  2.13  2.12
SKEW      0.29  0.32  0.23  0.15  0.50  0.53  0.54  0.55  0.31  0.35  0.40  0.27
% SW      6.39  5.96  6.11  7.66  8.71  9.65  9.82  7.18  5.65  5.99  6.89  7.18
MEAN      4.44  4.63  4.95  4.89  4.04  3.85  3.48  3.21  3.64  3.69  4.17  4.41
STD DEV   2.11  2.35  2.40  2.30  2.02  1.81  1.65  1.50  1.72  1.84  2.19  2.18
SKEW      0.58  0.62  0.54  0.43  0.57  0.61  0.64  0.67  0.48  0.67  0.76  0.74
% WSW     4.01  4.55  4.97  4.85  4.90  5.32  5.81  4.33  2.96  3.23  4.41  5.16
MEAN      4.82  5.07  5.45  5.28  4.35  3.95  3.81  3.65  3.69  4.03  4.47  4.98
STD DEV   2.31  2.33  2.41  2.44  2.09  1.84  1.69  1.69  1.82  1.87  2.10  2.17
SKEW      0.50  0.49  0.51  0.47  0.68  0.51  0.45  0.41  0.53  0.51  0.49  0.48
% W       5.79  5.88  6.56  5.99  5.32  5.26  5.62  4.10  3.19  3.87  6.68  6.01
MEAN      4.27  4.19  4.94  4.87  3.71  3.34  3.20  2.87  2.94  3.56  4.30  4.34
STD DEV   2.07  2.20  2.52  2.41  1.96  1.82  1.67  1.48  1.60  2.03  2.28  2.13
SKEW      0.55  0.63  0.50  0.43  0.57  1.24  0.61  0.80  0.93  0.75  0.74  0.38
% WNW     6.16  6.65  6.96  5.76  4.18  3.35  3.15  3.06  2.53  3.95  6.58  5.88
MEAN      4.90  4.85  5.20  5.12  3.97  3.46  3.09  3.26  3.54  3.88  4.64  4.79
STD DEV   2.15  2.29  2.42  2.36  2.06  1.81  1.56  1.63  1.85  1.98  2.11  2.12
SKEW      0.22  0.50  0.33  0.25  0.61  1.04  0.75  0.62  0.79  0.46  0.42  0.28
% NW      8.72  8.93  8.11  6.42  5.70  4.25  4.23  4.93  5.15  6.71  8.45  7.95
MEAN      4.60  4.69  4.80  4.45  3.40  2.98  2.72  2.71  3.00  3.59  4.23  4.45
STD DEV   2.07  2.27  2.22  2.15  1.85  1.58  1.52  1.44  1.72  1.87  2.15  2.09
SKEW      0.29  0.40  0.38  0.37  0.75  0.90  1.33  1.16  1.07  0.65  0.54  0.30
% NNW     6.86  6.58  5.96  4.98  4.17  3.38  3.60  4.20  5.16  5.88  5.29  5.10
MEAN      4.65  4.67  4.51  4.21  3.63  3.01  2.92  2.84  3.34  3.78  4.22  4.05
STD DEV   1.93  2.14  1.96  1.96  1.87  1.54  1.44  1.34  1.66  1.86  1.98  1.80
SKEW      0.19  0.36  0.35  0.40  0.70  0.74  0.81  0.67  0.65  0.57  0.42  0.28
CALM      8.04  8.44  8.35  8.23 14.96 18.04 18.96 21.79 20.01 21.17 13.66  9.66
EVANSVILLE    IN    0.378  FT. CAMPBELL  KY    0.328  BOWLING GREEN KY    0.294
 MIDDLESBORO KY                          155389 0
 LATT=  36.62 LONG= -83.72 YEARS= 64. TYPE= 3
 ELEVATION = 1130. TP5 = 2.42 TP6= 5.14
 MEAN P   0.42  0.39  0.44  0.37  0.38  0.43  0.42  0.41  0.37  0.39  0.42  0.42
 S DEV P  0.50  0.44  0.55  0.44  0.46  0.49  0.51  0.50  0.43  0.46  0.54  0.55
 SQEW  P  2.45  1.97  2.75  2.61  2.57  2.47  3.13  2.63  2.18  2.06  3.37  2.67
 P(W/W)   0.50  0.50  0.47  0.50  0.53  0.47  0.48  0.46  0.44  0.42  0.47  0.46
 P(W/D)   0.27  0.28  0.30  0.27  0.26  0.26  0.26  0.23  0.18  0.16  0.22  0.24
 TMAX AV 46.78 50.37 59.79 70.29 78.08 84.79 87.69 86.45 81.34 70.77 58.64 48.81
 TMIN AV 26.02 27.23 34.21 42.22 50.48 58.93 63.24 62.37 56.13 43.51 34.04 27.98
 SD TMAX 11.59 11.43 11.44 10.14  7.90  6.02  5.32  5.20  7.33  8.68 10.64 10.65
 SD TMIN 13.09 12.08 10.83  9.79  8.53  6.43  5.07  5.16  7.83 10.16 10.85 11.80
 SOL.RAD  177.  259.  347.  467.  544.  581.  562.  510.  440.  334.  233.  178.
 SD SOL   47.5  52.2  66.3  70.3  75.1  75.2  74.8 151.3  66.5  39.2  35.7  38.4
 MX .5 P  0.35  0.47  0.59  0.97  1.37  1.09  1.39  1.07  1.19  0.55  0.64  0.50
 DEW PT  28.90 28.90 32.59 42.00 53.80 60.29 65.50 66.31 58.10 48.81 35.30 28.00
Time Pk  0.631 0.734 0.777 0.827 0.842 0.858 0.875 0.888 0.896 0.916 0.960 1.000
% N       5.51  5.71  5.39  5.14  5.54  5.28  4.34  6.66  7.57  6.59  4.97  5.47
MEAN      3.27  3.43  3.29  3.42  3.22  3.04  2.74  2.78  2.89  3.09  3.17  3.24
STD DEV   1.61  1.63  1.56  1.66  1.66  1.38  1.28  1.25  1.34  1.43  1.53  1.53
SKEW      0.61  0.76  0.63  0.75  0.87  0.62  0.82  0.83  0.85  0.63  0.62  0.52
% NNE     5.15  4.94  4.54  4.08  4.80  5.11  4.47  5.50  6.60  5.49  3.78  3.95
MEAN      3.48  3.57  3.46  3.70  3.40  3.08  2.91  2.92  3.18  3.10  2.98  3.29
STD DEV   1.51  1.52  1.45  1.59  1.60  1.38  1.21  1.26  1.35  1.42  1.23  1.56
SKEW      0.69  0.53  0.60  0.52  0.64  0.74  0.61  0.71  0.64  0.70  0.72  1.20
% NE      8.85  9.15  8.41  6.85  7.31  8.47  6.81  8.41 10.03 10.26  8.23  8.48
MEAN      3.12  2.97  3.16  3.22  3.02  2.85  2.48  2.53  2.89  2.77  2.75  2.83
STD DEV   1.54  1.31  1.35  1.51  1.27  1.30  1.06  1.10  1.25  1.28  1.23  1.19
SKEW      1.00  0.84  0.75  0.92  0.60  0.93  0.82  1.07  0.87  0.96  0.80  0.68
% ENE     4.87  5.05  4.76  3.95  4.77  4.80  4.40  5.37  6.75  6.18  4.15  4.54
MEAN      2.91  3.12  3.11  2.99  3.06  2.83  2.62  2.55  3.02  2.66  2.67  2.80
STD DEV   1.43  1.28  1.43  1.37  1.38  1.24  1.14  1.09  1.37  1.20  1.21  1.18
SKEW      1.02  0.47  0.63  0.75  0.67  0.69  0.88  0.65  1.13  0.84  0.78  0.60
% E       3.31  3.60  3.46  2.98  4.05  3.83  3.62  4.21  4.98  4.50  3.75  3.78
MEAN      2.23  2.50  2.67  2.58  2.54  2.41  2.16  2.23  2.39  2.26  2.29  2.37
STD DEV   1.07  1.08  1.32  1.09  1.24  1.06  0.91  0.99  1.04  1.01  1.18  1.09
SKEW      0.82  0.71  0.93  0.76  1.07  0.86  0.81  0.84  0.82  1.28  1.65  1.05
% ESE     1.68  2.12  2.22  2.49  2.76  2.64  2.40  2.63  2.87  2.54  2.32  2.01
MEAN      2.37  2.56  2.69  3.00  2.66  2.28  2.19  2.16  2.42  2.24  2.28  2.44
STD DEV   1.09  1.12  1.31  1.60  1.35  0.89  0.91  0.88  1.04  1.06  1.07  1.21
SKEW      0.80  0.65  0.79  1.10  1.02  0.52  0.91  0.62  1.03  1.14  1.06  1.33
% SE      2.39  2.54  2.97  3.20  3.14  2.99  3.24  2.93  3.08  3.07  3.19  2.87
MEAN      2.34  2.72  2.84  2.90  2.64  2.33  2.22  2.13  2.29  2.25  2.32  2.42
STD DEV   1.12  1.41  1.53  1.46  1.30  1.01  1.01  0.91  0.94  1.08  1.08  1.17
SKEW      0.88  0.80  1.20  0.92  0.99  0.71  0.85  1.00  0.89  1.25  1.09  0.92
% SSE     3.81  4.41  4.67  5.14  4.19  3.72  4.43  3.23  3.88  4.03  5.11  4.63
MEAN      2.94  3.17  3.54  3.63  2.63  2.37  2.26  2.13  2.44  2.44  3.06  2.97
STD DEV   1.51  1.48  2.09  2.05  1.20  1.14  1.02  0.87  0.99  1.18  1.85  1.60
SKEW      0.97  0.68  1.07  1.06  0.93  1.30  0.92  0.76  0.68  0.86  1.44  0.92
% S       5.23  5.38  5.97  6.32  5.22  5.08  5.76  4.65  5.06  4.70  6.26  6.57
MEAN      3.28  3.52  3.67  3.76  2.94  2.68  2.65  2.35  2.73  2.66  3.43  3.27
STD DEV   1.91  2.04  2.01  2.27  1.48  1.30  1.22  1.11  1.48  1.32  2.04  1.90
SKEW      1.30  1.23  0.89  1.17  1.14  1.21  1.09  0.83  1.32  1.19  1.13  1.40
% SSW     6.15  5.60  5.86  7.19  6.62  6.22  7.26  4.79  4.18  4.18  5.07  6.48
MEAN      3.86  3.91  4.20  4.19  3.40  3.23  3.12  2.95  3.20  3.15  3.73  3.66
STD DEV   2.10  2.13  2.21  2.36  1.54  1.60  1.42  1.41  1.45  1.58  2.21  1.98
SKEW      1.08  1.02  0.87  1.00  0.65  1.05  0.73  0.87  0.79  0.93  1.17  1.09
% SW      9.16  8.17  8.84  9.36  9.44  8.79  9.88  6.24  5.36  5.35  7.55  9.16
MEAN      4.37  4.35  4.69  4.69  3.99  3.52  3.45  3.01  3.28  3.35  3.89  4.12
STD DEV   2.11  2.23  2.41  2.39  1.88  1.67  1.56  1.41  1.51  1.64  1.99  2.04
SKEW      0.62  0.72  0.83  0.81  0.72  0.84  0.71  0.84  0.61  0.80  0.94  0.65
% WSW     9.14  8.65  9.74 10.04  8.52  7.34  7.32  5.73  4.53  5.09  7.93  8.44
MEAN      4.69  4.86  5.39  5.31  4.19  3.81  3.51  3.36  3.50  3.75  4.38  4.61
STD DEV   2.10  2.41  2.54  2.52  1.91  1.67  1.45  1.47  1.56  1.74  1.97  2.10
SKEW      0.63  1.12  0.69  0.72  0.58  0.54  0.77  0.65  0.71  0.74  0.53  0.56
% W       9.08  9.54  9.49  8.66  7.19  7.15  6.42  5.93  4.46  5.71  8.20  8.81
MEAN      4.56  4.50  4.78  4.80  3.82  3.53  3.20  3.15  3.07  3.49  4.08  4.19
STD DEV   2.06  2.12  2.29  2.32  1.84  1.63  1.37  1.38  1.29  1.64  1.97  1.97
SKEW      0.47  0.51  0.56  0.67  0.67  0.63  0.53  0.63  0.67  0.82  0.61  0.59
% WNW     5.63  6.47  6.82  6.04  4.17  3.93  3.34  3.50  3.15  4.03  5.53  5.25
MEAN      4.38  4.79  4.98  4.94  3.72  3.25  3.09  3.16  3.17  3.38  4.38  4.31
STD DEV   1.92  2.12  2.27  2.34  1.62  1.37  1.26  1.32  1.42  1.48  2.15  2.10
SKEW      0.43  0.32  0.41  0.47  0.53  0.65  0.53  0.44  0.77  0.47  0.64  0.60
% NW      4.36  4.43  4.56  3.96  3.25  3.06  2.95  3.38  2.56  3.06  4.04  3.89
MEAN      3.63  3.99  3.80  4.06  3.13  2.90  2.88  2.83  2.92  3.12  3.65  3.61
STD DEV   1.80  2.09  1.83  1.95  1.41  1.37  1.41  1.36  1.41  1.46  1.89  1.79
SKEW      0.68  0.78  0.75  0.58  0.48  0.79  0.93  0.78  0.84  0.75  0.63  0.69
% NNW     2.93  3.24  3.11  3.22  2.76  2.32  1.91  2.40  1.99  2.79  2.19  2.35
MEAN      3.54  3.42  3.79  3.66  3.37  3.01  2.81  2.75  2.98  3.06  3.32  3.43
STD DEV   1.66  1.46  1.69  1.62  1.44  1.39  1.15  1.17  1.28  1.38  1.52  1.55
SKEW      0.72  0.44  0.55  0.46  0.35  0.67  0.54  0.64  0.54  0.56  0.52  0.57
CALM     12.80 10.98  9.22 11.27 16.14 19.38 21.44 24.59 23.09 22.45 17.71 13.40
LONDON        KY    0.434  KNOXVILLE     TN    0.344  BRISTOL       TN    0.222
 MURRAY KY                               155694 0
 LATT=  36.62 LONG= -88.33 YEARS= 44. TYPE= 3
 ELEVATION =  410. TP5 = 2.46 TP6= 5.09
 MEAN P   0.47  0.52  0.48  0.48  0.47  0.53  0.52  0.47  0.47  0.47  0.56  0.56
 S DEV P  0.60  0.64  0.67  0.49  0.58  0.59  0.65  0.65  0.64  0.59  0.74  0.73
 SQEW  P  2.67  2.72  4.10  1.53  2.45  2.35  2.19  3.03  2.57  2.46  2.83  2.69
 P(W/W)   0.46  0.44  0.47  0.45  0.47  0.43  0.41  0.42  0.44  0.37  0.41  0.45
 P(W/D)   0.22  0.23  0.26  0.24  0.21  0.18  0.22  0.16  0.17  0.16  0.23  0.21
 TMAX AV 44.64 49.60 58.93 70.46 78.67 86.91 89.77 89.12 82.50 72.18 59.09 48.34
 TMIN AV 26.52 29.36 37.66 47.66 56.36 64.53 68.19 66.36 59.12 47.48 37.60 29.90
 SD TMAX 12.95 12.63 11.99  9.78  7.78  6.31  5.57  6.06  8.27  9.14 11.30 11.68
 SD TMIN 12.23 11.54 10.92  9.78  7.81  6.07  4.79  5.27  8.15  9.63 10.64 11.08
 SOL.RAD  150.  232.  329.  429.  507.  557.  543.  488.  413.  312.  207.  153.
 SD SOL   53.8  57.9  68.8  79.3  83.3  79.4  77.2 133.8  71.1  43.1  41.9  44.0
 MX .5 P  0.52  0.59  0.83  0.88  1.50  1.11  1.86  1.72  1.07  0.67  1.12  0.70
 DEW PT  30.17 31.44 36.22 46.22 56.14 64.57 67.92 66.92 59.83 48.30 36.95 30.87
Time Pk  0.589 0.697 0.749 0.807 0.828 0.836 0.863 0.880 0.895 0.925 0.950 1.000
% N       7.03  6.93  5.95  5.20  5.05  4.16  4.61  6.31  6.46  6.60  6.08  6.12
MEAN      4.40  4.21  4.46  4.12  3.55  3.12  2.94  2.91  3.34  3.60  3.88  4.20
STD DEV   1.87  2.01  1.92  1.89  1.84  1.51  1.39  1.45  1.72  1.82  1.95  1.88
SKEW      0.22  0.43  0.23  0.49  0.59  0.66  0.59  0.79  0.74  0.75  0.49  0.27
% NNE     6.67  6.78  5.65  4.71  4.82  4.16  4.70  6.28  6.97  5.61  4.00  4.67
MEAN      4.38  4.03  4.24  4.01  3.59  3.28  2.93  3.26  3.32  3.58  3.72  3.95
STD DEV   1.81  1.68  1.79  1.68  1.61  1.51  1.36  1.57  1.55  1.67  1.86  1.74
SKEW      0.23  0.37  0.34  0.47  0.48  0.63  0.81  0.80  0.57  0.61  0.87  0.33
% NE      3.99  4.95  4.36  4.21  4.51  4.10  5.05  6.04  6.96  5.03  3.67  3.83
MEAN      3.51  3.44  3.68  3.64  3.14  2.91  2.86  2.84  3.03  3.13  3.07  3.36
STD DEV   1.62  1.49  1.60  1.52  1.50  1.34  1.31  1.37  1.43  1.55  1.43  1.55
SKEW      0.55  0.37  0.33  0.20  0.70  0.81  0.92  0.91  0.92  0.85  0.59  0.75
% ENE     3.85  5.22  5.24  4.26  4.54  3.95  4.21  4.63  5.53  3.89  2.71  3.45
MEAN      3.30  3.50  4.08  3.55  3.19  2.73  2.90  2.85  3.09  3.11  3.23  3.35
STD DEV   1.37  1.48  1.77  1.47  1.31  1.17  1.35  1.33  1.49  1.50  1.68  1.64
SKEW      0.46  0.50  0.47  0.25  0.36  0.62  0.69  0.93  0.90  0.82  1.11  1.16
% E       3.82  4.78  4.87  4.65  4.64  4.27  4.21  4.71  5.06  4.29  2.99  3.70
MEAN      2.80  3.25  3.60  3.36  2.60  2.42  2.34  2.30  2.43  2.42  2.46  2.88
STD DEV   1.16  1.57  1.78  1.59  1.22  1.08  1.07  1.06  1.15  1.21  1.19  1.39
SKEW      0.43  0.62  0.71  0.59  0.74  0.82  0.86  0.98  1.00  1.21  0.83  0.79
% ESE     2.96  3.71  3.49  3.31  3.35  3.45  2.82  2.89  3.42  3.07  2.46  3.44
MEAN      2.75  3.01  3.37  2.96  2.55  2.49  2.30  2.32  2.48  2.47  2.53  2.83
STD DEV   1.22  1.36  1.67  1.31  1.09  1.13  0.98  0.99  1.19  1.12  1.21  1.29
SKEW      0.48  0.83  0.80  0.54  0.54  0.95  0.98  0.73  0.87  0.80  0.73  0.72
% SE      2.83  3.44  3.86  3.08  3.44  3.68  2.70  2.65  3.82  3.47  3.05  3.86
MEAN      2.93  3.13  3.41  2.99  2.42  2.41  2.42  2.15  2.40  2.59  2.86  3.06
STD DEV   1.33  1.58  1.69  1.45  1.10  1.07  1.12  0.89  1.04  1.14  1.45  1.53
SKEW      0.56  1.47  0.80  0.82  0.75  0.65  0.96  0.72  0.75  0.78  0.91  0.94
% SSE     5.61  4.75  5.45  6.02  5.41  5.44  4.37  3.67  5.28  5.65  5.87  6.54
MEAN      3.70  4.00  4.03  3.82  3.21  2.74  2.64  2.49  3.05  3.24  3.67  3.93
STD DEV   1.73  1.94  1.92  1.85  1.52  1.20  1.26  1.13  1.52  1.58  1.96  1.88
SKEW      0.56  0.95  0.58  0.65  0.81  0.54  0.79  0.75  0.76  0.86  0.92  0.65
% S       8.97  7.34  8.57  9.76  9.30  9.78  8.35  7.41  8.04  8.57  9.81  9.93
MEAN      4.71  4.34  4.71  4.31  3.59  3.14  2.98  2.69  3.29  3.54  4.34  4.53
STD DEV   2.27  2.08  2.12  2.02  1.77  1.45  1.41  1.30  1.58  1.74  2.29  2.23
SKEW      0.51  0.47  0.37  0.69  0.77  0.67  0.78  0.79  0.72  0.73  0.73  0.59
% SSW    13.09  9.89 10.40 14.06 12.65 13.40 12.39  8.85  8.17  9.43 11.94 11.94
MEAN      5.53  5.49  5.88  5.43  4.56  4.11  3.65  3.49  3.99  4.30  4.88  5.16
STD DEV   2.51  2.49  2.52  2.25  2.06  1.82  1.67  1.72  1.82  1.96  2.29  2.30
SKEW      0.39  0.39  0.33  0.28  0.60  0.51  0.67  0.84  0.57  0.40  0.56  0.47
% SW      6.86  6.35  6.20  7.68  8.25  9.20  9.54  7.73  5.50  5.66  6.45  7.13
MEAN      4.75  5.00  5.32  5.25  4.21  3.93  3.73  3.38  3.69  3.78  4.34  4.52
STD DEV   2.12  2.42  2.53  2.32  2.03  1.90  1.80  1.68  1.85  1.90  2.30  2.10
SKEW      0.45  0.44  0.52  0.26  0.44  0.55  0.53  0.71  0.50  0.59  0.75  0.54
% WSW     4.58  4.56  5.38  5.70  5.87  6.53  5.93  5.13  3.35  3.74  4.99  5.31
MEAN      4.73  4.93  5.87  5.37  4.18  4.20  3.69  3.60  3.54  3.67  4.47  4.90
STD DEV   2.33  2.39  2.74  2.69  2.03  1.97  1.82  1.79  1.97  1.95  2.18  2.41
SKEW      0.61  0.50  0.46  0.47  0.63  0.38  0.61  0.61  0.87  0.72  0.49  0.60
% W       4.08  4.44  5.28  4.38  4.28  3.98  4.31  3.96  2.90  3.28  5.15  4.79
MEAN      4.12  4.28  4.97  4.72  3.53  3.47  3.11  2.99  2.66  3.10  3.81  4.27
STD DEV   2.02  2.26  2.41  2.48  1.69  1.83  1.57  1.59  1.42  1.74  2.14  2.07
SKEW      0.56  0.56  0.35  0.68  0.46  1.21  0.67  0.79  0.80  0.84  0.83  0.34
% WNW     4.55  4.86  5.48  5.03  3.32  2.54  2.60  2.81  2.07  3.26  5.83  4.84
MEAN      4.75  4.78  5.41  5.02  4.27  3.45  3.05  3.31  3.05  3.85  4.46  4.86
STD DEV   2.16  2.22  2.49  2.44  2.16  1.68  1.46  1.73  1.68  2.00  2.13  2.30
SKEW      0.27  0.35  0.50  0.51  0.71  0.99  0.54  0.97  0.99  0.52  0.47  0.43
% NW      4.98  6.07  5.71  4.54  3.04  2.07  2.31  2.74  2.58  3.79  5.48  5.20
MEAN      4.74  4.71  5.07  4.88  3.81  3.06  2.78  2.99  3.29  3.79  4.49  4.45
STD DEV   2.14  2.18  2.24  2.20  1.92  1.48  1.49  1.67  1.75  2.00  2.27  1.99
SKEW      0.28  0.33  0.33  0.32  0.63  0.51  1.02  1.19  0.87  0.68  0.57  0.29
% NNW     8.55  8.24  6.95  5.85  3.94  2.82  3.13  3.76  4.06  5.47  7.04  6.49
MEAN      5.05  5.21  5.03  4.78  4.01  3.30  3.12  3.11  3.56  4.12  4.79  4.66
STD DEV   2.03  2.10  2.10  1.97  1.89  1.50  1.49  1.49  1.77  1.89  2.19  1.88
SKEW      0.17  0.19  0.23  0.29  0.62  0.62  0.74  0.62  0.62  0.42  0.43  0.18
CALM      7.65  7.66  7.13  7.48 13.58 16.45 18.69 20.44 19.88 19.19 12.50  8.70
PADUCAH       KY    0.420  FT. CAMPBELL  KY    0.353  DYERSBERG     TN    0.227
 SCOTTSVILLE KY                          157215 0
 LATT=  36.75 LONG= -86.20 YEARS= 44. TYPE= 3
 ELEVATION =  770. TP5 = 2.34 TP6= 4.60
 MEAN P   0.44  0.46  0.45  0.43  0.50  0.51  0.45  0.42  0.50  0.44  0.50  0.51
 S DEV P  0.50  0.55  0.55  0.48  0.55  0.61  0.45  0.50  0.57  0.49  0.57  0.60
 SQEW  P  2.22  2.72  3.15  2.53  2.38  2.53  1.92  2.49  2.19  2.02  2.27  2.47
 P(W/W)   0.47  0.44  0.46  0.44  0.46  0.44  0.43  0.36  0.41  0.37  0.40  0.43
 P(W/D)   0.26  0.30  0.29  0.27  0.26  0.23  0.25  0.23  0.18  0.18  0.26  0.27
 TMAX AV 45.17 50.07 59.58 70.33 77.68 84.79 87.94 87.30 81.54 71.40 58.49 48.70
 TMIN AV 27.28 29.99 37.90 47.34 55.67 63.18 66.90 65.43 59.31 48.06 38.40 30.77
 SD TMAX 12.66 12.33 11.76  9.78  7.52  5.95  5.22  5.48  7.75  9.06 11.11 11.48
 SD TMIN 12.74 12.28 11.16 10.10  7.88  5.89  4.57  5.22  8.05  9.72 11.36 11.82
 SOL.RAD  159.  245.  337.  448.  541.  586.  570.  514.  445.  330.  224.  160.
 SD SOL   46.5  49.3  61.7  68.9  69.1  67.1  65.6 106.8  58.3  34.1  32.7  37.8
 MX .5 P  0.50  0.63  0.72  0.67  1.51  1.05  1.73  1.45  1.03  0.89  0.77  0.52
 DEW PT  30.03 30.81 34.84 44.84 55.55 63.13 67.03 66.71 59.00 48.93 36.77 29.81
Time Pk  0.612 0.720 0.762 0.811 0.830 0.842 0.861 0.881 0.893 0.922 0.952 1.000
% N       6.39  5.93  4.14  4.70  4.76  4.60  4.38  5.86  6.53  5.51  3.48  4.37
MEAN      3.73  3.28  3.43  3.18  2.94  2.80  2.38  2.56  2.82  2.98  3.04  3.33
STD DEV   1.78  1.77  1.75  1.72  1.64  1.60  1.19  1.36  1.51  1.53  1.73  1.62
SKEW      0.35  0.73  0.61  0.84  0.59  1.00  0.71  0.85  0.77  0.64  0.77  0.36
% NNE     5.19  5.56  3.88  4.27  5.04  3.75  5.30  6.73  6.50  6.49  4.41  3.60
MEAN      4.13  3.95  3.66  3.79  3.36  3.10  3.07  3.03  3.41  3.74  3.92  4.54
STD DEV   2.00  1.75  1.67  1.54  1.66  1.47  1.38  1.40  1.71  1.79  1.79  2.35
SKEW      0.41  0.29  0.42  0.10  0.57  0.53  0.47  0.45  0.79  0.67  0.32  0.66
% NE      4.80  7.23  4.84  6.38  6.45  4.75  6.15  8.42  9.53  6.38  3.30  4.79
MEAN      3.37  3.03  3.58  3.13  3.13  2.79  2.61  2.61  3.07  2.87  2.81  3.25
STD DEV   1.56  1.49  1.98  1.60  1.65  1.51  1.35  1.45  1.83  1.64  1.48  1.81
SKEW      0.34  0.70  0.69  0.51  0.61  0.78  0.91  1.09  1.02  1.00  0.63  0.65
% ENE     2.14  3.79  3.84  3.05  2.56  2.71  2.83  3.54  3.46  2.40  1.95  2.43
MEAN      3.05  3.20  4.01  3.32  3.19  3.09  3.19  2.81  3.38  3.09  3.52  3.10
STD DEV   1.39  1.48  1.97  1.64  1.58  1.49  1.51  1.39  1.65  1.40  1.99  1.71
SKEW      0.20  0.48  0.36  0.56  0.72  0.61  0.52  0.80  0.58  0.49  0.58  0.94
% E       2.94  3.78  3.34  2.89  3.37  3.22  3.67  4.84  3.99  2.80  1.96  3.75
MEAN      2.36  2.47  2.91  2.77  2.23  2.28  2.14  2.15  2.32  2.01  2.22  2.37
STD DEV   1.10  1.12  1.54  1.54  1.15  1.17  1.00  1.10  1.28  1.13  1.11  1.14
SKEW      1.03  0.70  0.93  0.87  1.10  1.16  0.92  0.91  1.06  1.09  1.05  0.71
% ESE     1.99  2.33  2.08  1.98  2.01  2.55  2.44  2.37  2.28  1.61  1.46  2.28
MEAN      2.59  3.12  3.14  3.08  3.16  2.61  2.50  2.59  2.52  2.73  2.99  2.72
STD DEV   1.41  1.55  1.60  1.53  1.68  1.14  1.12  1.23  1.00  1.53  1.30  1.33
SKEW      0.98  0.59  0.77  0.87  0.60  0.70  0.61  1.00  0.70  0.87  0.08  0.53
% SE      3.61  3.47  4.18  3.57  3.45  4.37  4.38  4.34  4.52  3.96  2.82  3.98
MEAN      2.63  2.62  3.08  2.90  2.34  2.24  1.94  2.04  2.22  2.11  2.65  2.77
STD DEV   1.45  1.42  1.77  1.71  1.21  1.05  0.90  1.07  1.02  1.10  1.43  1.72
SKEW      0.99  0.96  1.04  1.02  0.93  1.04  1.16  1.20  0.94  1.21  1.22  1.33
% SSE     5.30  4.79  6.64  6.00  4.60  5.48  4.21  3.74  5.32  4.22  5.65  6.11
MEAN      4.36  4.22  4.64  3.78  2.97  2.80  2.35  2.49  3.03  3.11  4.08  4.00
STD DEV   2.42  2.26  2.31  1.92  1.61  1.29  1.17  1.20  1.47  1.59  2.38  2.19
SKEW      0.80  0.55  0.54  0.49  0.81  0.57  0.95  0.77  0.68  0.82  0.78  0.72
% S      15.08 10.64 11.25 12.93  9.82  9.52  9.43  7.26  8.67  8.94 11.96 13.21
MEAN      5.03  4.64  4.66  4.33  3.40  2.89  2.50  2.43  2.99  3.17  4.20  4.37
STD DEV   2.44  2.54  2.52  2.19  2.04  1.58  1.32  1.35  1.65  1.97  2.38  2.35
SKEW      0.38  0.49  0.59  0.50  0.78  1.01  1.31  1.18  0.80  1.20  0.85  0.58
% SSW    10.16  7.86  9.26 10.26  8.28  8.38  7.22  5.56  5.73  7.31  9.66 10.33
MEAN      4.81  4.61  5.04  4.90  3.63  3.27  3.27  3.06  3.50  3.66  4.29  4.49
STD DEV   2.10  2.20  2.31  2.13  1.97  1.62  1.59  1.42  1.60  1.86  2.02  2.15
SKEW      0.39  0.36  0.38  0.26  0.72  0.51  0.61  0.58  0.42  0.51  0.36  0.41
% SW      6.71  6.91  6.93  8.57  9.52  9.92 10.78  7.01  6.50  6.74  8.92  7.43
MEAN      4.07  3.94  4.50  4.20  3.43  3.29  2.97  2.76  3.30  3.29  3.69  3.86
STD DEV   2.24  2.09  2.42  2.34  2.03  1.75  1.60  1.42  1.69  1.88  1.99  2.09
SKEW      0.82  0.65  0.70  0.70  0.92  0.73  0.85  0.88  0.56  0.78  0.82  0.79
% WSW     4.36  5.73  6.39  5.17  5.41  5.97  6.07  4.16  3.08  4.01  5.63  5.95
MEAN      4.88  5.33  5.65  5.32  4.22  3.78  3.89  3.67  3.62  4.11  4.59  5.26
STD DEV   2.48  2.30  2.53  2.55  2.17  1.84  1.79  1.74  1.66  1.91  2.17  2.25
SKEW      0.64  0.12  0.53  0.42  0.61  0.55  0.41  0.38  0.23  0.33  0.69  0.28
% W       5.56  5.74  6.78  5.96  5.88  6.20  5.67  4.49  3.78  3.97  7.05  6.35
MEAN      3.93  3.93  4.44  4.53  3.52  3.21  2.96  2.60  2.65  3.12  4.27  4.07
STD DEV   2.09  2.33  2.38  2.31  2.16  1.76  1.60  1.44  1.54  2.07  2.39  2.23
SKEW      0.56  0.64  0.41  0.35  0.81  0.81  0.73  0.98  1.33  0.94  0.73  0.30
% WNW     6.20  6.78  6.98  6.40  4.44  3.43  2.58  3.03  2.80  3.60  6.35  5.89
MEAN      4.82  4.82  4.90  4.96  3.88  3.21  3.07  3.19  3.65  4.14  4.51  4.66
STD DEV   2.18  2.34  2.20  2.07  2.09  1.63  1.49  1.53  1.79  2.22  1.98  2.07
SKEW      0.39  0.39  0.13  0.02  0.56  0.70  0.57  0.47  0.68  0.52  0.23  0.20
% NW      7.82  7.48  6.76  6.17  4.71  3.83  3.06  3.65  4.45  4.58  6.82  6.27
MEAN      4.29  4.38  4.54  4.35  3.16  2.71  2.46  2.49  2.88  3.58  3.94  3.81
STD DEV   1.84  2.38  2.10  2.14  1.71  1.43  1.25  1.32  1.53  1.76  1.92  1.90
SKEW      0.25  0.50  0.36  0.43  0.58  0.94  0.84  0.89  0.77  0.32  0.49  0.36
% NNW     5.18  4.26  4.81  3.69  2.94  2.93  2.40  2.75  4.02  4.10  3.98  3.19
MEAN      4.31  4.33  4.19  3.95  3.51  3.10  2.94  2.95  3.44  3.90  4.29  3.51
STD DEV   1.70  1.90  1.82  1.85  1.66  1.59  1.26  1.27  1.54  1.69  1.76  1.60
SKEW      0.20  0.27  0.34  0.31  0.45  0.58  0.33  0.40  0.40  0.27  0.06  0.31
CALM      6.52  7.73  7.87  8.09 16.65 18.28 19.44 22.28 18.88 23.28 14.54 10.05
BOWLING GREEN KY    0.671  FT.KNOX       KY    0.189  TULLAHOMA     TN    0.139
 TOMHAWK WSW KY                          158055 0
 LATT=  37.87 LONG= -82.62 YEARS= 21. TYPE= 3
 ELEVATION =  690. TP5 = 2.34 TP6= 4.35
 MEAN P   0.30  0.31  0.33  0.40  0.43  0.41  0.49  0.47  0.38  0.37  0.37  0.34
 S DEV P  0.33  0.35  0.35  0.41  0.55  0.44  0.47  0.56  0.51  0.40  0.45  0.45
 SQEW  P  1.92  2.31  2.20  1.62  3.83  2.20  1.44  2.90  3.64  1.76  3.19  3.59
 P(W/W)   0.45  0.47  0.50  0.47  0.49  0.47  0.46  0.42  0.49  0.44  0.49  0.47
 P(W/D)   0.27  0.28  0.34  0.28  0.30  0.26  0.32  0.25  0.21  0.22  0.27  0.29
 TMAX AV 41.60 45.66 58.32 68.79 76.76 83.14 86.29 85.42 79.29 68.62 57.52 47.77
 TMIN AV 18.24 18.37 28.24 37.53 45.87 54.97 60.00 59.53 51.95 38.55 29.73 23.01
 SD TMAX 13.02 12.92 13.10 11.40  8.52  6.63  5.05  5.19  8.08  9.60 12.13 12.71
 SD TMIN 12.48 12.34  9.83  9.23  8.63  6.75  5.39  5.53  8.65  9.66  9.65 11.19
 SOL.RAD  171.  254.  348.  471.  566.  610.  596.  543.  477.  322.  218.  167.
 SD SOL   41.0  45.0  57.3  61.7  61.9  60.6  58.1  95.4  48.5  34.7  32.5  33.8
 MX .5 P  0.31  0.42  0.60  0.61  1.09  1.12  1.49  1.52  0.87  0.57  0.48  0.37
 DEW PT  27.87 27.87 31.68 41.10 52.84 61.29 65.00 64.29 57.03 46.74 34.29 27.55
Time Pk  0.683 0.775 0.813 0.854 0.870 0.874 0.885 0.893 0.902 0.921 0.952 1.000
% N       3.25  3.97  3.88  4.07  4.66  3.93  3.40  4.77  4.77  4.26  2.95  3.36
MEAN      2.76  2.95  3.10  3.10  2.82  2.57  2.48  2.40  2.54  2.75  2.68  2.76
STD DEV   1.20  1.22  1.38  1.42  1.24  1.06  0.99  0.98  1.08  1.14  1.04  1.15
SKEW      0.86  0.80  0.99  0.95  0.90  0.89  0.99  0.92  1.16  1.02  1.06  0.85
% NNE     3.12  3.90  3.65  3.25  3.49  3.26  3.00  3.23  4.24  3.32  2.38  2.72
MEAN      2.72  2.78  2.84  3.01  2.84  2.67  2.53  2.57  2.70  2.55  2.53  2.73
STD DEV   1.13  1.07  1.17  1.18  1.17  1.06  0.88  1.01  1.09  1.06  1.03  1.32
SKEW      0.74  0.82  0.70  0.50  0.72  0.75  0.74  1.01  0.81  0.89  1.06  1.85
% NE      4.83  5.86  6.05  5.11  4.33  4.67  4.00  4.39  6.11  4.54  3.46  4.59
MEAN      2.62  2.67  2.78  2.77  2.58  2.42  2.30  2.31  2.41  2.32  2.45  2.48
STD DEV   1.13  1.06  1.10  1.25  1.09  1.01  0.85  0.90  0.97  1.01  0.93  0.96
SKEW      0.90  0.95  0.75  0.97  0.99  1.05  1.04  0.95  1.24  1.19  0.92  0.98
% ENE     2.99  3.52  3.66  2.98  2.62  2.45  2.63  2.64  3.45  2.79  2.09  2.68
MEAN      2.52  2.65  2.76  2.77  2.56  2.46  2.41  2.29  2.54  2.27  2.55  2.47
STD DEV   1.03  1.00  1.10  1.16  0.98  0.86  0.85  0.82  0.94  0.85  0.93  0.87
SKEW      0.90  0.87  0.80  1.07  0.79  1.01  0.81  1.06  0.99  1.28  0.91  0.70
% E       2.45  2.57  3.10  2.91  3.15  3.13  2.93  3.31  4.19  3.57  2.39  2.68
MEAN      2.32  2.49  2.62  2.59  2.41  2.37  2.24  2.22  2.34  2.37  2.43  2.46
STD DEV   0.87  0.90  1.00  1.03  0.92  0.90  0.83  0.81  0.79  0.89  0.89  0.88
SKEW      1.06  0.74  0.95  1.04  1.02  1.32  1.15  1.19  1.08  1.52  1.05  0.85
% ESE     1.82  2.19  2.34  2.32  2.67  2.75  2.46  2.56  3.45  3.43  2.21  2.20
MEAN      2.57  2.72  2.92  2.87  2.69  2.44  2.36  2.36  2.42  2.51  2.48  2.62
STD DEV   0.87  1.00  1.10  1.13  1.06  0.85  0.85  0.76  0.79  0.88  0.81  0.99
SKEW      0.78  0.98  0.85  1.16  1.33  1.15  1.12  0.82  1.19  1.17  0.82  1.17
% SE      1.99  2.30  2.82  2.72  2.92  2.74  2.73  2.91  3.24  2.91  2.59  2.29
MEAN      2.83  3.11  3.33  3.22  2.89  2.54  2.28  2.29  2.48  2.60  2.83  2.88
STD DEV   1.18  1.37  1.52  1.53  1.27  1.01  0.80  0.84  1.00  1.10  1.29  1.19
SKEW      1.04  0.87  0.98  1.09  1.12  1.03  1.16  1.24  1.18  1.14  1.11  1.07
% SSE     3.11  3.65  3.86  3.97  3.54  3.38  3.56  2.94  3.46  3.36  4.06  3.84
MEAN      3.50  3.68  3.70  3.53  3.04  2.77  2.65  2.47  2.66  2.91  3.49  3.43
STD DEV   1.61  1.62  1.66  1.54  1.23  1.07  1.06  0.87  1.07  1.28  1.59  1.51
SKEW      0.90  0.63  0.66  0.75  0.92  1.03  1.07  0.74  0.82  0.78  0.88  0.75
% S       5.87  5.34  6.28  6.23  6.14  7.05  7.01  6.21  5.82  5.27  6.82  6.69
MEAN      3.54  3.65  3.84  3.62  3.08  2.83  2.67  2.68  2.88  2.93  3.50  3.45
STD DEV   1.52  1.56  1.71  1.67  1.33  1.11  1.03  1.09  1.25  1.24  1.59  1.46
SKEW      0.95  0.80  0.66  0.82  1.04  1.01  1.04  1.12  1.04  1.16  0.82  0.80
% SSW     6.45  5.97  5.78  6.56  6.46  6.79  7.41  5.59  4.78  4.99  6.42  6.76
MEAN      4.04  4.01  4.17  4.03  3.34  3.16  2.96  2.85  3.08  3.20  3.75  3.71
STD DEV   1.80  1.78  1.82  1.88  1.45  1.35  1.17  1.12  1.24  1.39  1.71  1.63
SKEW      0.60  0.72  0.64  0.71  0.94  1.07  0.96  0.87  0.87  0.81  0.80  0.80
% SW      9.77  8.72  8.23  9.34  9.03 10.00  9.99  7.30  6.27  7.14  9.67  9.87
MEAN      4.20  4.14  4.57  4.39  3.68  3.41  3.20  3.06  3.20  3.44  3.93  3.98
STD DEV   1.81  1.87  2.17  2.12  1.66  1.44  1.36  1.39  1.37  1.57  1.87  1.76
SKEW      0.53  0.60  0.66  0.61  0.93  0.79  0.93  1.04  0.80  0.93  0.88  0.69
% WSW    11.52 10.74 11.07  9.61  7.65  6.43  6.08  5.02  4.45  5.96 10.23 10.87
MEAN      4.51  4.66  5.06  4.80  4.02  3.60  3.32  3.23  3.35  3.63  4.21  4.33
STD DEV   2.05  2.14  2.26  2.34  1.86  1.51  1.41  1.39  1.44  1.60  1.91  1.99
SKEW      0.55  0.62  0.47  0.78  0.74  0.53  0.93  0.79  0.80  0.73  0.57  0.62
% W       9.55  9.09  9.51  7.80  5.68  4.62  4.41  3.73  3.79  4.84  8.20  8.55
MEAN      4.13  4.25  4.34  4.16  3.62  3.20  2.94  2.82  2.93  3.43  3.86  3.97
STD DEV   1.98  2.01  2.12  2.09  1.78  1.55  1.28  1.24  1.33  1.68  1.88  1.91
SKEW      0.77  0.61  0.72  0.78  0.75  0.88  0.81  0.86  0.90  0.92  0.68  0.63
% WNW     5.64  6.47  5.98  5.33  3.87  2.89  2.51  2.56  2.58  3.26  4.96  5.07
MEAN      4.00  4.29  4.45  4.24  3.45  3.05  2.96  2.85  3.17  3.28  4.02  3.99
STD DEV   1.89  1.87  2.01  1.91  1.51  1.35  1.24  1.18  1.51  1.42  1.87  1.78
SKEW      0.74  0.43  0.62  0.70  0.73  0.90  0.79  0.77  0.99  0.62  0.59  0.63
% NW      3.80  3.72  3.76  3.78  3.42  2.83  2.51  2.85  2.85  3.13  2.99  3.26
MEAN      3.28  3.62  3.59  3.58  2.95  2.60  2.56  2.56  2.61  3.01  3.42  3.48
STD DEV   1.53  1.72  1.74  1.65  1.29  1.12  1.12  1.16  1.12  1.46  1.67  1.74
SKEW      0.82  0.77  0.88  0.70  0.85  1.07  1.01  1.08  0.92  0.86  0.68  0.82
% NNW     3.15  3.62  3.41  3.51  3.11  2.60  2.45  2.81  2.85  2.97  2.32  2.51
MEAN      3.30  3.48  3.52  3.59  3.05  2.76  2.75  2.57  2.63  2.96  3.20  3.14
STD DEV   1.47  1.58  1.60  1.57  1.33  1.19  1.20  1.08  1.10  1.40  1.44  1.39
SKEW      0.72  0.89  0.72  0.54  0.77  0.80  0.94  0.88  0.83  0.88  0.80  0.74
CALM     20.79 18.38 16.53 20.49 27.22 30.50 32.91 37.19 33.67 34.37 26.24 22.03
HUNTINGTON/TS.WV    0.530  CHARLESTON    WV    0.281  LONDON        KY    0.189
 VANCEBURG DAM 32 KY                     158259 0
 LATT=  38.65 LONG= -83.35 YEARS= 50. TYPE= 3
 ELEVATION =  530. TP5 = 2.25 TP6= 4.10
 MEAN P   0.31  0.31  0.36  0.33  0.37  0.41  0.47  0.47  0.41  0.31  0.31  0.29
 S DEV P  0.36  0.39  0.47  0.43  0.43  0.46  0.54  0.50  0.54  0.41  0.36  0.35
 SQEW  P  1.82  2.36  2.83  3.30  2.29  1.96  2.26  1.68  2.90  3.18  2.08  2.27
 P(W/W)   0.47  0.47  0.47  0.50  0.53  0.48  0.44  0.41  0.46  0.41  0.42  0.46
 P(W/D)   0.30  0.29  0.35  0.31  0.27  0.27  0.27  0.21  0.18  0.18  0.28  0.27
 TMAX AV 41.15 45.93 56.30 69.33 77.25 84.41 87.25 85.78 80.23 69.11 56.56 45.70
 TMIN AV 21.45 23.55 31.90 41.16 49.77 57.87 61.67 60.81 54.40 41.94 33.24 26.13
 SD TMAX 12.46 12.17 12.53 10.73  8.54  6.49  5.33  5.21  7.84  9.78 11.71 11.56
 SD TMIN 12.75 12.02 10.39  9.95  9.12  7.20  5.86  6.22  8.38  9.74 10.12 10.99
 SOL.RAD  160.  242.  337.  451.  546.  606.  592.  535.  471.  319.  212.  158.
 SD SOL   41.2  45.7  58.4  66.1  67.5  62.0  59.3  98.4  48.7  32.8  31.2  33.3
 MX .5 P  0.31  0.44  0.55  0.50  1.06  1.09  1.54  1.48  0.93  0.48  0.55  0.30
 DEW PT  26.60 26.60 30.25 40.25 51.93 60.60 64.20 63.20 55.88 45.08 32.80 26.93
Time Pk  0.656 0.751 0.795 0.842 0.855 0.865 0.882 0.890 0.899 0.916 0.953 1.000
% N       3.93  4.34  4.27  4.09  4.46  4.10  3.99  5.41  4.30  4.38  2.67  3.23
MEAN      3.67  3.81  3.90  3.70  3.52  3.11  2.98  2.79  3.11  3.29  3.32  3.53
STD DEV   1.58  1.74  1.74  1.52  1.56  1.28  1.25  1.25  1.38  1.39  1.47  1.51
SKEW      0.63  0.75  0.67  0.67  0.64  0.65  0.72  0.91  0.84  0.70  1.10  0.57
% NNE     3.29  4.18  3.79  3.43  3.90  3.15  3.61  4.05  4.27  3.40  2.24  2.55
MEAN      3.51  3.64  3.61  3.62  3.56  3.05  2.93  2.80  2.89  2.98  3.18  3.43
STD DEV   1.46  1.57  1.57  1.37  1.53  1.31  1.14  1.18  1.30  1.30  1.36  1.65
SKEW      0.54  0.63  0.65  0.45  0.49  0.59  0.57  1.01  0.96  0.70  0.57  1.24
% NE      4.39  5.02  5.59  5.72  5.64  4.06  5.07  5.59  6.41  5.15  2.85  3.79
MEAN      3.36  3.38  3.63  3.42  3.33  2.97  2.71  2.67  2.89  2.88  2.87  3.24
STD DEV   1.46  1.41  1.46  1.44  1.40  1.23  1.09  1.01  1.24  1.15  1.17  1.40
SKEW      0.69  0.78  0.56  0.77  0.74  0.76  1.03  0.71  0.91  0.74  0.82  0.71
% ENE     3.43  3.92  4.84  4.38  3.84  3.10  3.59  3.36  4.98  3.47  2.15  2.64
MEAN      3.44  3.44  3.78  3.78  3.33  3.08  2.88  2.69  3.15  2.95  2.99  3.24
STD DEV   1.35  1.31  1.57  1.44  1.31  1.17  1.09  0.99  1.28  1.24  1.17  1.24
SKEW      0.61  0.74  0.62  0.59  0.57  0.84  0.56  0.81  0.68  0.73  0.66  0.52
% E       3.82  3.86  4.54  4.89  4.14  3.91  4.11  3.98  5.79  3.91  2.74  3.27
MEAN      3.16  3.34  3.41  3.52  3.02  2.86  2.71  2.59  2.83  2.76  3.03  3.36
STD DEV   1.23  1.28  1.28  1.40  1.19  1.17  1.08  1.07  1.06  1.12  1.17  1.29
SKEW      0.65  0.57  0.57  0.54  0.67  1.00  1.01  1.06  0.63  0.97  0.66  0.49
% ESE     1.99  2.40  2.88  2.90  2.69  2.75  2.72  2.42  3.76  3.41  2.23  2.36
MEAN      3.21  3.44  3.52  3.50  3.08  2.73  2.72  2.66  2.68  2.84  3.07  3.24
STD DEV   1.21  1.23  1.34  1.25  1.24  1.06  1.03  1.01  0.93  1.01  1.11  1.29
SKEW      0.49  0.57  0.64  0.62  1.00  0.80  0.77  0.74  0.84  0.81  0.63  0.89
% SE      2.29  2.43  3.05  3.00  2.97  2.92  2.92  2.83  3.35  3.33  2.91  2.84
MEAN      3.42  3.58  3.71  3.60  3.09  2.75  2.60  2.55  2.79  2.86  3.21  3.29
STD DEV   1.47  1.42  1.64  1.51  1.23  1.08  1.02  1.04  1.10  1.10  1.39  1.25
SKEW      0.87  0.57  0.73  0.82  0.81  0.96  1.15  1.21  0.81  0.86  1.02  0.70
% SSE     2.94  3.45  3.15  2.98  2.78  3.09  2.38  2.48  3.16  3.45  3.14  3.87
MEAN      3.79  3.85  3.96  3.99  3.35  3.04  2.85  2.86  3.04  3.13  3.78  3.68
STD DEV   1.69  1.64  1.75  1.58  1.29  1.22  1.14  1.09  1.26  1.31  1.70  1.46
SKEW      0.83  0.66  0.67  0.56  0.69  0.95  0.98  0.64  0.77  0.76  0.83  0.55
% S       8.06  6.50  6.35  7.67  7.13  8.78  7.09  6.70  7.48  7.36  8.38  9.05
MEAN      4.21  4.39  4.20  4.12  3.52  3.23  2.94  2.90  3.25  3.50  4.03  4.22
STD DEV   1.81  1.92  1.85  1.84  1.51  1.42  1.19  1.20  1.38  1.56  1.75  1.84
SKEW      0.59  0.59  0.69  0.69  0.86  0.92  0.82  0.83  0.80  0.96  0.61  0.65
% SSW     7.72  7.04  7.03  7.58  7.68  9.11  7.56  6.87  6.92  7.32  9.13  8.63
MEAN      4.66  4.76  4.84  4.76  3.89  3.59  3.23  3.20  3.56  3.88  4.28  4.34
STD DEV   2.06  2.09  2.17  2.03  1.69  1.55  1.34  1.35  1.49  1.71  1.85  1.81
SKEW      0.47  0.70  0.68  0.53  0.84  0.77  0.88  0.74  0.72  0.68  0.57  0.58
% SW      9.24  8.09  7.80  9.35  9.44 10.75 10.54  8.24  7.54  8.31 11.06 10.88
MEAN      4.80  4.91  4.98  4.95  4.06  3.83  3.48  3.39  3.66  4.01  4.62  4.74
STD DEV   2.03  2.21  2.38  2.26  1.88  1.68  1.51  1.58  1.51  1.81  2.06  2.05
SKEW      0.44  0.60  0.63  0.44  0.84  0.69  0.88  0.91  0.66  0.70  0.55  0.48
% WSW    10.00  9.52  8.88  7.98  7.43  6.76  6.66  5.55  4.79  6.11 10.26  9.85
MEAN      5.02  5.08  5.40  5.24  4.27  3.87  3.71  3.55  3.79  4.00  4.79  4.76
STD DEV   2.24  2.23  2.50  2.32  2.00  1.68  1.62  1.57  1.64  1.80  2.15  2.22
SKEW      0.52  0.42  0.59  0.50  0.65  0.54  0.95  0.76  0.55  0.64  0.44  0.57
% W      11.16 11.62 10.78  7.94  6.81  5.98  5.74  5.03  4.55  6.12 10.08  9.74
MEAN      4.97  4.96  5.20  4.97  4.16  3.70  3.43  3.25  3.56  4.10  4.66  4.60
STD DEV   2.28  2.24  2.47  2.35  1.96  1.73  1.54  1.51  1.67  1.82  2.21  2.13
SKEW      0.75  0.52  0.74  0.54  0.71  0.74  0.76  0.82  0.67  0.58  0.66  0.52
% WNW     5.93  6.41  6.32  5.27  4.12  2.87  3.01  2.91  2.79  3.68  5.73  5.64
MEAN      4.65  5.11  5.03  4.78  3.95  3.49  3.46  3.26  3.67  3.98  4.55  4.48
STD DEV   2.15  2.07  2.18  2.11  1.79  1.50  1.66  1.52  1.80  1.79  2.07  1.91
SKEW      0.55  0.22  0.37  0.63  0.60  0.64  1.55  0.86  0.92  0.51  0.40  0.42
% NW      4.38  4.64  4.92  4.49  4.08  2.99  3.32  3.42  3.53  3.84  4.16  3.95
MEAN      4.00  4.52  4.44  4.16  3.54  3.18  3.09  3.01  3.06  3.69  4.11  3.97
STD DEV   1.83  2.06  2.01  1.87  1.58  1.39  1.39  1.39  1.30  1.71  1.91  1.92
SKEW      0.62  0.51  0.47  0.59  0.71  0.74  1.12  0.99  0.87  0.58  0.64  0.72
% NNW     3.61  3.84  3.06  3.42  2.97  2.64  2.52  3.10  2.75  3.17  2.80  2.75
MEAN      4.01  4.13  3.95  4.13  3.48  3.17  3.13  2.97  3.02  3.53  3.83  3.75
STD DEV   1.81  2.00  1.74  1.78  1.51  1.44  1.38  1.30  1.31  1.62  1.63  1.67
SKEW      0.52  0.89  0.55  0.43  0.58  1.10  0.77  1.04  0.72  0.72  0.59  0.56
CALM     13.92 12.73 12.68 14.89 19.97 23.00 25.11 27.99 23.61 23.61 17.51 14.93
HUNTINGTON/TS.WV    0.417  WILMINGTON    OH    0.324  COVINGTON/CIN.KY    0.259
 WAYNESBURG 6 E KY                       158486 0
 LATT=  37.37 LONG= -84.57 YEARS= 43. TYPE= 3
 ELEVATION = 1220. TP5 = 2.29 TP6= 4.37
 MEAN P   0.44  0.43  0.45  0.44  0.48  0.83  0.55  0.52  0.58  0.42  0.48  0.49
 S DEV P  0.46  0.47  0.56  0.44  0.50  4.86  0.63  0.71  0.62  0.45  0.56  0.59
 SQEW  P  1.95  2.81  5.02  1.96  2.82 16.83  3.61  7.68  2.19  2.05  3.20  2.78
 P(W/W)   0.43  0.44  0.41  0.45  0.52  0.45  0.41  0.38  0.39  0.33  0.41  0.40
 P(W/D)   0.26  0.27  0.30  0.25  0.22  0.23  0.25  0.21  0.17  0.17  0.25  0.26
 TMAX AV 41.80 46.66 58.01 67.78 75.35 82.29 85.08 84.35 78.53 68.37 57.02 47.20
 TMIN AV 23.37 26.03 35.45 44.44 52.51 59.95 63.80 62.73 56.56 45.19 37.44 28.63
 SD TMAX 12.56 12.29 11.90 10.03  7.33  5.33  4.96  5.13  7.33  8.92 10.80 11.66
 SD TMIN 12.90 12.70 11.22  9.94  7.97  6.06  4.91  5.08  7.74  9.66 10.53 12.12
 SOL.RAD  169.  260.  351.  467.  571.  613.  600.  547.  479.  349.  238.  171.
 SD SOL   41.8  43.5  56.5  62.6  60.1  59.4  56.9  92.9  47.9  26.9  26.8  32.9
 MX .5 P  0.36  0.59  0.57  0.64  1.25  1.08  1.47  1.12  0.96  0.77  0.61  0.43
 DEW PT  27.51 27.77 32.26 42.26 53.52 61.01 65.52 65.28 57.03 47.54 34.77 27.74
Time Pk  0.631 0.729 0.775 0.822 0.841 0.852 0.873 0.883 0.896 0.922 0.950 1.000
% N       4.81  5.25  5.22  5.19  5.89  5.37  4.42  6.90  7.13  6.45  4.52  4.94
MEAN      3.68  3.84  3.69  3.59  3.38  2.99  2.84  2.80  3.15  3.26  3.21  3.47
STD DEV   1.61  1.64  1.61  1.60  1.56  1.34  1.22  1.17  1.35  1.33  1.44  1.51
SKEW      0.61  0.52  0.51  0.67  0.73  0.64  0.87  0.93  0.75  0.49  0.68  0.72
% NNE     4.07  4.72  4.45  4.45  5.34  5.30  4.58  5.58  6.90  5.50  3.49  3.27
MEAN      4.14  4.02  3.88  3.98  3.74  3.31  3.14  3.09  3.44  3.40  3.62  3.86
STD DEV   1.86  1.56  1.59  1.65  1.54  1.44  1.23  1.25  1.36  1.44  1.59  1.76
SKEW      0.74  0.24  0.48  0.50  0.53  0.63  0.63  0.71  0.56  0.63  0.79  1.13
% NE      3.39  4.77  4.47  3.94  4.85  5.54  4.73  5.88  7.04  4.73  2.73  3.14
MEAN      3.83  3.65  3.92  3.87  3.55  3.30  2.88  2.95  3.36  3.16  3.21  3.50
STD DEV   1.68  1.46  1.62  1.67  1.37  1.45  1.11  1.19  1.39  1.30  1.32  1.33
SKEW      0.75  0.54  0.55  0.52  0.33  0.85  0.46  0.66  0.66  0.64  0.53  0.48
% ENE     3.25  4.62  4.84  3.60  3.98  3.98  3.66  4.10  5.08  3.77  2.27  2.86
MEAN      3.57  4.04  4.07  3.69  3.48  3.24  2.91  2.94  3.37  3.08  3.28  3.55
STD DEV   1.41  1.54  1.60  1.53  1.35  1.28  1.10  1.15  1.34  1.13  1.25  1.31
SKEW      0.59  0.43  0.32  0.47  0.40  0.57  0.56  0.55  0.67  0.44  0.37  0.24
% E       2.73  3.63  3.62  3.23  3.58  3.45  3.12  3.44  3.80  3.50  2.47  3.16
MEAN      3.18  3.59  3.52  3.55  3.20  2.80  2.53  2.61  2.84  2.84  3.11  3.39
STD DEV   1.29  1.41  1.62  1.47  1.41  1.05  0.98  1.10  1.06  1.13  1.31  1.35
SKEW      0.57  0.48  0.80  0.54  0.95  0.69  0.80  0.96  0.56  1.00  0.99  0.62
% ESE     2.41  3.02  2.79  2.98  3.30  2.96  2.62  2.79  3.36  2.91  2.34  2.71
MEAN      3.19  3.47  3.43  3.56  3.13  2.66  2.50  2.54  2.79  2.83  2.96  3.21
STD DEV   1.34  1.37  1.44  1.57  1.37  0.97  0.95  0.90  1.08  1.15  1.06  1.25
SKEW      0.56  0.58  0.64  0.72  0.82  0.51  0.73  0.49  0.95  0.92  0.53  0.81
% SE      2.70  2.99  3.52  3.72  3.65  3.32  2.99  3.30  3.73  3.62  3.18  3.30
MEAN      3.08  3.47  3.58  3.42  3.06  2.70  2.50  2.49  2.76  2.73  3.07  3.14
STD DEV   1.24  1.50  1.65  1.46  1.38  1.00  0.92  0.94  0.96  1.03  1.17  1.24
SKEW      0.70  0.71  1.06  0.75  0.99  0.61  0.60  0.83  0.78  0.73  0.94  0.86
% SSE     7.16  7.08  7.04  7.86  6.74  6.19  6.44  5.23  6.53  6.91  8.45  8.33
MEAN      4.26  4.38  4.38  4.09  3.26  2.99  2.79  2.57  3.14  3.24  4.01  4.14
STD DEV   2.07  2.00  2.16  1.97  1.41  1.33  1.15  1.00  1.28  1.46  1.86  1.97
SKEW      0.92  0.69  0.82  1.05  0.78  1.20  0.81  0.74  0.84  0.85  1.02  0.98
% S       9.63  8.88  9.44 10.80  9.21  9.26  9.15  7.89  8.85  8.93 12.15 11.90
MEAN      4.66  4.63  4.77  4.63  3.85  3.39  3.15  2.94  3.51  3.61  4.58  4.37
STD DEV   2.29  2.19  2.25  2.21  1.78  1.43  1.34  1.23  1.60  1.65  2.17  1.87
SKEW      1.15  0.94  0.58  0.80  0.84  0.81  0.85  0.85  0.92  0.86  0.84  0.85
% SSW    11.09  9.45  9.61 11.35 10.20 10.99 11.45  7.87  7.21  8.06 10.39 11.81
MEAN      5.06  5.15  5.36  5.20  4.25  3.88  3.64  3.37  3.91  4.02  4.72  4.83
STD DEV   2.26  2.43  2.46  2.46  1.92  1.75  1.57  1.48  1.75  1.84  2.24  2.13
SKEW      0.64  0.70  0.54  0.58  0.68  0.88  0.70  0.83  0.74  0.74  0.85  0.88
% SW      8.21  6.57  6.46  7.15  7.31  7.69  8.49  6.40  4.96  5.62  7.15  8.06
MEAN      4.96  4.92  5.17  5.28  4.43  4.06  3.83  3.42  3.92  4.02  4.46  4.73
STD DEV   2.19  2.21  2.57  2.47  2.00  1.80  1.64  1.49  1.69  1.84  2.05  2.04
SKEW      0.56  0.56  0.77  0.58  0.60  0.67  0.72  0.71  0.54  0.66  0.84  0.53
% WSW     7.25  6.79  7.17  7.10  6.40  5.76  6.06  4.73  3.37  4.16  6.39  6.46
MEAN      5.09  5.21  5.84  5.61  4.50  4.24  3.85  3.63  3.84  4.17  4.94  4.87
STD DEV   2.18  2.37  2.64  2.61  1.97  1.79  1.59  1.53  1.55  1.88  2.16  2.05
SKEW      0.44  0.73  0.70  0.66  0.42  0.50  0.70  0.53  0.65  0.66  0.52  0.47
% W       8.32  8.04  8.76  6.65  5.45  4.48  4.95  4.49  3.47  4.90  7.41  7.60
MEAN      4.91  4.90  5.20  5.17  4.11  3.75  3.40  3.25  3.34  3.73  4.37  4.58
STD DEV   2.08  2.22  2.27  2.36  1.93  1.68  1.41  1.43  1.42  1.75  1.97  2.00
SKEW      0.36  0.57  0.45  0.52  0.54  0.65  0.51  0.68  0.76  0.89  0.55  0.48
% WNW     6.52  7.56  6.95  6.17  4.25  3.27  3.15  3.02  3.09  4.36  6.25  6.25
MEAN      4.77  5.03  5.14  5.22  4.04  3.56  3.19  3.27  3.46  3.78  4.60  4.57
STD DEV   2.08  2.15  2.19  2.29  1.76  1.59  1.32  1.31  1.49  1.67  2.04  1.97
SKEW      0.50  0.38  0.39  0.42  0.64  0.78  0.51  0.52  0.70  0.65  0.51  0.45
% NW      4.61  4.82  4.37  3.95  3.07  2.56  2.64  2.93  2.85  3.34  4.31  3.88
MEAN      3.99  4.39  4.04  4.27  3.32  3.11  3.01  2.85  3.27  3.51  4.03  4.01
STD DEV   1.71  1.93  1.70  1.84  1.37  1.35  1.33  1.19  1.50  1.52  1.84  1.76
SKEW      0.65  0.50  0.52  0.45  0.35  0.63  0.76  0.74  0.75  0.59  0.51  0.65
% NNW     4.45  4.62  4.29  3.84  3.57  2.87  2.65  3.31  3.12  3.52  2.96  3.20
MEAN      4.06  4.09  4.15  3.92  3.52  3.15  3.19  3.07  3.18  3.43  3.82  3.74
STD DEV   1.61  1.79  1.81  1.64  1.51  1.29  1.29  1.28  1.30  1.42  1.63  1.48
SKEW      0.49  0.42  0.72  0.44  0.50  0.45  0.59  0.70  0.66  0.42  0.47  0.30
CALM      9.34  7.16  6.98  8.00 13.17 16.98 18.94 22.18 19.53 19.70 13.51  9.09
LONDON        KY    0.468  LEXINGTON     KY    0.340  FT.KNOX       KY    0.193
 WILLIAMSTOWN KY                         158714 0
 LATT=  38.63 LONG= -84.57 YEARS= 44. TYPE= 3
 ELEVATION =  940. TP5 = 2.23 TP6= 4.17
 MEAN P   0.25  0.27  0.33  0.30  0.35  0.38  0.41  0.38  0.37  0.30  0.30  0.28
 S DEV P  0.33  0.40  0.44  0.39  0.43  0.50  0.52  0.49  0.56  0.47  0.36  0.36
 SQEW  P  2.31  2.98  3.07  2.69  2.70  3.08  2.23  2.21  3.38  3.05  1.91  2.49
 P(W/W)   0.54  0.52  0.53  0.57  0.59  0.52  0.52  0.50  0.49  0.52  0.54  0.52
 P(W/D)   0.30  0.31  0.35  0.32  0.26  0.26  0.26  0.22  0.21  0.21  0.31  0.30
 TMAX AV 39.91 44.16 53.88 65.53 74.73 82.44 85.96 85.06 79.24 68.23 54.73 43.81
 TMIN AV 21.86 24.33 32.59 42.88 52.69 60.99 65.04 63.38 56.87 45.57 35.36 25.98
 SD TMAX 12.57 12.21 12.34 10.88  8.29  6.29  5.44  5.74  7.92  9.53 11.33 11.87
 SD TMIN 12.69 12.12 11.08 10.12  8.47  6.51  5.06  5.59  8.22  9.46 10.60 11.84
 SOL.RAD  163.  253.  345.  456.  563.  615.  603.  547.  480.  344.  232.  165.
 SD SOL   40.9  43.0  56.4  64.8  62.2  59.0  56.0  92.5  46.4  26.3  26.1  32.0
 MX .5 P  0.34  0.57  0.55  0.55  1.15  1.08  1.53  1.21  0.98  0.75  0.64  0.36
 DEW PT  26.56 26.77 30.89 40.89 52.33 60.98 64.33 63.33 55.77 44.89 32.89 26.91
Time Pk  0.626 0.726 0.780 0.827 0.843 0.855 0.870 0.881 0.897 0.916 0.948 1.000
% N       4.78  4.93  4.87  4.81  5.13  4.83  4.67  6.54  5.38  5.37  3.36  3.60
MEAN      4.38  4.40  4.45  4.19  3.98  3.54  3.29  3.17  3.59  3.72  3.73  4.03
STD DEV   1.80  1.94  1.88  1.59  1.74  1.47  1.38  1.35  1.50  1.55  1.74  1.71
SKEW      0.54  0.63  0.37  0.41  0.59  0.57  0.63  0.80  0.58  0.52  0.91  0.57
% NNE     4.25  4.98  4.55  4.52  5.35  4.37  4.92  5.89  5.81  5.30  2.99  2.96
MEAN      4.56  4.47  4.43  4.47  4.20  3.61  3.34  3.31  3.54  3.66  4.10  4.16
STD DEV   1.94  1.85  1.84  1.69  1.72  1.55  1.36  1.39  1.46  1.53  1.81  1.92
SKEW      0.48  0.30  0.38  0.51  0.35  0.46  0.53  0.75  0.69  0.51  0.50  0.68
% NE      4.03  5.35  5.31  5.43  6.65  5.38  6.43  7.66  8.40  6.39  2.89  3.56
MEAN      4.13  4.13  4.45  4.24  3.94  3.45  3.14  3.12  3.53  3.44  3.43  3.92
STD DEV   1.70  1.66  1.80  1.67  1.58  1.43  1.26  1.21  1.49  1.35  1.43  1.66
SKEW      0.59  0.50  0.33  0.55  0.39  0.73  0.73  0.65  0.68  0.64  0.64  0.65
% ENE     3.68  5.24  5.85  4.92  5.23  4.24  5.02  5.24  6.76  4.71  2.77  3.11
MEAN      4.07  4.31  4.68  4.32  3.82  3.45  3.14  3.08  3.49  3.43  3.47  3.88
STD DEV   1.55  1.68  1.87  1.64  1.50  1.35  1.23  1.19  1.44  1.35  1.32  1.53
SKEW      0.60  0.58  0.41  0.45  0.49  0.68  0.58  0.62  0.68  0.52  0.56  0.50
% E       3.65  4.26  4.63  4.75  4.27  4.29  4.57  4.45  5.59  4.17  2.90  3.45
MEAN      3.84  4.07  4.12  4.15  3.54  3.12  2.91  2.87  3.13  3.09  3.59  3.98
STD DEV   1.48  1.55  1.63  1.65  1.43  1.23  1.17  1.24  1.18  1.24  1.40  1.47
SKEW      0.51  0.48  0.45  0.29  0.61  0.72  0.98  1.19  0.54  0.83  0.52  0.36
% ESE     2.56  2.98  3.37  3.42  3.22  3.21  3.25  3.02  4.19  3.71  2.46  3.09
MEAN      3.77  3.99  4.09  4.08  3.38  2.94  2.86  2.83  2.96  3.20  3.63  3.81
STD DEV   1.53  1.48  1.59  1.53  1.34  1.15  1.11  1.09  1.12  1.20  1.37  1.49
SKEW      0.47  0.34  0.54  0.28  0.61  0.54  0.63  0.63  0.60  0.65  0.61  0.57
% SE      3.03  3.28  3.82  3.82  3.89  3.87  3.56  3.78  4.41  4.43  3.49  3.78
MEAN      3.81  4.02  4.10  3.97  3.34  2.97  2.81  2.70  3.11  3.18  3.66  3.77
STD DEV   1.59  1.59  1.70  1.50  1.31  1.08  1.08  1.06  1.17  1.19  1.37  1.42
SKEW      0.61  0.47  0.63  0.45  0.64  0.66  0.90  0.78  0.69  0.51  0.66  0.51
% SSE     5.73  5.78  5.41  5.41  5.03  5.22  4.41  4.66  5.63  6.07  6.12  6.94
MEAN      4.45  4.44  4.64  4.38  3.66  3.22  2.95  3.00  3.38  3.41  4.31  4.29
STD DEV   1.87  1.89  2.01  1.74  1.47  1.34  1.15  1.20  1.33  1.40  1.79  1.65
SKEW      0.53  0.62  0.60  0.65  0.60  0.90  0.78  0.75  0.73  0.76  0.74  0.55
% S      11.01  9.01  8.76 10.59 10.00 11.44  9.79  9.12 10.36 10.94 12.66 12.53
MEAN      5.03  4.98  4.90  4.68  3.98  3.57  3.26  3.04  3.60  3.86  4.69  4.85
STD DEV   2.23  2.23  2.17  2.01  1.75  1.56  1.36  1.22  1.51  1.70  2.04  2.02
SKEW      0.54  0.58  0.65  0.68  0.78  0.90  0.85  0.69  0.72  0.78  0.67  0.62
% SSW    11.20  9.70  9.62 11.05 11.00 13.09 11.58  9.66  9.81 10.83 13.03 12.16
MEAN      5.63  5.61  5.87  5.57  4.53  4.15  3.76  3.53  4.12  4.47  5.10  5.32
STD DEV   2.45  2.51  2.60  2.39  2.08  1.81  1.60  1.56  1.84  2.02  2.20  2.18
SKEW      0.43  0.60  0.54  0.43  0.72  0.67  0.72  0.81  0.64  0.65  0.55  0.54
% SW      9.28  7.70  7.76  9.28  9.74 11.01 11.02  8.77  7.70  8.62 10.73 10.63
MEAN      5.52  5.66  5.59  5.65  4.64  4.41  4.06  3.77  4.27  4.55  5.21  5.44
STD DEV   2.32  2.45  2.68  2.48  2.10  1.89  1.72  1.67  1.75  2.02  2.18  2.27
SKEW      0.49  0.54  0.64  0.40  0.60  0.50  0.65  0.63  0.47  0.50  0.37  0.31
% WSW     7.94  7.39  6.85  6.89  6.90  6.88  7.04  5.53  4.49  5.36  8.35  7.72
MEAN      5.67  5.63  5.98  5.88  4.75  4.49  4.22  3.91  4.28  4.51  5.46  5.31
STD DEV   2.37  2.28  2.75  2.44  2.07  1.87  1.75  1.64  1.73  2.00  2.35  2.29
SKEW      0.49  0.39  0.73  0.30  0.50  0.46  0.72  0.53  0.44  0.47  0.41  0.48
% W       9.25  9.35  9.16  6.74  5.86  5.13  5.28  4.79  3.85  5.48  8.60  8.10
MEAN      5.67  5.56  5.99  5.76  4.65  4.21  3.90  3.63  3.96  4.49  5.29  5.30
STD DEV   2.33  2.37  2.55  2.45  2.03  1.80  1.62  1.61  1.75  1.88  2.31  2.21
SKEW      0.50  0.49  0.48  0.32  0.49  0.47  0.51  0.71  0.65  0.52  0.62  0.36
% WNW     7.28  8.06  7.96  6.57  4.96  3.55  3.69  3.50  3.45  4.66  7.31  7.55
MEAN      5.44  5.87  5.75  5.65  4.59  4.08  3.90  3.67  4.05  4.63  5.18  5.17
STD DEV   2.25  2.30  2.32  2.32  2.05  1.70  1.87  1.62  1.81  2.04  2.15  2.08
SKEW      0.35  0.22  0.22  0.36  0.56  0.44  1.20  0.71  0.68  0.59  0.31  0.24
% NW      5.05  5.38  5.58  5.06  4.21  3.12  3.57  3.86  3.78  4.06  5.12  4.81
MEAN      4.66  5.03  5.04  4.82  4.03  3.70  3.50  3.36  3.60  4.21  4.75  4.50
STD DEV   1.96  2.13  2.05  2.02  1.70  1.60  1.55  1.45  1.56  1.82  2.07  1.90
SKEW      0.36  0.33  0.22  0.36  0.44  0.46  0.91  0.84  0.73  0.45  0.54  0.51
% NNW     4.34  4.06  3.51  3.62  3.59  2.98  2.94  3.74  3.28  3.52  3.20  3.12
MEAN      4.62  4.63  4.52  4.54  4.00  3.60  3.50  3.38  3.57  3.99  4.33  4.19
STD DEV   1.86  2.10  1.84  1.81  1.70  1.54  1.45  1.43  1.47  1.64  1.76  1.74
SKEW      0.32  0.54  0.42  0.30  0.53  0.88  0.64  0.80  0.63  0.42  0.47  0.30
CALM      2.94  2.52  3.02  3.08  5.09  7.24  8.27  9.78  7.10  6.37  3.98  2.80
COVINGTON/CIN.KY    0.457  LEXINGTON     KY    0.340  WILMINGTON    OH    0.203
