 BELAH FIRE TOWER LA                     16 639 0
 LATT=  31.63 LONG= -92.18 YEARS= 34. TYPE= 4
 ELEVATION =  200. TP5 = 3.21 TP6= 7.32
 MEAN P   0.43  0.57  0.55  0.61  0.68  0.45  0.45  0.44  0.52  0.70  0.54  0.57
 S DEV P  0.54  0.79  0.75  0.80  0.94  0.60  0.57  0.65  0.76  1.04  0.65  0.76
 SQEW  P  2.53  3.60  2.65  2.00  3.14  3.30  3.81  3.98  3.41  2.89  1.79  2.76
 P(W/W)   0.50  0.46  0.42  0.43  0.46  0.50  0.49  0.46  0.49  0.44  0.44  0.52
 P(W/D)   0.27  0.26  0.29  0.23  0.21  0.18  0.26  0.23  0.18  0.13  0.23  0.24
 TMAX AV 56.56 61.26 69.43 78.02 84.27 90.86 93.61 93.36 88.79 80.05 68.74 60.58
 TMIN AV 35.49 38.57 46.15 55.14 61.79 68.04 70.73 69.76 65.23 54.12 44.88 38.57
 SD TMAX 12.12 11.47 10.00  7.25  6.09  5.03  4.45  4.39  6.40  8.19 10.24 10.66
 SD TMIN 11.25 10.42 10.42  9.01  6.46  4.71  2.94  3.47  6.43  9.18 10.52 10.89
 SOL.RAD  223.  276.  359.  437.  527.  522.  525.  491.  440.  359.  264.  207.
 SD SOL   57.0  71.2  84.9  99.3  93.6 106.7  99.2 225.3  83.1  51.4  48.5  53.4
 MX .5 P  1.18  1.05  1.12  1.72  1.65  1.31  1.81  1.68  1.86  1.12  0.99  1.01
 DEW PT  37.80 40.21 45.64 55.44 62.21 68.59 72.03 70.82 66.23 55.41 47.04 38.99
Time Pk  0.465 0.577 0.640 0.743 0.765 0.784 0.823 0.847 0.876 0.915 0.950 1.000
% N       9.77  9.21  7.34  5.74  5.31  4.08  3.62  5.83 10.25 10.39  9.46  8.61
MEAN      4.91  4.82  4.83  4.78  4.12  3.63  3.29  3.49  3.90  4.11  4.55  4.63
STD DEV   1.93  1.92  1.94  1.92  1.76  1.48  1.47  1.32  1.62  1.78  1.98  1.93
SKEW      0.38  0.33  0.38  0.32  0.57  0.71  1.13  0.60  0.64  0.66  0.66  0.46
% NNE     5.92  6.08  4.90  3.78  3.74  3.18  2.69  4.83  9.07  6.87  5.25  5.59
MEAN      4.96  4.85  4.66  4.62  4.20  3.68  3.37  3.53  4.05  4.12  4.65  4.81
STD DEV   1.87  1.86  1.85  1.94  1.87  1.61  1.36  1.48  1.70  1.83  2.04  1.95
SKEW      0.37  0.33  0.37  0.48  0.59  0.95  0.69  0.79  0.57  0.62  0.61  0.43
% NE      6.06  6.54  5.40  4.36  4.85  4.10  4.11  5.80  9.34  6.66  5.56  5.41
MEAN      4.38  4.32  4.36  4.12  3.74  3.30  3.25  3.38  3.86  3.72  3.98  4.09
STD DEV   1.73  1.69  1.73  1.68  1.57  1.41  1.37  1.48  1.64  1.75  1.68  1.63
SKEW      0.50  0.51  0.40  0.61  0.54  1.03  0.72  0.87  0.74  1.02  0.76  0.68
% ENE     3.92  4.36  4.07  3.47  3.73  3.68  3.20  5.06  7.36  4.73  3.63  3.33
MEAN      4.03  3.99  4.26  3.83  3.70  3.68  3.53  3.41  3.89  3.53  3.85  3.73
STD DEV   1.47  1.56  1.63  1.57  1.42  1.50  1.56  1.46  1.62  1.45  1.48  1.39
SKEW      0.61  0.61  0.57  0.75  0.37  0.72  0.93  0.89  0.67  0.75  0.49  0.61
% E       5.23  5.14  5.65  5.26  5.61  5.61  5.65  6.30  8.55  6.18  4.80  5.12
MEAN      3.79  3.92  3.91  3.92  3.67  3.67  3.28  3.48  3.64  3.52  3.55  3.59
STD DEV   1.46  1.56  1.54  1.59  1.58  1.62  1.48  1.47  1.53  1.40  1.43  1.36
SKEW      0.63  0.63  0.47  0.53  0.71  0.90  0.90  0.78  0.72  0.57  0.72  0.59
% ESE     5.43  5.35  5.95  6.87  7.17  5.64  5.48  6.10  6.41  6.07  4.74  5.72
MEAN      3.97  4.22  4.08  4.09  3.66  3.44  3.33  3.27  3.43  3.55  3.76  3.96
STD DEV   1.57  1.75  1.59  1.69  1.58  1.47  1.52  1.46  1.49  1.48  1.46  1.55
SKEW      0.60  0.71  0.64  0.55  0.67  0.80  1.16  1.06  1.06  0.71  0.48  0.57
% SE      8.02  7.09  7.91 11.53 10.20  9.53  8.21  7.61  7.37  7.56  8.48  8.69
MEAN      4.00  4.41  4.32  4.34  3.98  3.44  3.20  3.19  3.23  3.56  4.14  4.00
STD DEV   1.54  1.85  1.93  1.85  1.74  1.47  1.40  1.35  1.42  1.60  1.79  1.69
SKEW      0.53  0.48  0.65  0.60  0.63  0.80  1.01  1.03  1.06  0.92  0.67  0.74
% SSE     8.18  6.44  7.78 10.44  8.93  6.98  6.27  5.30  4.67  4.88  7.06  7.31
MEAN      4.51  4.52  4.96  4.88  4.51  3.72  3.40  3.41  3.55  3.90  4.44  4.41
STD DEV   1.68  1.77  1.99  1.95  1.80  1.46  1.38  1.45  1.40  1.64  1.81  1.72
SKEW      0.51  0.47  0.41  0.56  0.43  0.64  0.84  0.96  0.67  0.63  0.47  0.58
% S      10.23  9.25 11.37 12.43 10.38 10.53  8.72  7.04  4.19  4.72  7.58  8.49
MEAN      4.79  4.85  5.28  5.03  4.49  3.92  3.48  3.39  3.71  3.67  4.66  4.71
STD DEV   1.79  1.99  2.03  1.90  1.72  1.57  1.40  1.36  1.59  1.44  1.92  1.92
SKEW      0.44  0.47  0.32  0.36  0.40  0.78  0.74  0.64  0.92  0.47  0.52  0.45
% SSW     4.12  5.07  5.62  4.91  5.21  7.15  7.23  4.47  2.24  2.21  3.24  3.67
MEAN      5.24  5.13  5.30  4.88  4.45  4.05  3.61  3.49  3.71  3.77  4.59  4.82
STD DEV   2.09  2.10  1.93  1.88  1.70  1.51  1.33  1.49  1.45  1.48  2.10  2.02
SKEW      0.25  0.45  0.18  0.36  0.46  0.33  0.44  0.77  0.60  0.51  0.63  0.52
% SW      3.24  4.57  4.13  3.76  5.28  7.96  9.22  6.55  2.06  2.23  2.95  3.60
MEAN      4.57  4.52  4.49  4.45  3.82  3.76  3.61  3.48  3.26  3.39  3.99  3.97
STD DEV   2.01  2.05  1.95  1.98  1.67  1.48  1.41  1.40  1.31  1.48  1.79  1.88
SKEW      0.51  0.73  0.50  0.53  0.71  0.41  0.63  0.57  0.54  0.72  0.69  0.89
% WSW     2.83  3.70  3.25  3.15  2.80  4.41  5.78  3.84  1.51  1.69  2.41  3.16
MEAN      4.57  4.65  4.72  4.76  3.85  3.63  3.68  3.53  3.22  3.48  4.03  4.20
STD DEV   2.04  2.02  2.14  2.01  1.49  1.38  1.37  1.26  1.25  1.45  1.60  1.82
SKEW      0.58  0.72  0.62  0.46  0.64  0.52  0.34  0.63  0.79  1.09  0.64  0.74
% W       3.33  3.85  3.87  3.58  2.93  3.82  5.04  4.30  1.65  2.56  3.38  4.41
MEAN      4.44  4.62  4.78  4.60  3.74  3.65  3.47  3.34  3.06  3.85  3.97  4.42
STD DEV   2.00  2.09  2.17  2.21  1.55  1.44  1.33  1.38  1.12  1.70  1.80  1.93
SKEW      0.72  0.66  0.63  0.77  0.51  0.61  0.50  0.66  0.67  0.75  0.80  0.62
% WNW     3.36  3.78  3.88  2.96  2.03  2.16  2.29  2.06  1.23  2.48  3.20  4.06
MEAN      4.95  5.12  5.81  5.31  4.07  3.71  3.57  3.44  3.08  3.98  4.64  5.17
STD DEV   2.07  2.08  2.28  2.11  1.62  1.54  1.52  1.32  1.37  1.65  1.88  2.10
SKEW      0.52  0.34  0.39  0.27  0.51  0.67  0.66  0.53  0.97  0.66  0.42  0.37
% NW      6.02  5.75  5.63  3.88  3.45  2.47  2.27  2.73  2.31  4.27  5.68  5.72
MEAN      5.14  5.16  5.19  4.69  4.04  3.45  3.16  3.17  3.40  4.00  4.55  4.96
STD DEV   1.99  2.10  2.17  2.02  1.85  1.36  1.14  1.23  1.44  1.70  1.95  2.21
SKEW      0.28  0.39  0.42  0.45  0.62  0.62  0.52  0.63  0.77  0.63  0.60  0.54
% NNW     5.80  4.99  4.83  3.43  2.86  2.00  1.75  2.44  3.37  5.03  5.52  4.29
MEAN      5.24  5.17  5.16  4.62  4.35  3.79  3.48  3.30  3.75  4.34  4.92  4.90
STD DEV   2.04  2.00  2.08  1.94  1.86  1.58  1.55  1.28  1.52  1.76  1.97  2.02
SKEW      0.37  0.34  0.37  0.54  0.48  0.65  1.08  0.41  0.66  0.54  0.42  0.43
CALM      8.56  8.83  8.44 10.64 15.54 16.61 18.51 19.64 18.44 21.46 17.04 12.77
MONROE        LA    0.458  BATON ROUGE   LA    0.291  SHREVEPORT    LA    0.251
 BOOTHVILLE WSMO CI LA                   161157 0
 LATT=  29.33 LONG= -89.40 YEARS= 18. TYPE= 4
 ELEVATION =    0. TP5 = 3.47 TP6= 8.61
 MEAN P   0.50  0.51  0.59  0.58  0.71  0.49  0.51  0.47  0.59  0.61  0.55  0.53
 S DEV P  0.68  0.72  0.84  0.91  0.84  0.73  0.76  0.56  0.82  0.81  0.75  0.77
 SQEW  P  2.86  2.63  2.38  3.21  2.63  2.48  3.82  2.01  2.61  1.95  2.61  2.38
 P(W/W)   0.47  0.49  0.41  0.36  0.31  0.42  0.51  0.53  0.56  0.42  0.47  0.40
 P(W/D)   0.24  0.22  0.22  0.14  0.14  0.21  0.29  0.34  0.21  0.11  0.19  0.22
 TMAX AV 60.40 63.18 70.05 75.78 82.05 87.63 89.31 89.12 85.81 78.74 71.05 64.86
 TMIN AV 45.12 48.04 54.92 60.80 68.39 74.08 75.67 75.76 73.60 65.42 57.37 49.99
 SD TMAX 10.19  9.04  6.99  5.25  3.69  2.99  2.92  2.85  4.24  5.96  8.32  9.38
 SD TMIN  9.12  7.97  7.50  6.06  3.94  3.45  2.53  2.40  3.94  6.92  8.30  9.36
 SOL.RAD  214.  259.  335.  412.  449.  443.  417.  416.  383.  357.  278.  198.
 SD SOL   57.8  72.0  84.9  95.3 105.8 116.8 120.2 200.7  91.5  49.6  42.8  54.5
 MX .5 P  1.47  1.02  1.04  1.48  1.52  1.44  2.24  2.05  1.80  1.49  2.32  1.18
 DEW PT  45.39 47.39 51.09 58.39 65.39 71.39 73.00 72.70 69.39 59.09 50.78 46.09
Time Pk  0.432 0.551 0.629 0.720 0.754 0.775 0.815 0.839 0.858 0.903 0.942 1.000
% N      10.08  7.98  7.31  4.81  4.05  3.07  4.13  5.05  5.98  9.63  9.94 10.12
MEAN      6.82  6.65  6.04  5.46  5.00  3.84  3.77  3.77  4.68  5.37  6.48  6.24
STD DEV   3.04  3.11  2.83  2.71  2.40  1.67  1.63  1.71  1.90  2.40  3.16  2.89
SKEW      0.19  0.23  0.54  0.45  0.70  0.39  0.65  0.73  0.39  0.45  0.47  0.39
% NNE     8.48  5.60  5.09  3.65  3.50  2.70  2.67  3.82  5.99  9.77  8.56  9.94
MEAN      6.50  5.97  5.35  5.47  4.56  3.91  3.29  3.81  4.82  5.07  6.06  6.04
STD DEV   2.64  2.45  2.17  2.66  2.12  1.70  1.42  1.53  2.03  2.17  2.73  2.85
SKEW      0.20  0.43  0.60  0.68  0.60  0.68  0.65  0.68  0.52  0.63  0.53  0.49
% NE     16.32 13.72  9.25  5.81  5.64  4.17  3.92  6.02 11.57 16.60 16.89 14.93
MEAN      5.27  5.08  5.03  4.87  4.19  3.42  3.29  3.70  4.66  4.95  5.12  4.98
STD DEV   2.37  2.20  2.02  2.24  2.06  1.42  1.31  1.45  1.92  2.04  2.32  2.28
SKEW      0.74  0.66  0.37  0.82  1.01  0.57  0.59  0.52  0.59  0.69  0.67  0.77
% ENE     7.32  6.35  5.80  3.93  3.87  3.02  2.24  3.70  8.76  7.98  6.57  6.98
MEAN      4.47  4.85  4.58  4.41  4.29  3.67  3.32  3.94  4.39  4.49  4.28  4.29
STD DEV   1.65  1.98  1.80  1.82  2.06  1.74  1.32  1.64  1.75  1.81  1.67  1.65
SKEW      0.62  0.56  0.51  0.58  0.79  0.96  0.76  0.76  0.82  0.75  0.61  0.72
% E       6.31  6.58  6.53  5.33  5.16  3.72  3.19  4.76  9.67  8.86  6.67  6.10
MEAN      4.14  4.31  4.37  4.28  3.95  3.68  3.50  3.80  4.54  4.50  4.18  3.92
STD DEV   1.69  1.88  1.83  1.68  1.66  1.54  1.34  1.54  1.97  1.70  1.60  1.65
SKEW      0.78  0.72  0.63  0.54  0.78  0.75  0.59  0.78  0.58  0.56  0.55  0.82
% ESE     4.12  4.10  4.87  5.52  4.81  4.32  2.34  3.90  7.00  5.54  4.43  4.31
MEAN      4.53  4.83  4.72  4.73  4.50  4.40  3.52  4.25  4.84  4.54  4.43  4.45
STD DEV   1.70  1.93  1.79  1.68  1.72  1.74  1.29  2.03  2.17  1.72  1.66  2.03
SKEW      0.42  0.20  0.43  0.50  0.45  0.48  0.42  1.27  1.32  0.87  0.44  0.86
% SE      6.21  6.23 10.62 13.30 10.38  8.90  6.47  8.61 11.05  8.19  7.70  7.12
MEAN      4.24  4.78  4.71  4.72  4.82  4.20  3.88  4.09  4.53  4.63  4.72  4.24
STD DEV   1.77  1.96  1.76  1.76  1.90  1.60  1.52  1.61  2.00  1.89  1.83  1.75
SKEW      0.66  0.52  0.69  0.66  0.34  0.63  0.43  1.07  1.20  0.71  0.49  0.60
% SSE     4.77  4.87  7.43 11.80 12.74  7.79  5.43  6.41  6.18  4.64  5.70  4.92
MEAN      4.66  5.04  5.06  5.05  5.12  4.33  4.11  4.08  4.90  4.63  4.90  4.49
STD DEV   1.81  1.97  2.11  1.79  1.85  1.77  1.56  1.69  2.38  1.74  1.80  1.68
SKEW      0.39  0.64  1.07  0.54  0.39  1.14  0.51  0.93  1.01  0.32  0.39  0.43
% S       7.07  8.45 10.15 15.49 14.88 15.15 10.66  9.84  8.13  4.49  6.82  6.91
MEAN      4.98  4.57  4.89  5.08  4.75  4.25  4.00  3.79  4.25  4.05  4.97  4.50
STD DEV   2.14  1.73  2.09  1.86  1.99  1.83  1.60  1.46  1.92  1.56  2.08  1.80
SKEW      0.64  0.51  0.80  0.52  0.75  1.84  0.68  0.76  0.94  0.60  0.45  0.71
% SSW     4.52  5.15  4.63  6.05  5.79  8.90  6.55  5.13  3.74  2.16  3.34  4.24
MEAN      4.96  4.68  4.96  4.91  4.48  4.20  3.95  3.58  4.66  3.88  5.06  4.79
STD DEV   1.98  1.76  1.89  1.75  1.88  1.64  1.45  1.31  1.99  1.58  2.12  1.83
SKEW      0.77  0.47  0.45  0.39  1.01  0.96  0.54  0.56  0.64  0.24  0.30  0.47
% SW      3.72  5.55  4.61  5.35  6.31 10.74 11.37  8.49  3.17  2.25  2.93  3.16
MEAN      4.31  4.57  4.47  4.33  3.61  3.81  3.52  3.54  3.51  3.56  3.66  4.22
STD DEV   2.14  1.88  2.12  1.65  1.47  1.55  1.36  1.38  1.63  1.45  1.72  1.80
SKEW      0.96  0.66  0.91  0.51  0.88  0.80  0.71  1.10  0.91  0.65  0.73  0.56
% WSW     2.33  3.05  3.03  3.46  4.06  5.81  7.55  4.90  2.07  1.26  1.44  1.95
MEAN      4.00  4.41  4.42  4.01  3.48  3.81  3.77  3.47  3.85  3.45  3.79  4.11
STD DEV   1.61  1.72  1.74  1.44  1.28  1.70  1.59  1.27  1.67  1.24  1.50  1.78
SKEW      0.79  0.56  0.60  0.47  0.75  0.94  0.76  0.45  0.67  0.24  0.60  0.75
% W       3.02  4.19  3.80  3.31  4.33  5.12  8.41  6.30  1.66  1.56  1.77  2.15
MEAN      4.33  4.62  4.45  3.93  3.34  3.66  3.66  3.49  3.38  3.51  3.36  4.33
STD DEV   2.08  2.58  2.01  1.83  1.54  1.58  1.57  1.36  1.39  1.33  1.68  1.88
SKEW      0.87  1.11  0.82  0.99  0.90  0.76  0.79  0.65  0.80  0.41  1.33  0.32
% WNW     2.55  4.02  3.15  2.12  1.87  2.48  4.56  3.50  1.37  1.60  1.86  1.98
MEAN      5.51  5.78  5.76  4.81  3.19  3.59  3.87  3.50  3.83  3.71  4.56  5.94
STD DEV   2.28  2.53  2.35  2.25  1.25  1.35  1.62  1.35  1.86  1.31  2.08  2.72
SKEW      0.14  0.64  0.40  0.43  0.71  0.59  0.62  0.51  0.64  0.57  0.38  0.49
% NW      3.35  5.01  4.31  2.78  2.56  3.03  6.16  5.22  2.26  3.04  4.06  3.88
MEAN      6.27  6.30  5.91  5.20  3.82  3.73  3.83  3.98  3.86  4.13  5.27  5.76
STD DEV   2.93  2.99  2.78  2.52  1.58  1.70  1.61  1.78  1.85  1.97  2.67  2.44
SKEW      0.38  0.62  0.51  0.49  0.54  0.93  0.67  0.48  0.60  0.81  0.41  0.21
% NNW     4.33  3.91  4.09  2.31  2.03  1.86  2.56  2.90  2.25  3.42  4.06  4.19
MEAN      7.21  6.58  6.55  5.76  4.83  3.81  4.07  3.81  4.30  4.96  6.01  6.29
STD DEV   2.82  2.67  2.90  2.72  2.19  1.47  1.57  1.57  1.78  2.26  2.67  2.71
SKEW      0.30  0.44  0.42  0.24  0.62  0.23  0.42  0.50  0.63  0.40  0.15  0.38
CALM      5.41  5.25  5.42  4.95  7.91  9.29 11.92 11.46  9.14  8.88  7.34  7.09
BURRWOOD      LA    0.593  NEW ORLEANS   LA    0.220  BILOXI        MS    0.188
 DE RIDDER LA                            162367 0
 LATT=  30.83 LONG= -93.27 YEARS= 62. TYPE= 4
 ELEVATION =  210. TP5 = 3.46 TP6= 7.99
 MEAN P   0.51  0.54  0.51  0.61  0.69  0.57  0.54  0.45  0.54  0.63  0.67  0.68
 S DEV P  0.63  0.79  0.66  0.88  1.03  0.74  0.68  0.64  0.75  0.90  0.82  0.97
 SQEW  P  2.30  3.90  2.57  2.94  3.54  2.37  2.64  4.48  3.03  2.50  1.85  3.32
 P(W/W)   0.46  0.48  0.39  0.41  0.42  0.47  0.49  0.43  0.45  0.43  0.43  0.51
 P(W/D)   0.22  0.20  0.21  0.17  0.18  0.17  0.21  0.18  0.16  0.11  0.17  0.19
 TMAX AV 60.73 64.38 71.07 78.46 84.58 90.48 92.50 92.74 88.78 81.48 70.54 63.14
 TMIN AV 39.07 41.62 47.80 55.61 62.90 68.86 71.30 70.87 65.97 55.26 46.41 40.69
 SD TMAX 11.87 10.85  9.19  6.62  5.06  4.68  4.11  4.29  5.72  7.31  9.59 10.45
 SD TMIN 11.63 10.69 10.17  8.80  6.18  4.24  3.09  3.20  6.45  9.24 10.70 10.92
 SOL.RAD  246.  297.  375.  439.  527.  539.  544.  506.  423.  372.  274.  220.
 SD SOL   50.9  64.7  78.5  95.7  90.2  97.5  89.9 204.0  87.1  48.1  46.6  50.5
 MX .5 P  1.07  0.97  1.24  1.38  2.01  1.15  1.41  1.86  1.93  1.38  1.17  1.11
 DEW PT  41.29 43.66 47.93 56.56 63.83 69.55 72.28 71.74 67.56 56.74 48.75 42.56
Time Pk  0.448 0.574 0.644 0.743 0.769 0.786 0.821 0.846 0.867 0.905 0.946 1.000
% N       9.71  9.18  8.47  6.05  5.30  4.02  3.15  4.48  8.31 10.77 11.11  9.93
MEAN      4.73  4.68  4.59  4.29  3.72  3.05  2.70  2.93  3.55  3.85  4.58  4.54
STD DEV   2.06  1.99  2.10  2.03  1.78  1.35  1.12  1.20  1.69  1.85  2.20  2.13
SKEW      0.58  0.41  0.59  0.66  0.81  0.73  0.76  1.11  0.91  0.91  0.68  0.61
% NNE     6.56  6.07  4.56  3.97  3.55  3.01  2.52  4.37  8.63  8.55  6.37  5.74
MEAN      4.55  4.47  4.36  4.24  3.70  3.19  2.95  3.05  3.72  3.89  4.48  4.41
STD DEV   1.97  1.86  1.83  1.91  1.63  1.32  1.34  1.25  1.56  1.72  2.06  1.83
SKEW      0.60  0.64  0.63  0.61  0.69  0.93  1.05  0.94  0.75  0.71  0.65  0.46
% NE      6.63  7.07  6.22  4.80  4.62  5.17  4.80  7.14 12.78 11.03  7.85  6.75
MEAN      4.16  4.07  4.05  3.81  3.46  2.94  2.91  2.98  3.51  3.48  3.86  3.85
STD DEV   1.76  1.60  1.71  1.72  1.57  1.23  1.29  1.25  1.52  1.60  1.68  1.62
SKEW      0.57  0.45  0.43  0.67  0.59  0.81  1.04  0.98  0.80  0.94  0.80  0.61
% ENE     4.82  5.43  4.61  3.64  3.88  4.27  3.70  5.98  8.76  6.16  4.99  5.06
MEAN      4.45  4.21  4.39  4.00  3.82  3.39  3.35  3.31  3.73  3.51  4.01  3.97
STD DEV   1.77  1.65  1.77  1.65  1.61  1.32  1.44  1.34  1.60  1.45  1.56  1.54
SKEW      0.50  0.56  0.50  0.66  0.72  0.73  0.92  0.90  0.97  0.69  0.58  0.40
% E       5.49  6.31  5.26  5.51  6.26  6.76  6.44  8.18 10.76  8.89  5.83  6.46
MEAN      3.81  3.99  3.97  3.79  3.52  3.19  3.25  3.19  3.51  3.31  3.60  3.58
STD DEV   1.60  1.65  1.75  1.70  1.57  1.37  1.49  1.40  1.58  1.40  1.52  1.46
SKEW      0.70  0.60  0.61  0.72  0.74  0.87  0.93  0.91  1.08  0.83  0.69  0.63
% ESE     5.90  5.69  5.10  5.54  5.75  5.67  5.33  5.69  6.60  5.84  5.10  6.69
MEAN      4.08  4.55  4.37  4.15  3.73  3.47  3.36  3.35  3.68  3.82  3.95  4.21
STD DEV   1.55  1.89  1.91  1.73  1.57  1.45  1.55  1.32  1.63  1.60  1.57  1.72
SKEW      0.52  0.51  0.81  0.81  0.78  0.88  1.13  0.79  0.92  0.78  0.62  0.59
% SE      8.99  7.23  8.33 11.51 10.11  7.85  8.18  7.12  8.06  7.55  8.52  8.57
MEAN      4.36  4.71  4.68  4.81  4.23  3.45  3.25  3.21  3.37  3.66  4.26  4.34
STD DEV   1.81  2.14  2.12  2.27  1.93  1.62  1.65  1.45  1.53  1.60  1.80  1.80
SKEW      0.65  0.70  0.64  0.80  0.59  1.08  1.27  0.96  1.01  0.67  0.59  0.53
% SSE     7.44  6.31  8.67 12.12 10.88  7.22  5.73  5.07  4.38  4.79  6.71  6.62
MEAN      4.97  5.11  5.76  5.71  5.12  3.82  3.44  3.40  3.56  4.00  4.96  4.98
STD DEV   2.10  2.19  2.52  2.47  2.19  1.68  1.61  1.49  1.50  1.78  2.21  1.96
SKEW      0.63  0.53  0.62  0.56  0.54  0.84  1.11  0.91  0.84  0.71  0.61  0.45
% S      11.87 11.30 14.86 16.74 16.07 15.86 11.53  9.15  6.46  6.44  9.35  9.84
MEAN      5.30  5.51  5.87  5.52  5.10  4.37  3.73  3.52  3.76  3.91  5.16  5.13
STD DEV   2.32  2.56  2.66  2.25  2.19  2.03  1.72  1.51  1.72  1.86  2.50  2.29
SKEW      0.56  0.62  0.67  0.47  0.38  1.25  0.96  0.78  0.87  0.88  0.53  0.49
% SSW     4.90  4.97  5.71  5.42  6.57  9.25  8.41  6.20  3.03  2.76  4.06  4.42
MEAN      5.65  5.10  5.47  5.12  4.74  4.62  4.12  3.86  3.68  3.82  4.83  4.90
STD DEV   2.52  2.25  2.32  2.16  1.90  1.91  1.70  1.68  1.67  1.78  2.44  2.22
SKEW      0.53  0.42  0.55  0.33  0.44  0.51  0.59  0.80  0.83  0.75  0.89  0.50
% SW      3.88  4.80  4.49  4.04  5.98  7.92  9.52  7.26  2.72  2.50  3.54  3.56
MEAN      4.73  4.61  4.57  4.41  3.91  3.94  3.60  3.41  3.35  3.55  4.29  4.29
STD DEV   2.46  2.22  2.06  2.04  1.84  1.77  1.57  1.51  1.44  2.07  2.30  2.18
SKEW      0.81  0.62  0.66  0.54  0.57  0.69  0.75  0.84  0.57  1.59  0.83  0.78
% WSW     1.80  2.57  2.22  1.85  2.17  3.02  4.70  3.68  1.18  1.13  1.72  2.23
MEAN      4.55  4.37  4.36  4.16  3.51  3.22  3.37  3.23  3.18  3.26  3.98  4.07
STD DEV   2.16  1.96  1.91  1.89  1.38  1.22  1.31  1.38  1.32  1.41  1.68  1.70
SKEW      0.63  0.76  0.65  0.69  0.53  0.73  0.66  0.84  0.76  0.89  0.62  0.66
% W       2.10  2.53  2.14  2.08  2.26  2.96  4.66  4.40  1.53  1.57  2.41  2.48
MEAN      4.19  3.73  4.37  3.75  3.27  3.04  3.28  3.13  2.94  3.10  3.36  3.94
STD DEV   2.02  1.75  2.09  1.69  1.39  1.27  1.35  1.28  1.35  1.43  1.38  1.91
SKEW      0.70  0.66  0.71  0.76  0.79  0.74  0.74  0.64  1.12  1.05  0.77  0.73
% WNW     2.81  3.24  2.71  2.12  1.78  1.90  2.76  2.61  0.93  1.69  2.66  3.22
MEAN      4.79  4.32  4.71  4.40  3.43  3.09  3.16  3.16  2.87  3.37  3.93  4.17
STD DEV   2.16  1.84  2.11  1.92  1.50  1.14  1.13  1.29  1.14  1.35  1.69  1.81
SKEW      0.50  0.67  0.62  0.75  1.07  0.43  0.47  0.61  1.10  0.64  0.74  0.54
% NW      4.70  5.05  4.65  3.93  2.59  2.32  3.14  2.96  1.78  3.16  5.04  5.27
MEAN      4.77  4.73  4.83  4.51  3.50  2.96  2.96  2.97  2.98  3.54  4.10  4.37
STD DEV   2.32  2.12  2.21  2.15  1.53  1.27  1.17  1.16  1.33  1.75  1.96  2.09
SKEW      0.61  0.52  0.44  0.59  0.90  0.72  0.66  0.53  0.96  1.29  0.70  0.63
% NNW     6.73  6.42  5.78  3.78  2.94  1.92  1.79  2.20  2.05  3.98  6.01  5.89
MEAN      5.03  5.18  5.19  4.82  3.97  3.14  2.97  2.91  3.01  3.86  4.83  4.83
STD DEV   2.10  2.07  2.13  2.15  1.68  1.17  1.26  1.13  1.32  1.73  2.15  2.15
SKEW      0.49  0.34  0.36  0.40  0.64  0.70  0.81  0.75  0.83  0.85  0.49  0.54
CALM      5.68  5.77  6.25  6.87  9.43 10.94 13.66 13.53 12.02 13.15  8.72  7.22
LAKE CHARLES  LA    0.543  LAFAYETTE     LA    0.265  SHREVEPORT    LA    0.191
 HACKBERRY 8 SSW LA                      163979 0
 LATT=  29.88 LONG= -93.42 YEARS= 44. TYPE= 4
 ELEVATION =   10. TP5 = 3.56 TP6= 8.31
 MEAN P   0.36  0.37  0.37  0.51  0.59  0.61  0.68  0.50  0.51  0.53  0.43  0.37
 S DEV P  0.57  0.57  0.62  0.81  0.89  0.97  2.73  0.82  0.92  0.89  0.68  0.60
 SQEW  P  2.94  2.57  3.98  2.75  2.91  3.37 18.64  4.92  3.80  2.84  2.56  3.22
 P(W/W)   0.57  0.49  0.43  0.44  0.47  0.49  0.56  0.59  0.55  0.49  0.50  0.54
 P(W/D)   0.31  0.29  0.25  0.18  0.18  0.20  0.31  0.25  0.22  0.15  0.24  0.31
 TMAX AV 59.37 62.66 68.91 76.00 82.52 87.99 89.97 90.05 86.69 79.61 70.14 62.74
 TMIN AV 42.46 45.68 52.18 60.75 67.86 73.45 74.54 74.04 70.52 60.84 51.45 45.02
 SD TMAX 10.65  9.40  7.36  5.28  4.16  3.36  3.15  3.37  4.39  6.23  8.63  9.21
 SD TMIN 10.71  9.80  9.34  8.12  6.03  4.51  3.30  3.52  6.11  8.87 10.39 10.18
 SOL.RAD  259.  307.  379.  442.  531.  551.  558.  517.  435.  383.  281.  231.
 SD SOL   46.2  60.0  74.5  90.6  84.8  88.5  81.6 176.2  80.2  43.9  43.7  46.3
 MX .5 P  1.06  0.84  1.27  1.40  2.12  1.07  1.44  1.89  1.79  1.54  1.32  1.17
 DEW PT  45.94 48.14 51.35 58.68 66.35 71.27 73.41 73.07 69.27 59.09 50.55 46.55
Time Pk  0.426 0.547 0.624 0.719 0.750 0.772 0.818 0.842 0.858 0.899 0.937 1.000
% N      10.79  9.69  8.97  6.22  5.50  3.72  3.03  4.19  8.07 11.17 11.98 11.06
MEAN      5.31  5.32  5.17  4.93  4.17  3.36  2.91  3.16  3.92  4.32  5.15  5.07
STD DEV   2.30  2.28  2.39  2.30  1.93  1.50  1.15  1.25  1.91  2.05  2.42  2.42
SKEW      0.47  0.38  0.62  0.61  0.74  0.76  0.69  1.10  1.25  0.91  0.56  0.61
% NNE     6.81  6.29  4.86  4.09  3.44  2.84  2.20  4.09  8.44  9.20  7.31  6.43
MEAN      4.91  4.96  4.82  4.65  4.13  3.47  3.11  3.16  4.02  4.27  4.89  4.75
STD DEV   2.12  2.06  2.02  2.03  1.73  1.38  1.42  1.22  1.70  1.91  2.28  2.01
SKEW      0.58  0.62  0.62  0.53  0.64  0.84  1.18  0.81  0.90  0.72  0.64  0.47
% NE      6.88  7.44  6.43  4.77  4.52  5.04  4.34  7.01 13.08 11.78  8.75  7.15
MEAN      4.48  4.50  4.40  4.21  3.85  3.25  3.08  3.16  3.91  3.82  4.30  4.12
STD DEV   1.91  1.73  1.81  1.83  1.66  1.30  1.40  1.28  1.73  1.70  1.92  1.82
SKEW      0.57  0.38  0.39  0.63  0.55  0.73  1.15  1.01  1.00  0.88  0.83  0.69
% ENE     5.40  5.79  4.80  3.57  3.70  3.96  3.30  5.78  8.89  6.62  5.47  5.49
MEAN      4.85  4.71  4.80  4.39  4.26  3.76  3.46  3.60  4.13  3.86  4.43  4.27
STD DEV   1.93  1.77  1.91  1.78  1.75  1.45  1.52  1.39  1.83  1.56  1.78  1.68
SKEW      0.49  0.56  0.44  0.63  0.64  0.68  0.95  0.80  1.26  0.65  0.69  0.46
% E       6.30  6.98  5.74  5.76  6.01  6.27  5.90  7.94 10.83  9.00  6.74  7.25
MEAN      4.24  4.40  4.32  4.23  3.99  3.54  3.51  3.61  3.95  3.70  3.97  3.94
STD DEV   1.83  1.72  1.80  1.85  1.70  1.44  1.65  1.49  1.81  1.52  1.70  1.59
SKEW      0.95  0.51  0.56  0.73  0.63  0.74  1.13  0.82  1.40  0.82  0.70  0.62
% ESE     6.96  6.69  6.44  7.14  6.14  5.81  5.08  5.84  7.47  6.59  5.90  7.42
MEAN      4.45  4.87  4.75  4.59  4.28  3.95  3.69  3.73  4.05  4.19  4.28  4.59
STD DEV   1.69  1.97  1.97  1.79  1.69  1.56  1.65  1.35  1.78  1.65  1.69  1.84
SKEW      0.59  0.54  0.80  0.71  0.72  0.82  1.28  0.63  1.36  0.70  0.65  0.61
% SE      9.57  8.14 10.03 13.77 12.15  9.35  8.34  7.64  9.01  8.42  8.83  8.97
MEAN      4.60  5.03  5.01  5.21  4.83  3.96  3.65  3.58  3.69  4.06  4.53  4.61
STD DEV   1.83  2.19  2.16  2.32  2.08  1.75  1.75  1.50  1.59  1.69  1.84  1.86
SKEW      0.58  0.65  0.61  0.70  0.53  1.08  1.78  0.85  0.94  0.62  0.66  0.54
% SSE     6.82  6.08  8.75 12.27 12.17  9.05  6.64  5.22  4.73  4.68  6.03  5.88
MEAN      5.19  5.35  5.94  5.97  5.51  4.28  3.85  3.72  3.83  4.24  5.14  5.13
STD DEV   2.11  2.20  2.50  2.48  2.20  1.76  1.70  1.52  1.54  1.77  2.21  1.94
SKEW      0.62  0.54  0.56  0.53  0.46  0.80  1.45  0.80  0.85  0.67  0.61  0.36
% S      10.46 10.80 13.88 15.52 16.53 17.64 14.32 10.66  7.15  6.60  8.68  8.82
MEAN      5.31  5.59  5.91  5.64  5.39  4.71  4.16  3.86  4.00  4.11  5.37  5.20
STD DEV   2.27  2.54  2.63  2.22  2.19  2.05  1.82  1.53  1.76  1.92  2.54  2.24
SKEW      0.52  0.59  0.63  0.44  0.30  1.10  1.10  0.65  0.83  0.96  0.52  0.40
% SSW     4.70  4.67  5.48  5.28  6.45  9.15  9.20  7.13  3.13  2.75  3.87  4.21
MEAN      5.68  5.30  5.58  5.45  5.06  4.98  4.56  4.31  4.12  4.04  5.15  5.04
STD DEV   2.45  2.28  2.33  2.22  1.94  1.98  1.83  1.77  2.07  1.89  2.58  2.21
SKEW      0.46  0.32  0.47  0.36  0.33  0.36  0.52  0.66  1.17  0.75  0.86  0.42
% SW      4.07  4.91  4.52  3.94  5.64  7.49  9.50  7.54  2.78  2.55  3.53  3.69
MEAN      4.89  4.83  4.73  4.51  4.04  4.09  3.85  3.69  3.51  3.83  4.51  4.57
STD DEV   2.62  2.33  2.14  2.08  1.89  1.88  1.70  1.63  1.57  2.32  2.41  2.28
SKEW      0.86  0.59  0.71  0.55  0.55  0.70  0.68  0.85  0.56  1.76  0.80  0.71
% WSW     1.73  2.34  1.86  1.56  1.98  2.72  4.28  3.62  1.14  1.06  1.61  2.08
MEAN      4.47  4.34  4.27  4.07  3.46  3.23  3.48  3.34  3.33  3.39  4.01  4.11
STD DEV   2.13  1.95  1.93  1.86  1.32  1.22  1.33  1.45  1.43  1.60  1.67  1.76
SKEW      0.67  0.78  0.70  0.78  0.48  0.71  0.68  0.91  0.72  0.93  0.68  0.64
% W       1.83  2.22  1.67  1.64  2.01  2.67  4.54  4.29  1.47  1.36  2.11  2.20
MEAN      4.21  3.73  4.55  3.84  3.41  3.10  3.35  3.22  3.05  3.11  3.37  4.04
STD DEV   1.99  1.73  2.21  1.72  1.45  1.34  1.34  1.31  1.46  1.42  1.39  1.97
SKEW      0.70  0.66  0.69  0.74  0.87  0.80  0.73  0.69  1.29  1.09  0.79  0.73
% WNW     2.40  2.84  2.12  1.70  1.53  1.72  2.86  2.78  0.99  1.35  2.20  2.63
MEAN      5.08  4.63  5.02  4.61  3.44  3.13  3.39  3.29  3.01  3.34  4.25  4.18
STD DEV   2.37  2.02  2.35  1.99  1.50  1.10  1.21  1.27  1.12  1.33  2.06  1.85
SKEW      0.51  0.71  0.62  0.68  1.14  0.40  0.47  0.56  0.78  0.59  1.00  0.56
% NW      4.15  4.66  3.97  3.62  2.39  2.26  3.18  3.10  1.66  2.71  4.61  5.03
MEAN      5.13  5.19  5.20  4.86  3.69  3.15  3.19  3.11  3.11  3.62  4.40  4.61
STD DEV   2.51  2.30  2.36  2.29  1.63  1.38  1.25  1.18  1.35  1.83  2.19  2.19
SKEW      0.59  0.46  0.44  0.59  0.89  0.71  0.78  0.59  0.81  1.33  0.80  0.63
% NNW     6.63  5.86  5.27  3.45  2.61  1.68  1.65  2.05  1.77  3.67  5.56  5.69
MEAN      5.84  5.86  5.89  5.62  4.21  3.38  3.09  3.06  3.37  4.24  5.55  5.45
STD DEV   2.39  2.33  2.40  2.42  1.78  1.30  1.26  1.14  1.49  1.93  2.46  2.41
SKEW      0.35  0.32  0.30  0.25  0.66  0.79  0.62  0.68  0.80  0.83  0.38  0.47
CALM      4.49  4.51  5.21  5.64  7.36  8.70 11.65 11.13  9.39 10.47  6.82  5.93
LAKE CHARLES  LA    0.619  LAFAYETTE     LA    0.198  GALVESTON     TX    0.183
 HAMMOND 3 NW LA                         164034 0
 LATT=  30.53 LONG= -90.48 YEARS= 39. TYPE= 4
 ELEVATION =   40. TP5 = 3.37 TP6= 8.18
 MEAN P   0.47  0.64  0.61  0.80  0.65  0.47  0.52  0.43  0.54  0.54  0.56  0.60
 S DEV P  0.60  0.81  0.79  1.19  0.95  0.69  0.60  0.57  0.81  0.75  0.70  0.83
 SQEW  P  2.19  2.16  2.61  2.65  3.38  4.54  2.33  3.11  3.60  2.47  1.83  3.01
 P(W/W)   0.44  0.45  0.38  0.39  0.47  0.54  0.55  0.51  0.53  0.47  0.42  0.45
 P(W/D)   0.27  0.26  0.25  0.20  0.19  0.23  0.39  0.31  0.22  0.13  0.21  0.27
 TMAX AV 61.90 65.82 72.62 79.73 85.93 91.51 92.46 91.98 88.22 80.62 70.70 63.96
 TMIN AV 39.28 41.79 47.73 55.17 61.62 67.46 70.40 69.95 66.02 54.92 46.49 41.31
 SD TMAX 11.54 10.43  8.47  5.99  5.06  4.48  3.87  4.02  5.08  6.78  8.62  9.64
 SD TMIN 12.44 11.43 10.92  9.32  6.45  4.53  2.59  2.97  5.97  9.78 11.49 11.76
 SOL.RAD  215.  261.  337.  418.  467.  460.  440.  432.  406.  359.  276.  201.
 SD SOL   59.4  74.4  88.3  98.7 106.1 118.1 119.7 221.7  88.4  50.8  44.7  55.3
 MX .5 P  1.35  1.03  1.05  1.71  1.56  1.32  2.19  1.84  1.95  1.33  1.89  1.13
 DEW PT  44.19 46.04 49.43 57.19 63.90 70.48 72.71 72.09 68.34 57.58 48.67 44.28
Time Pk  0.432 0.555 0.638 0.734 0.768 0.786 0.821 0.844 0.862 0.907 0.950 1.000
% N       9.25  8.23  6.85  5.49  5.29  4.46  3.63  5.23  7.36  9.26  9.17  8.52
MEAN      5.01  4.67  4.64  4.26  3.82  3.26  2.88  3.06  3.65  3.92  4.51  4.66
STD DEV   2.02  1.97  2.03  1.94  1.77  1.41  1.14  1.27  1.68  1.88  2.00  2.11
SKEW      0.19  0.35  0.47  0.50  0.71  0.91  0.71  0.77  0.76  0.75  0.58  0.56
% NNE     7.71  7.34  6.33  5.19  4.91  4.02  3.29  5.26 10.01 10.34  8.75  7.74
MEAN      4.50  4.50  4.33  4.22  3.66  3.27  3.00  3.13  3.70  3.79  4.22  4.41
STD DEV   1.80  1.77  1.83  1.89  1.64  1.40  1.28  1.35  1.71  1.73  1.90  1.94
SKEW      0.36  0.36  0.55  0.58  0.71  0.66  0.92  0.83  0.79  0.86  0.51  0.63
% NE      5.79  7.10  6.16  4.12  5.08  4.92  4.10  6.76 11.56 10.20  7.41  6.52
MEAN      3.97  4.00  3.93  3.66  3.37  3.14  2.85  3.03  3.61  3.40  3.60  3.68
STD DEV   1.64  1.60  1.61  1.65  1.45  1.35  1.24  1.28  1.62  1.58  1.61  1.57
SKEW      0.50  0.48  0.46  0.63  0.74  0.84  0.88  0.81  0.77  1.13  0.75  0.55
% ENE     5.04  5.64  4.94  4.02  4.47  4.07  3.98  6.08 10.11  8.50  6.14  5.65
MEAN      3.72  3.95  3.85  3.60  3.52  3.22  3.06  3.23  3.79  3.53  3.48  3.58
STD DEV   1.47  1.63  1.64  1.49  1.47  1.42  1.41  1.39  1.72  1.54  1.43  1.42
SKEW      0.57  0.68  0.59  0.74  0.64  0.77  1.28  0.85  0.83  0.85  0.59  0.59
% E       6.09  5.80  5.68  5.44  6.15  5.52  5.67  6.36  9.53  8.07  6.47  7.05
MEAN      3.35  3.56  3.42  3.47  3.34  2.99  2.90  3.02  3.39  3.29  3.27  3.36
STD DEV   1.38  1.49  1.43  1.51  1.46  1.33  1.31  1.36  1.55  1.44  1.46  1.40
SKEW      0.81  0.78  0.75  0.69  0.84  1.06  0.96  0.97  0.88  0.78  0.83  0.75
% ESE     5.05  4.65  5.70  5.94  5.78  4.60  4.41  4.13  5.93  5.67  5.19  6.10
MEAN      3.62  4.06  3.88  3.73  3.57  3.27  3.06  3.02  3.40  3.58  3.51  3.77
STD DEV   1.36  1.74  1.54  1.52  1.47  1.38  1.37  1.35  1.49  1.53  1.35  1.55
SKEW      0.60  0.62  0.56  0.56  0.70  0.82  1.00  0.99  0.92  0.70  0.60  0.58
% SE      5.81  5.16  6.56  8.76  7.02  6.21  5.47  4.55  5.45  4.85  5.84  5.90
MEAN      3.54  3.91  3.97  3.92  3.65  3.19  3.01  2.86  3.06  3.28  3.59  3.80
STD DEV   1.40  1.68  1.71  1.70  1.55  1.43  1.36  1.24  1.44  1.47  1.47  1.71
SKEW      0.59  0.54  0.53  0.60  0.57  0.83  1.03  1.01  1.11  0.88  0.59  0.75
% SSE    10.04  7.44  9.34 12.25  9.59  6.89  6.03  4.51  4.62  4.77  7.10  7.97
MEAN      4.27  4.40  4.67  4.55  4.17  3.49  3.20  3.07  3.32  3.52  4.15  4.19
STD DEV   1.82  1.87  2.08  1.95  1.76  1.44  1.33  1.32  1.44  1.51  1.78  1.85
SKEW      0.77  0.71  0.71  0.72  0.53  0.79  0.81  0.86  0.96  0.75  0.52  0.70
% S       9.71  8.57 10.44 12.63 10.83  8.95  7.44  5.42  4.01  3.63  6.06  7.80
MEAN      4.42  4.66  4.91  4.65  4.30  3.51  3.13  2.99  3.25  3.17  4.10  4.50
STD DEV   1.84  2.10  2.12  1.92  1.82  1.48  1.36  1.28  1.40  1.44  1.87  1.97
SKEW      0.49  0.61  0.48  0.50  0.50  0.88  0.89  0.83  0.97  0.91  0.82  0.48
% SSW     7.81  7.24  8.41  7.55  7.59  8.89  7.90  5.66  3.20  2.62  4.63  5.15
MEAN      4.93  5.03  5.17  4.52  4.13  3.66  3.24  3.03  3.26  3.27  4.37  4.51
STD DEV   2.00  2.18  2.09  1.84  1.72  1.48  1.37  1.32  1.42  1.56  1.98  1.96
SKEW      0.39  0.47  0.36  0.38  0.64  0.62  0.69  0.95  0.81  0.98  0.46  0.47
% SW      2.93  4.89  3.87  4.11  5.26  7.01  7.03  5.59  1.95  1.78  2.44  3.03
MEAN      4.40  4.55  4.51  4.00  3.59  3.36  3.19  3.01  2.85  3.01  3.61  4.00
STD DEV   1.84  2.07  1.97  1.78  1.60  1.43  1.41  1.30  1.25  1.46  1.67  1.94
SKEW      0.34  0.62  0.43  0.55  0.75  0.68  0.89  0.97  0.62  0.85  0.63  0.70
% WSW     2.43  3.50  3.09  2.75  3.66  5.30  6.32  4.82  1.73  1.71  2.44  2.50
MEAN      3.96  4.18  4.37  3.77  3.35  3.36  3.26  3.09  3.04  2.99  3.48  3.65
STD DEV   1.89  1.83  1.93  1.71  1.48  1.42  1.38  1.22  1.40  1.32  1.52  1.84
SKEW      0.72  0.60  0.49  0.57  0.77  0.69  0.73  0.88  0.92  0.96  0.83  1.00
% W       2.65  3.60  3.00  2.82  3.53  5.44  7.16  6.00  2.14  2.48  3.04  3.11
MEAN      3.78  4.05  3.89  3.73  3.12  3.08  3.04  2.95  2.72  2.83  3.21  3.57
STD DEV   1.85  1.92  1.89  2.12  1.44  1.34  1.37  1.23  1.24  1.24  1.57  1.77
SKEW      0.66  0.67  0.83  1.05  0.67  0.75  0.83  0.74  1.00  0.67  1.14  1.00
% WNW     2.53  3.13  3.15  2.41  2.34  3.03  3.71  3.74  1.56  2.01  2.70  2.85
MEAN      4.64  4.70  4.79  4.37  3.34  3.27  3.21  3.18  2.98  3.21  3.99  4.33
STD DEV   2.17  2.04  2.10  2.06  1.48  1.40  1.32  1.24  1.32  1.43  1.85  2.03
SKEW      0.55  0.52  0.36  0.39  0.69  0.55  0.68  0.52  0.94  0.85  0.64  0.56
% NW      4.34  5.20  4.29  3.77  3.59  3.27  3.90  4.00  2.16  3.20  4.79  5.38
MEAN      5.05  4.91  5.06  4.34  3.52  3.16  3.04  3.06  3.22  3.60  4.33  4.74
STD DEV   2.31  2.16  2.28  2.09  1.64  1.40  1.28  1.36  1.50  1.78  2.08  2.24
SKEW      0.43  0.35  0.26  0.70  0.77  0.84  0.69  0.76  0.67  0.69  0.66  0.49
% NNW     6.23  5.97  5.55  4.51  3.52  2.97  2.68  3.64  3.13  5.27  6.43  5.99
MEAN      5.45  5.36  5.24  4.70  4.25  3.35  3.24  3.27  3.60  4.30  5.01  5.07
STD DEV   2.28  2.25  2.23  2.00  1.92  1.40  1.34  1.36  1.65  2.02  2.15  2.21
SKEW      0.43  0.27  0.24  0.42  0.60  0.56  0.50  0.62  0.92  0.58  0.33  0.43
CALM      6.58  6.52  6.65  8.24 11.40 14.55 17.33 18.28 15.61 15.65 11.41  8.70
BATON ROUGE   LA    0.360  NEW ORLEANS   LA    0.358  MCCOMB        MS    0.282
 HOUMA 1 LA                              164407 0
 LATT=  29.58 LONG= -90.73 YEARS= 62. TYPE= 4
 ELEVATION =   10. TP5 = 3.45 TP6= 8.50
 MEAN P   0.51  0.56  0.59  0.74  0.68  0.58  0.50  0.46  0.62  0.60  0.56  0.54
 S DEV P  0.72  0.77  0.84  1.01  1.06  0.77  0.63  0.57  0.94  0.95  0.84  0.76
 SQEW  P  3.23  2.80  2.74  2.54  4.39  2.92  2.97  2.34  3.80  3.11  3.62  2.74
 P(W/W)   0.42  0.39  0.36  0.34  0.44  0.53  0.62  0.64  0.57  0.44  0.38  0.43
 P(W/D)   0.25  0.24  0.22  0.17  0.18  0.26  0.40  0.38  0.24  0.12  0.20  0.23
 TMAX AV 64.59 67.21 72.34 78.99 84.86 89.66 90.77 90.74 87.58 81.24 72.62 66.76
 TMIN AV 44.40 46.77 52.28 59.01 65.43 70.49 72.41 72.04 68.81 58.46 50.40 45.83
 SD TMAX 10.66  9.27  7.90  5.63  4.30  3.39  3.42  3.48  4.75  6.25  8.46  9.67
 SD TMIN 11.86 10.56 10.13  8.33  5.68  3.78  2.20  2.52  5.35  8.89 11.12 11.28
 SOL.RAD  214.  259.  335.  412.  449.  443.  417.  416.  383.  357.  278.  198.
 SD SOL   59.8  74.6  87.9  98.9 109.8 121.3 124.8 221.7  94.5  51.4  44.2  56.4
 MX .5 P  1.39  1.05  1.05  1.54  1.59  1.34  2.15  1.97  2.01  1.42  2.15  1.16
 DEW PT  45.19 47.19 50.79 58.19 65.19 71.19 73.00 72.60 69.19 58.79 50.39 45.79
Time Pk  0.403 0.526 0.604 0.703 0.738 0.758 0.797 0.824 0.844 0.896 0.937 1.000
% N      10.11  8.65  7.10  5.14  4.57  3.47  3.51  4.70  6.20  9.34  9.85  9.32
MEAN      5.90  5.72  5.43  4.98  4.43  3.61  3.36  3.43  4.21  4.68  5.65  5.44
STD DEV   2.59  2.62  2.53  2.45  2.09  1.59  1.45  1.54  1.92  2.21  2.70  2.53
SKEW      0.23  0.29  0.49  0.55  0.66  0.65  0.58  0.70  0.64  0.59  0.46  0.47
% NNE     7.78  6.10  4.90  3.78  3.75  3.13  2.50  3.85  6.65  9.13  7.88  8.20
MEAN      5.52  5.26  4.99  4.94  4.22  3.68  3.26  3.58  4.36  4.56  5.20  5.24
STD DEV   2.34  2.21  2.22  2.43  1.90  1.65  1.45  1.54  1.98  2.07  2.44  2.46
SKEW      0.30  0.38  0.57  0.68  0.54  0.71  0.63  0.75  0.65  0.62  0.51  0.48
% NE     11.37 10.32  7.57  4.83  5.06  4.35  4.05  6.19 11.27 13.31 11.90 10.84
MEAN      4.69  4.70  4.73  4.46  4.02  3.46  3.30  3.53  4.31  4.40  4.50  4.42
STD DEV   2.15  2.05  2.04  2.08  1.91  1.48  1.44  1.51  1.89  1.97  2.13  2.04
SKEW      0.58  0.54  0.43  0.60  0.71  0.52  0.68  0.61  0.56  0.73  0.68  0.66
% ENE     7.06  6.37  5.85  4.07  4.48  3.64  3.07  4.94 10.05  8.97  7.00  7.25
MEAN      4.28  4.58  4.53  4.30  4.16  3.64  3.33  3.71  4.30  4.22  4.13  4.18
STD DEV   1.69  1.94  1.90  1.83  1.90  1.67  1.41  1.64  1.90  1.81  1.73  1.69
SKEW      0.55  0.56  0.44  0.49  0.64  0.73  0.73  0.78  0.90  0.68  0.61  0.47
% E       6.93  6.65  6.43  5.78  6.03  4.81  4.42  6.28 10.13  8.88  7.20  7.28
MEAN      3.84  4.02  4.07  4.00  3.76  3.45  3.34  3.46  4.03  3.95  3.87  3.69
STD DEV   1.66  1.78  1.76  1.74  1.65  1.53  1.43  1.54  1.89  1.72  1.63  1.64
SKEW      0.83  0.63  0.59  0.55  0.75  0.84  0.78  0.84  0.79  0.74  0.60  0.84
% ESE     4.79  4.69  5.48  6.34  5.83  4.90  3.44  4.42  6.61  5.35  5.05  5.19
MEAN      3.98  4.37  4.40  4.23  3.96  3.82  3.31  3.55  4.15  3.96  3.91  4.06
STD DEV   1.58  1.90  1.84  1.75  1.65  1.62  1.42  1.67  1.91  1.62  1.52  1.86
SKEW      0.60  0.43  0.55  0.66  0.60  0.59  0.78  1.04  0.95  0.80  0.47  0.76
% SE      6.10  5.80  8.64 11.23  9.18  7.62  5.94  6.36  7.98  6.50  6.64  6.26
MEAN      3.85  4.30  4.41  4.38  4.25  3.60  3.40  3.38  3.72  3.86  4.14  4.09
STD DEV   1.65  1.94  1.90  1.96  1.88  1.57  1.54  1.48  1.75  1.68  1.69  1.87
SKEW      0.71  0.63  0.71  0.78  0.63  0.80  0.88  1.03  1.10  0.77  0.55  0.67
% SSE     6.15  5.54  7.79 11.76 10.95  7.31  4.91  5.22  4.73  3.85  5.53  5.44
MEAN      4.58  4.85  5.10  4.94  4.77  3.91  3.63  3.49  4.11  4.02  4.72  4.46
STD DEV   2.00  2.13  2.35  2.09  1.98  1.69  1.55  1.54  2.04  1.71  2.01  1.93
SKEW      0.52  0.63  0.90  0.63  0.47  0.84  0.73  0.82  1.12  0.52  0.51  0.63
% S       8.09  8.74 10.93 14.85 13.66 12.77  9.54  7.95  6.03  3.91  6.73  7.65
MEAN      4.81  4.87  5.21  5.06  4.70  4.02  3.60  3.40  3.78  3.65  4.75  4.66
STD DEV   2.14  2.18  2.37  2.11  2.11  1.80  1.59  1.45  1.75  1.59  2.20  2.05
SKEW      0.53  0.58  0.64  0.48  0.59  1.17  0.84  0.74  0.92  0.75  0.56  0.61
% SSW     4.65  5.35  5.46  5.82  5.96  8.54  7.14  5.17  2.90  1.82  3.35  4.11
MEAN      5.05  4.87  5.08  4.70  4.33  3.95  3.59  3.34  3.86  3.60  4.64  4.67
STD DEV   2.18  2.11  2.16  1.92  1.90  1.61  1.47  1.36  1.78  1.77  2.15  2.04
SKEW      0.62  0.50  0.46  0.39  0.86  0.76  0.60  0.68  0.89  0.85  0.59  0.52
% SW      3.29  4.80  4.31  4.56  5.42  8.17  9.35  6.90  2.57  1.84  2.56  2.85
MEAN      4.21  4.43  4.51  4.03  3.41  3.48  3.21  3.16  3.04  3.23  3.65  4.00
STD DEV   2.11  2.04  2.09  1.82  1.57  1.53  1.37  1.36  1.42  1.63  1.83  1.91
SKEW      0.75  0.66  0.68  0.54  0.84  0.84  0.76  1.10  0.83  0.96  0.75  0.60
% WSW     2.15  2.76  2.76  2.73  3.28  4.71  6.15  4.11  1.75  1.23  1.63  1.90
MEAN      3.99  4.26  4.33  3.94  3.29  3.39  3.33  3.15  3.32  3.11  3.55  3.91
STD DEV   1.81  1.85  1.92  1.79  1.37  1.54  1.41  1.29  1.53  1.33  1.57  1.84
SKEW      0.62  0.66  0.62  0.60  0.78  0.86  0.69  0.77  0.76  0.65  0.67  0.82
% W       2.73  3.68  3.27  2.78  3.44  4.70  7.21  5.39  1.94  1.85  2.32  2.49
MEAN      4.22  4.41  4.31  3.80  3.16  3.27  3.22  3.08  2.98  3.08  3.32  3.98
STD DEV   2.04  2.33  2.12  2.00  1.56  1.47  1.46  1.30  1.41  1.37  1.63  1.87
SKEW      0.68  0.83  0.73  1.10  1.01  0.81  0.95  0.89  1.19  0.85  1.06  0.61
% WNW     2.44  3.41  3.10  2.09  1.86  2.36  4.05  3.29  1.39  1.64  2.23  2.28
MEAN      4.92  5.13  5.12  4.47  3.20  3.30  3.40  3.16  3.20  3.50  4.20  4.97
STD DEV   2.20  2.34  2.17  2.13  1.40  1.36  1.44  1.32  1.51  1.46  2.02  2.26
SKEW      0.30  0.62  0.32  0.52  0.84  0.65  0.69  0.60  0.83  0.77  0.64  0.43
% NW      3.61  4.51  4.22  2.77  2.46  2.80  4.49  4.00  2.05  2.90  3.95  4.23
MEAN      5.62  5.60  5.49  4.89  3.70  3.46  3.39  3.44  3.44  3.91  4.94  5.20
STD DEV   2.65  2.62  2.55  2.35  1.68  1.60  1.48  1.58  1.73  2.02  2.56  2.31
SKEW      0.43  0.44  0.34  0.45  0.71  0.84  0.67  0.69  0.76  0.84  0.58  0.28
% NNW     5.62  5.42  4.87  3.15  2.64  2.21  2.47  2.85  2.46  4.16  5.17  5.34
MEAN      6.34  5.98  5.92  5.38  4.53  3.51  3.65  3.52  3.87  4.59  5.64  5.75
STD DEV   2.56  2.49  2.54  2.55  2.09  1.39  1.49  1.48  1.72  2.13  2.58  2.52
SKEW      0.22  0.35  0.31  0.28  0.74  0.28  0.42  0.49  0.63  0.41  0.29  0.35
CALM      7.05  7.18  7.35  8.30 11.42 14.57 17.84 18.39 15.32 15.28 11.06  9.28
NEW ORLEANS   LA    0.587  BURRWOOD      LA    0.257  LAKE CHARLES  LA    0.156
 LAKE CHARLES WSO AP                     165078 0
 LATT=  30.12 LONG= -93.22 YEARS= 30. TYPE= 4
 ELEVATION =   10. TP5 = 3.52 TP6= 8.21
 MEAN P   0.51  0.42  0.42  0.52  0.70  0.64  0.47  0.48  0.57  0.63  0.51  0.54
 S DEV P  0.68  0.56  0.59  0.84  0.98  0.93  0.76  0.73  0.92  0.89  0.69  0.85
 SQEW  P  2.60  2.11  2.52  2.95  2.39  2.95  3.85  3.88  3.29  2.16  2.29  3.47
 P(W/W)   0.43  0.41  0.35  0.38  0.46  0.50  0.44  0.49  0.51  0.43  0.36  0.47
 P(W/D)   0.25  0.24  0.22  0.18  0.18  0.20  0.29  0.27  0.22  0.14  0.22  0.23
 TMAX AV 59.55 63.20 70.56 77.97 83.89 88.84 90.76 90.76 87.12 80.51 71.03 63.25
 TMIN AV 41.31 43.89 50.68 58.90 65.85 71.69 73.71 73.12 68.74 58.07 50.03 43.91
 SD TMAX 11.18  9.81  7.70  5.76  4.38  3.76  3.56  3.51  4.81  6.46  9.26 10.24
 SD TMIN 10.46  9.56  9.38  8.22  5.40  3.88  2.46  2.85  5.93  8.64 10.05 10.56
 SOL.RAD  253.  302.  376.  439.  526.  542.  547.  509.  429.  378.  279.  226.
 SD SOL   48.6  62.6  76.9  93.1  88.4  93.6  87.0 190.5  83.5  45.8  44.8  48.4
 MX .5 P  1.06  0.89  1.25  1.41  2.07  1.08  1.45  1.87  1.88  1.47  1.28  1.15
 DEW PT  45.95 48.02 51.08 58.21 66.08 71.08 73.13 73.01 69.08 58.34 50.15 46.15
Time Pk  0.416 0.542 0.617 0.712 0.745 0.768 0.809 0.834 0.851 0.889 0.932 1.000
% N      11.29 10.19  8.98  6.55  5.99  4.16  3.38  4.45  8.53 11.84 12.44 11.30
MEAN      5.14  5.07  4.92  4.58  3.89  3.11  2.67  2.91  3.67  4.04  4.85  4.84
STD DEV   2.18  2.16  2.25  2.21  1.82  1.36  1.07  1.16  1.76  1.95  2.36  2.29
SKEW      0.47  0.42  0.57  0.69  0.80  0.78  0.91  1.34  1.05  0.99  0.70  0.67
% NNE     6.67  6.10  4.69  4.17  3.76  3.35  2.47  4.46  8.62  9.15  6.81  5.94
MEAN      4.79  4.73  4.58  4.37  3.84  3.28  2.94  3.00  3.79  4.06  4.63  4.64
STD DEV   2.05  1.99  1.97  2.00  1.68  1.35  1.41  1.18  1.59  1.81  2.14  1.92
SKEW      0.59  0.69  0.72  0.62  0.76  1.03  1.42  1.05  0.82  0.75  0.67  0.48
% NE      7.00  7.37  6.39  4.65  4.73  5.41  4.68  7.52 13.05 11.81  8.56  7.02
MEAN      4.34  4.26  4.23  3.97  3.67  3.07  2.96  3.03  3.62  3.63  3.99  3.92
STD DEV   1.84  1.65  1.79  1.76  1.67  1.24  1.32  1.23  1.58  1.63  1.73  1.69
SKEW      0.57  0.44  0.50  0.72  0.67  0.84  1.24  1.17  0.83  0.92  0.74  0.72
% ENE     5.64  6.06  4.92  3.77  4.17  4.33  3.79  6.60  9.40  6.99  5.58  5.69
MEAN      4.66  4.53  4.66  4.23  4.11  3.58  3.32  3.44  3.88  3.71  4.22  4.18
STD DEV   1.82  1.75  1.89  1.72  1.71  1.36  1.35  1.32  1.68  1.50  1.67  1.61
SKEW      0.53  0.68  0.57  0.73  0.77  0.82  0.95  0.87  1.19  0.78  0.73  0.42
% E       6.37  6.62  5.39  5.27  5.89  6.12  6.14  7.90 10.40  8.72  6.50  7.09
MEAN      4.06  4.24  4.22  4.06  3.86  3.41  3.46  3.37  3.71  3.60  3.87  3.80
STD DEV   1.65  1.70  1.85  1.85  1.66  1.38  1.51  1.41  1.59  1.48  1.65  1.54
SKEW      0.85  0.54  0.67  0.87  0.73  0.85  0.96  0.90  1.06  0.90  0.79  0.72
% ESE     6.90  6.36  5.80  6.28  5.66  5.71  5.32  5.82  6.81  6.05  5.96  7.64
MEAN      4.37  4.88  4.75  4.56  4.11  3.78  3.58  3.58  4.03  4.16  4.19  4.57
STD DEV   1.65  2.07  2.04  1.90  1.72  1.53  1.63  1.37  1.73  1.68  1.62  1.87
SKEW      0.60  0.56  0.89  0.76  0.79  0.83  1.32  0.72  0.84  0.85  0.66  0.65
% SE      8.91  7.42  8.82 12.60 10.90  7.99  7.63  6.43  8.07  7.32  8.85  8.38
MEAN      4.75  5.21  5.19  5.45  4.88  3.86  3.52  3.49  3.68  4.07  4.68  4.74
STD DEV   1.98  2.39  2.30  2.55  2.20  1.80  1.73  1.53  1.65  1.78  1.93  1.96
SKEW      0.64  0.71  0.61  0.69  0.57  1.10  1.26  1.00  1.03  0.74  0.58  0.61
% SSE     6.24  5.81  8.41 12.40 11.69  7.57  5.20  4.45  4.20  3.97  5.94  5.37
MEAN      5.36  5.55  6.27  6.17  5.60  4.17  3.68  3.61  3.80  4.25  5.32  5.26
STD DEV   2.27  2.36  2.71  2.64  2.33  1.80  1.69  1.57  1.63  1.81  2.35  2.04
SKEW      0.63  0.54  0.54  0.55  0.45  0.80  1.15  0.91  1.07  0.63  0.65  0.43
% S      10.15 10.44 14.00 16.07 15.53 16.73 11.57  9.07  6.91  6.19  8.05  8.53
MEAN      5.47  5.82  6.20  5.76  5.44  4.57  4.04  3.71  3.91  4.06  5.41  5.34
STD DEV   2.40  2.69  2.83  2.30  2.29  2.02  1.87  1.51  1.74  1.90  2.61  2.37
SKEW      0.52  0.61  0.75  0.46  0.36  0.84  1.00  0.71  0.92  0.94  0.54  0.42
% SSW     5.01  4.89  6.18  5.84  7.11 10.03  9.04  6.81  3.41  3.04  4.25  4.49
MEAN      5.86  5.40  5.81  5.48  5.13  5.00  4.46  4.18  4.08  4.11  5.30  5.17
STD DEV   2.56  2.37  2.47  2.21  2.01  1.99  1.84  1.78  1.86  1.97  2.70  2.32
SKEW      0.50  0.33  0.50  0.28  0.37  0.41  0.59  0.70  0.84  0.89  0.87  0.50
% SW      4.42  5.14  4.76  4.16  5.64  7.61  9.66  7.67  2.93  2.49  3.44  3.80
MEAN      4.87  4.75  4.71  4.58  4.02  4.06  3.71  3.53  3.59  3.70  4.35  4.43
STD DEV   2.56  2.31  2.14  2.09  1.87  1.83  1.58  1.57  1.53  2.13  2.20  2.13
SKEW      0.90  0.67  0.85  0.57  0.62  0.74  0.74  0.93  0.61  1.78  0.78  0.68
% WSW     1.69  2.49  1.96  1.64  2.13  2.86  4.61  3.89  1.20  1.17  1.57  2.12
MEAN      4.48  4.22  4.18  4.13  3.44  3.23  3.32  3.28  3.32  3.17  3.87  3.97
STD DEV   2.19  1.83  1.86  1.89  1.35  1.21  1.25  1.44  1.37  1.29  1.54  1.63
SKEW      0.74  0.85  0.80  0.80  0.71  0.83  0.83  1.01  0.85  0.91  0.71  0.72
% W       1.70  2.10  1.73  1.62  2.00  2.73  4.87  4.45  1.52  1.41  1.89  2.21
MEAN      4.21  3.62  4.38  3.58  3.25  3.06  3.24  3.09  3.09  3.10  3.24  3.81
STD DEV   2.01  1.67  2.10  1.57  1.41  1.20  1.33  1.26  1.47  1.41  1.24  1.81
SKEW      0.80  0.70  0.70  0.82  1.01  0.74  0.93  0.79  1.31  1.29  0.79  0.80
% WNW     2.25  2.89  2.16  1.77  1.72  1.80  3.24  2.85  0.95  1.44  2.20  2.62
MEAN      4.84  4.41  4.72  4.29  3.44  3.07  3.20  3.16  2.92  3.32  3.90  4.09
STD DEV   2.24  1.96  2.22  1.85  1.56  1.06  1.14  1.28  1.06  1.30  1.69  1.78
SKEW      0.55  0.80  0.72  0.83  1.46  0.54  0.58  0.75  0.83  0.78  0.90  0.59
% NW      4.08  4.81  4.27  3.47  2.45  2.34  3.44  3.28  1.75  2.91  4.55  5.24
MEAN      4.93  4.89  4.97  4.57  3.46  3.06  3.04  3.00  3.01  3.51  4.14  4.39
STD DEV   2.51  2.24  2.29  2.22  1.54  1.33  1.21  1.10  1.32  1.74  2.00  2.16
SKEW      0.69  0.52  0.51  0.66  1.09  0.83  0.82  0.56  1.02  1.36  0.82  0.70
% NNW     6.63  6.13  5.70  3.69  2.97  1.96  1.88  2.16  1.94  4.03  5.80  5.79
MEAN      5.39  5.57  5.55  5.17  4.00  3.22  3.02  2.90  3.12  3.97  5.19  5.12
STD DEV   2.26  2.22  2.23  2.31  1.68  1.19  1.22  1.12  1.33  1.75  2.28  2.27
SKEW      0.38  0.34  0.28  0.34  0.72  0.79  0.73  0.97  0.99  0.84  0.40  0.49
CALM      5.07  5.11  5.84  6.04  7.81  9.41 13.09 12.20 10.29 11.43  7.58  6.69
LAKE CHARLES  LA    0.781  PORT ARTHUR   TX    0.132  LAFAYETTE     LA    0.087
 MELVILLE LA                             166117 0
 LATT=  30.68 LONG= -91.73 YEARS= 36. TYPE= 4
 ELEVATION =   30. TP5 = 3.37 TP6= 7.95
 MEAN P   0.45  0.51  0.45  0.62  0.59  0.45  0.39  0.39  0.43  0.53  0.48  0.54
 S DEV P  0.65  0.71  0.74  0.99  0.85  0.62  0.49  0.49  0.62  0.85  0.65  0.83
 SQEW  P  2.76  2.67  3.53  2.82  2.91  3.44  2.44  2.26  2.56  3.13  2.10  3.57
 P(W/W)   0.52  0.49  0.46  0.47  0.48  0.53  0.59  0.54  0.54  0.44  0.48  0.52
 P(W/D)   0.29  0.28  0.29  0.21  0.19  0.21  0.30  0.23  0.21  0.12  0.21  0.25
 TMAX AV 61.32 64.54 71.36 78.44 84.51 89.75 91.26 90.78 86.77 79.64 70.47 64.06
 TMIN AV 39.77 42.64 48.97 56.69 63.54 69.61 72.21 71.45 66.88 55.30 47.03 41.81
 SD TMAX 11.97 10.49  8.62  6.19  4.75  4.00  3.65  3.58  4.93  6.68  9.13 10.02
 SD TMIN 11.96 10.73 10.13  8.43  5.66  4.07  2.33  2.92  6.20  9.43 10.87 11.31
 SOL.RAD  228.  274.  348.  427.  491.  493.  481.  461.  429.  368.  278.  212.
 SD SOL   58.4  74.1  89.3 101.0 104.3 114.7 113.8 237.4  85.9  50.5  46.1  54.5
 MX .5 P  1.14  0.99  1.11  1.85  1.79  1.07  1.94  1.66  2.18  1.25  1.40  1.11
 DEW PT  42.42 44.71 48.56 56.92 63.84 69.64 72.72 71.92 67.92 56.92 48.70 43.27
Time Pk  0.432 0.552 0.640 0.727 0.760 0.781 0.821 0.844 0.864 0.903 0.946 1.000
% N       9.89  8.72  7.61  5.91  5.82  4.65  3.68  5.32  8.36 10.40 10.17  9.53
MEAN      5.05  4.79  4.66  4.32  3.82  3.21  2.81  3.08  3.66  3.93  4.48  4.74
STD DEV   2.01  1.94  2.01  1.93  1.73  1.34  1.03  1.19  1.60  1.83  1.97  2.10
SKEW      0.29  0.39  0.49  0.53  0.77  0.86  0.75  1.05  0.87  0.90  0.71  0.61
% NNE     6.95  6.71  5.91  4.87  4.50  3.80  3.04  5.19  9.88  9.78  7.94  6.79
MEAN      4.57  4.56  4.29  4.16  3.63  3.23  2.92  2.98  3.58  3.74  4.26  4.47
STD DEV   1.81  1.74  1.73  1.81  1.63  1.34  1.30  1.20  1.55  1.63  1.86  1.88
SKEW      0.49  0.50  0.66  0.60  0.85  0.83  1.37  0.96  0.81  0.87  0.59  0.67
% NE      5.70  7.14  6.22  4.31  5.14  5.44  4.37  7.09 11.95 10.43  7.59  6.12
MEAN      4.08  4.02  3.87  3.62  3.33  3.00  2.73  2.91  3.44  3.25  3.63  3.67
STD DEV   1.62  1.51  1.51  1.57  1.41  1.24  1.16  1.15  1.52  1.47  1.54  1.50
SKEW      0.60  0.51  0.49  0.80  0.86  1.11  1.10  1.07  0.96  1.24  0.82  0.64
% ENE     4.72  5.49  4.60  3.99  4.44  4.36  4.19  6.46  9.38  7.33  5.44  4.86
MEAN      3.92  4.02  3.95  3.58  3.55  3.21  3.06  3.20  3.64  3.38  3.56  3.59
STD DEV   1.53  1.56  1.63  1.45  1.44  1.33  1.34  1.27  1.61  1.40  1.41  1.39
SKEW      0.69  0.78  0.72  0.94  0.83  0.91  1.37  0.97  0.90  1.00  0.71  0.75
% E       6.15  6.12  5.53  5.68  6.51  6.22  6.45  6.98 10.13  8.35  6.45  6.85
MEAN      3.56  3.79  3.57  3.61  3.48  3.09  3.05  3.13  3.45  3.35  3.40  3.49
STD DEV   1.42  1.49  1.49  1.54  1.47  1.28  1.35  1.32  1.46  1.33  1.51  1.36
SKEW      0.87  0.75  0.81  0.85  0.85  1.05  1.04  1.09  0.97  0.76  0.97  0.71
% ESE     6.11  5.36  5.81  6.17  5.97  5.03  5.13  4.82  6.49  6.34  5.73  7.10
MEAN      3.98  4.44  4.12  3.94  3.80  3.40  3.22  3.26  3.55  3.81  3.79  4.13
STD DEV   1.43  1.85  1.61  1.54  1.54  1.39  1.42  1.36  1.50  1.55  1.44  1.62
SKEW      0.59  0.69  0.70  0.58  0.79  0.94  1.18  1.04  0.97  0.78  0.73  0.60
% SE      7.61  6.30  7.68 10.56  8.41  7.32  6.72  5.61  6.92  5.80  7.76  7.59
MEAN      4.02  4.41  4.38  4.44  4.04  3.44  3.16  3.08  3.26  3.60  3.97  4.11
STD DEV   1.56  1.88  1.85  1.89  1.68  1.54  1.44  1.29  1.50  1.56  1.61  1.72
SKEW      0.57  0.55  0.53  0.54  0.53  1.00  1.16  1.11  1.26  0.84  0.62  0.74
% SSE     8.66  6.74  8.83 11.74  9.48  6.67  5.92  4.36  4.52  4.48  6.92  7.26
MEAN      4.60  4.71  5.08  5.06  4.59  3.68  3.33  3.31  3.41  3.81  4.43  4.48
STD DEV   1.88  1.90  2.15  2.10  1.87  1.50  1.38  1.40  1.35  1.56  1.85  1.82
SKEW      0.90  0.70  0.63  0.70  0.50  0.93  0.96  1.00  0.86  0.72  0.56  0.60
% S       9.64  8.73 11.18 12.67 10.78  9.71  7.33  5.60  4.25  4.15  6.23  7.76
MEAN      4.76  4.99  5.31  5.04  4.66  3.84  3.45  3.25  3.46  3.46  4.55  4.80
STD DEV   1.92  2.18  2.23  1.92  1.83  1.59  1.49  1.31  1.48  1.55  2.00  2.03
SKEW      0.51  0.62  0.56  0.49  0.43  0.95  0.94  0.79  1.04  0.88  0.76  0.39
% SSW     7.13  6.44  7.82  6.96  7.11  8.36  6.98  5.05  3.08  2.71  4.37  4.84
MEAN      5.32  5.34  5.53  5.03  4.61  4.18  3.68  3.40  3.64  3.53  4.90  4.85
STD DEV   2.09  2.20  2.12  1.91  1.78  1.63  1.50  1.48  1.53  1.54  2.24  2.03
SKEW      0.34  0.33  0.27  0.30  0.48  0.46  0.65  0.91  0.73  0.84  0.43  0.42
% SW      3.70  5.38  4.26  4.25  5.62  7.72  7.48  6.14  2.17  2.17  2.78  3.65
MEAN      4.79  4.73  4.63  4.36  3.91  3.68  3.49  3.27  3.19  3.33  3.87  4.26
STD DEV   2.02  2.08  1.96  1.81  1.69  1.53  1.46  1.39  1.30  1.62  1.72  1.96
SKEW      0.40  0.62  0.55  0.54  0.70  0.59  0.88  0.95  0.49  1.13  0.62  0.70
% WSW     2.38  3.69  3.02  2.59  3.50  5.28  6.45  4.94  1.73  1.69  2.36  2.71
MEAN      4.12  4.17  4.29  3.82  3.46  3.47  3.40  3.24  3.24  3.15  3.64  3.70
STD DEV   1.93  1.72  1.81  1.59  1.43  1.33  1.33  1.25  1.39  1.27  1.44  1.68
SKEW      0.80  0.69  0.61  0.63  0.80  0.71  0.77  1.01  1.04  1.04  0.89  0.97
% W       2.51  3.39  2.82  2.69  3.68  5.40  7.54  6.64  2.15  2.59  2.89  3.12
MEAN      3.83  3.84  3.97  3.62  3.24  3.16  3.22  3.12  2.93  3.01  3.21  3.62
STD DEV   1.85  1.75  1.84  1.84  1.35  1.25  1.32  1.21  1.24  1.24  1.40  1.70
SKEW      0.79  0.81  0.92  0.94  0.64  0.68  0.74  0.62  0.90  0.74  1.11  0.99
% WNW     2.56  3.11  2.85  2.30  2.29  2.81  3.56  3.54  1.37  1.99  2.50  2.88
MEAN      4.73  4.59  4.77  4.42  3.50  3.33  3.27  3.29  3.08  3.18  4.02  4.29
STD DEV   2.15  1.94  2.11  1.94  1.54  1.29  1.22  1.19  1.28  1.26  1.74  1.94
SKEW      0.61  0.63  0.54  0.50  0.97  0.51  0.60  0.53  1.06  0.79  0.67  0.58
% NW      4.63  5.63  4.60  4.11  3.76  3.05  4.04  4.22  2.09  3.42  5.06  5.90
MEAN      5.02  4.86  4.96  4.34  3.50  3.13  3.14  3.09  3.24  3.52  4.15  4.57
STD DEV   2.32  2.12  2.22  2.06  1.55  1.29  1.22  1.21  1.38  1.59  1.86  2.19
SKEW      0.50  0.47  0.42  0.77  0.90  0.81  0.73  0.65  0.67  0.84  0.71  0.66
% NNW     6.20  5.68  5.52  4.31  3.47  2.67  2.45  3.34  2.95  4.98  6.07  5.58
MEAN      5.32  5.41  5.25  4.70  4.15  3.41  3.19  3.15  3.47  4.15  4.91  4.96
STD DEV   2.23  2.16  2.16  1.90  1.78  1.37  1.28  1.25  1.49  1.86  2.06  2.19
SKEW      0.50  0.27  0.25  0.44  0.56  0.73  0.64  0.81  1.06  0.75  0.37  0.56
CALM      5.51  5.37  5.77  6.93  9.60 11.59 14.71 14.72 12.61 13.37  9.73  7.44
BATON ROUGE   LA    0.549  MCCOMB        MS    0.232  LAKE CHARLES  LA    0.219
 MORGAN CITY LA                          166394 0
 LATT=  29.70 LONG= -91.20 YEARS= 62. TYPE= 4
 ELEVATION =   10. TP5 = 3.44 TP6= 8.39
 MEAN P   0.54  0.60  0.58  0.69  0.71  0.56  0.55  0.54  0.64  0.64  0.59  0.58
 S DEV P  0.69  0.76  0.74  1.00  0.99  0.71  0.71  0.66  0.87  0.89  0.76  0.80
 SQEW  P  2.85  2.00  2.29  3.69  2.99  3.12  2.94  2.62  3.17  3.12  2.16  2.94
 P(W/W)   0.44  0.46  0.36  0.38  0.44  0.54  0.59  0.56  0.55  0.42  0.39  0.44
 P(W/D)   0.25  0.23  0.22  0.16  0.16  0.23  0.38  0.35  0.24  0.13  0.19  0.22
 TMAX AV 63.71 66.63 72.03 78.99 85.01 90.07 91.36 91.33 88.27 81.64 72.23 66.24
 TMIN AV 43.58 46.20 51.85 58.82 65.61 71.07 72.92 72.64 69.32 59.65 50.52 45.45
 SD TMAX 11.01  9.58  8.66  5.99  4.51  3.93  3.55  3.84  4.98  6.46  8.87 10.27
 SD TMIN 11.35  9.98  9.30  7.67  5.33  3.84  2.53  3.63  5.81  8.03  9.86 10.86
 SOL.RAD  214.  259.  335.  412.  449.  443.  417.  416.  383.  357.  278.  198.
 SD SOL   62.0  77.5  91.4 102.9 114.2 126.2 129.8 245.1  97.8  53.3  45.8  58.5
 MX .5 P  1.30  1.09  1.07  1.60  1.66  1.22  2.05  1.88  2.25  1.34  1.97  1.15
 DEW PT  44.90 46.90 50.35 57.90 64.90 70.90 73.00 72.45 68.90 58.35 49.81 45.35
Time Pk  0.373 0.495 0.571 0.676 0.714 0.734 0.780 0.811 0.834 0.892 0.942 1.000
% N      10.61  8.89  7.89  5.58  5.39  4.00  3.72  5.23  7.94 10.74 10.66 10.27
MEAN      5.90  5.76  5.35  4.95  4.38  3.56  3.29  3.50  4.21  4.62  5.43  5.50
STD DEV   2.47  2.45  2.38  2.30  1.97  1.44  1.26  1.42  1.73  2.06  2.47  2.42
SKEW      0.32  0.34  0.49  0.51  0.75  0.60  0.64  1.00  0.72  0.80  0.65  0.51
% NNE     6.68  5.37  4.69  3.55  3.40  2.98  2.38  4.13  7.13  8.50  6.97  6.93
MEAN      5.52  5.29  4.82  4.78  4.09  3.61  3.11  3.33  4.08  4.35  5.12  5.25
STD DEV   2.23  2.03  1.93  2.20  1.85  1.52  1.41  1.29  1.68  1.81  2.25  2.31
SKEW      0.47  0.52  0.72  0.70  0.79  0.89  1.32  0.91  0.66  0.68  0.59  0.63
% NE     10.51 10.17  7.58  5.09  5.34  5.25  4.45  6.68 11.76 13.07 11.66  9.73
MEAN      4.74  4.62  4.47  4.24  3.81  3.22  3.00  3.28  3.96  3.98  4.40  4.30
STD DEV   2.00  1.82  1.75  1.86  1.72  1.30  1.23  1.26  1.69  1.71  1.92  1.83
SKEW      0.74  0.61  0.45  0.88  0.96  1.04  0.96  0.97  0.91  1.01  0.82  0.75
% ENE     6.09  5.84  5.11  4.08  4.45  4.12  3.56  5.42  8.77  7.10  5.72  5.54
MEAN      4.37  4.51  4.43  4.04  3.99  3.47  3.25  3.56  3.96  3.83  4.02  3.97
STD DEV   1.67  1.76  1.77  1.66  1.74  1.50  1.33  1.43  1.69  1.53  1.59  1.54
SKEW      0.78  0.74  0.70  0.88  0.96  0.96  1.04  1.02  0.92  0.98  0.78  0.84
% E       6.97  7.06  6.30  6.40  6.87  6.07  5.86  7.03 11.12  9.40  7.25  7.10
MEAN      4.02  4.25  4.10  4.09  3.85  3.49  3.39  3.55  4.03  3.96  3.93  3.84
STD DEV   1.66  1.72  1.71  1.67  1.60  1.42  1.42  1.45  1.71  1.48  1.66  1.50
SKEW      0.90  0.65  0.71  0.75  0.79  0.90  0.94  1.10  0.89  0.61  0.88  0.75
% ESE     6.19  5.43  5.74  6.73  6.24  5.23  4.44  5.07  7.29  6.59  5.88  6.61
MEAN      4.43  4.84  4.57  4.41  4.24  3.89  3.44  3.84  4.17  4.22  4.23  4.50
STD DEV   1.61  2.00  1.78  1.65  1.69  1.57  1.41  1.68  1.79  1.62  1.61  1.87
SKEW      0.56  0.59  0.66  0.60  0.70  0.81  1.00  1.22  1.04  0.88  0.70  0.75
% SE      8.55  7.21 10.01 13.43 10.60  9.12  7.59  7.73  9.78  7.56  9.30  8.71
MEAN      4.36  4.82  4.79  4.86  4.60  3.85  3.52  3.58  3.87  4.20  4.49  4.37
STD DEV   1.74  2.04  1.96  2.00  1.88  1.64  1.55  1.47  1.78  1.77  1.79  1.80
SKEW      0.64  0.56  0.66  0.61  0.51  1.00  1.04  1.17  1.40  0.78  0.61  0.68
% SSE     4.90  4.84  7.19 10.73 10.00  6.67  4.95  4.90  4.66  3.66  5.60  5.03
MEAN      4.83  5.04  5.32  5.37  5.08  4.05  3.72  3.74  4.10  4.33  4.86  4.68
STD DEV   1.94  1.98  2.21  2.11  1.97  1.67  1.51  1.59  1.79  1.70  1.91  1.81
SKEW      0.83  0.63  0.77  0.64  0.42  1.10  0.89  1.06  0.86  0.52  0.51  0.51
% S       8.19  8.65 11.35 13.72 12.10 11.87  8.21  7.16  5.49  4.12  6.57  7.51
MEAN      5.12  5.10  5.53  5.42  4.96  4.28  3.86  3.65  3.95  3.90  5.16  4.98
STD DEV   2.09  2.11  2.30  1.97  1.94  1.83  1.65  1.44  1.77  1.65  2.19  2.03
SKEW      0.55  0.59  0.67  0.47  0.48  1.38  0.87  0.72  1.07  0.68  0.54  0.45
% SSW     4.24  4.59  5.05  5.15  5.08  6.94  4.98  3.61  2.50  1.77  2.94  3.69
MEAN      5.46  5.36  5.56  5.33  4.87  4.48  3.99  3.62  4.25  3.80  5.30  5.10
STD DEV   2.15  2.07  2.05  1.93  1.90  1.72  1.55  1.50  1.82  1.58  2.39  2.03
SKEW      0.45  0.28  0.22  0.27  0.62  0.51  0.54  0.74  0.72  0.61  0.38  0.41
% SW      4.22  5.66  4.70  4.74  6.00  9.33  9.34  7.24  2.60  2.33  2.88  3.78
MEAN      4.82  4.76  4.67  4.52  3.90  3.85  3.61  3.46  3.41  3.60  3.93  4.39
STD DEV   2.18  1.98  2.00  1.78  1.64  1.57  1.44  1.43  1.42  1.66  1.79  1.91
SKEW      0.64  0.65  0.75  0.52  0.79  0.64  0.78  1.06  0.59  1.14  0.70  0.62
% WSW     2.35  3.52  3.05  2.79  3.49  5.52  7.02  4.69  1.93  1.40  1.81  2.49
MEAN      4.12  4.27  4.28  3.91  3.48  3.66  3.59  3.37  3.59  3.39  3.76  3.95
STD DEV   1.75  1.66  1.71  1.50  1.34  1.41  1.37  1.26  1.50  1.28  1.42  1.61
SKEW      0.77  0.74  0.72  0.61  0.86  0.81  0.72  0.94  1.01  0.87  0.82  0.82
% W       2.88  3.84  3.40  3.02  4.31  5.65  8.84  7.31  2.22  2.51  2.54  2.91
MEAN      4.17  4.18  4.33  3.67  3.37  3.44  3.51  3.36  3.24  3.33  3.35  4.00
STD DEV   1.99  2.06  1.97  1.67  1.40  1.36  1.39  1.25  1.30  1.31  1.44  1.72
SKEW      0.87  1.06  0.95  0.95  0.81  0.69  0.71  0.61  0.87  0.76  1.11  0.66
% WNW     2.71  3.51  2.89  2.17  2.01  2.39  3.90  3.23  1.27  1.88  2.12  2.52
MEAN      5.00  5.02  5.12  4.63  3.50  3.49  3.52  3.37  3.40  3.41  4.29  4.97
STD DEV   2.12  2.16  2.12  1.97  1.47  1.27  1.32  1.19  1.51  1.21  1.86  2.17
SKEW      0.43  0.70  0.53  0.54  1.07  0.58  0.56  0.52  1.08  0.70  0.59  0.50
% NW      4.36  5.55  4.83  3.61  3.22  2.70  4.84  4.65  2.10  3.50  4.68  5.40
MEAN      5.59  5.51  5.34  4.82  3.68  3.41  3.55  3.48  3.53  3.81  4.66  5.00
STD DEV   2.54  2.50  2.40  2.24  1.55  1.41  1.38  1.36  1.52  1.68  2.16  2.24
SKEW      0.45  0.59  0.54  0.60  0.82  0.79  0.69  0.54  0.66  0.88  0.62  0.55
% NNW     5.33  4.74  4.70  3.02  2.70  1.96  2.27  2.77  2.56  3.99  4.66  4.60
MEAN      6.04  5.96  5.81  5.16  4.42  3.66  3.59  3.39  3.77  4.40  5.35  5.47
STD DEV   2.44  2.32  2.40  2.20  1.90  1.41  1.41  1.34  1.52  1.92  2.33  2.42
SKEW      0.38  0.32  0.31  0.37  0.60  0.59  0.65  0.81  0.87  0.66  0.34  0.58
CALM      5.22  5.15  5.59  6.25  8.88 10.24 13.69 13.16 10.92 11.86  8.76  7.14
BATON ROUGE   LA    0.513  BURRWOOD      LA    0.245  LAKE CHARLES  LA    0.242
 NATCHITOCHES LA                         166582 0
 LATT=  31.77 LONG= -93.08 YEARS= 62. TYPE= 4
 ELEVATION =  120. TP5 = 3.36 TP6= 7.59
 MEAN P   0.58  0.61  0.55  0.68  0.73  0.58  0.46  0.47  0.55  0.68  0.62  0.61
 S DEV P  0.68  0.71  0.68  1.04  0.99  0.76  0.61  0.58  0.75  0.88  0.75  0.76
 SQEW  P  2.36  2.50  2.21  4.14  3.33  3.39  2.76  2.55  2.87  3.44  2.73  2.49
 P(W/W)   0.42  0.40  0.38  0.36  0.45  0.42  0.42  0.37  0.39  0.41  0.39  0.47
 P(W/D)   0.23  0.21  0.21  0.18  0.18  0.17  0.19  0.16  0.15  0.11  0.17  0.20
 TMAX AV 58.96 63.45 70.72 78.84 85.17 91.65 94.11 94.34 89.36 80.64 69.18 61.68
 TMIN AV 37.30 40.47 46.40 54.58 62.08 68.89 71.74 70.90 65.39 53.84 44.67 39.32
 SD TMAX 12.07 11.38  9.61  7.08  5.57  4.99  4.51  4.65  6.31  7.85 10.01 10.72
 SD TMIN 11.44 10.60 10.20  8.82  6.40  4.65  3.22  3.81  7.03  9.57 10.86 10.95
 SOL.RAD  238.  293.  378.  441.  539.  544.  555.  513.  417.  363.  265.  212.
 SD SOL   52.7  66.0  78.8  98.0  89.2  99.2  88.6 215.3  91.0  51.0  49.3  52.4
 MX .5 P  1.08  1.06  1.24  1.28  1.92  1.27  1.30  1.87  1.90  1.26  0.92  1.03
 DEW PT  39.06 41.52 46.25 55.68 62.76 68.92 71.84 71.03 66.68 56.03 47.80 40.79
Time Pk  0.480 0.600 0.662 0.754 0.789 0.803 0.831 0.856 0.879 0.916 0.943 1.000
% N       9.21  9.10  7.28  5.76  4.95  3.73  3.27  5.00  9.36  9.96  9.50  8.55
MEAN      4.75  4.74  4.73  4.64  3.97  3.48  3.14  3.31  3.76  3.98  4.49  4.49
STD DEV   1.98  2.01  2.02  2.00  1.79  1.51  1.46  1.32  1.67  1.81  2.12  2.00
SKEW      0.50  0.39  0.47  0.43  0.61  0.73  1.09  0.81  0.74  0.68  0.73  0.52
% NNE     5.98  6.01  4.63  3.83  3.71  3.07  2.58  4.53  8.79  7.13  5.23  5.60
MEAN      4.86  4.73  4.61  4.54  4.16  3.56  3.33  3.44  4.03  4.13  4.59  4.72
STD DEV   1.97  1.98  1.95  2.00  1.88  1.59  1.44  1.47  1.72  1.90  2.09  1.91
SKEW      0.44  0.43  0.40  0.52  0.58  1.03  0.70  0.81  0.60  0.61  0.65  0.31
% NE      5.99  6.12  5.19  4.07  4.44  3.85  3.87  5.71  9.28  6.89  5.49  5.49
MEAN      4.33  4.26  4.34  4.09  3.78  3.24  3.29  3.32  3.77  3.77  3.97  4.09
STD DEV   1.78  1.74  1.82  1.73  1.67  1.39  1.46  1.46  1.61  1.81  1.71  1.71
SKEW      0.48  0.52  0.46  0.58  0.49  0.90  0.83  0.89  0.69  1.02  0.73  0.67
% ENE     4.10  4.63  4.21  3.45  3.60  3.66  3.18  5.28  7.70  4.70  3.77  3.89
MEAN      4.16  4.04  4.36  3.99  3.77  3.67  3.53  3.39  3.84  3.56  3.90  3.89
STD DEV   1.57  1.63  1.71  1.66  1.50  1.49  1.52  1.44  1.61  1.50  1.53  1.48
SKEW      0.49  0.56  0.53  0.64  0.38  0.78  0.79  0.82  0.76  0.69  0.45  0.41
% E       4.66  4.98  5.06  4.54  4.92  5.13  5.15  6.29  7.93  5.61  4.19  4.50
MEAN      3.72  3.85  3.95  3.85  3.58  3.53  3.32  3.37  3.54  3.35  3.51  3.52
STD DEV   1.44  1.58  1.64  1.66  1.60  1.55  1.50  1.44  1.51  1.39  1.42  1.40
SKEW      0.60  0.63  0.49  0.58  0.77  0.82  0.85  0.71  0.76  0.72  0.67  0.63
% ESE     5.31  5.52  5.52  6.21  6.65  5.88  5.68  6.51  6.72  5.84  4.47  5.70
MEAN      3.87  4.17  4.11  4.06  3.56  3.43  3.37  3.23  3.52  3.51  3.67  3.89
STD DEV   1.58  1.75  1.72  1.75  1.58  1.46  1.58  1.41  1.60  1.49  1.45  1.58
SKEW      0.60  0.59  0.76  0.64  0.71  0.76  1.19  0.96  1.07  0.73  0.49  0.62
% SE      7.97  7.17  7.78 10.98 10.32  9.18  8.30  7.98  7.77  8.05  8.27  8.51
MEAN      4.10  4.51  4.41  4.50  4.06  3.44  3.24  3.23  3.27  3.58  4.17  4.07
STD DEV   1.66  2.00  2.03  2.06  1.86  1.54  1.46  1.42  1.43  1.61  1.85  1.72
SKEW      0.59  0.57  0.67  0.70  0.66  0.87  1.01  1.03  0.96  0.83  0.68  0.68
% SSE     9.27  7.20  8.98 12.01 10.98  8.27  7.28  6.37  5.53  6.16  8.11  8.13
MEAN      4.64  4.71  5.28  5.13  4.73  3.81  3.44  3.43  3.60  3.91  4.60  4.54
STD DEV   1.80  1.97  2.22  2.14  1.96  1.58  1.48  1.47  1.50  1.70  2.01  1.78
SKEW      0.37  0.50  0.44  0.52  0.47  0.65  0.94  0.90  0.82  0.68  0.58  0.54
% S      10.56  9.81 12.35 14.72 13.13 13.92 11.10  9.08  5.75  6.25  8.67  9.04
MEAN      4.97  5.05  5.46  5.21  4.73  4.11  3.66  3.49  3.80  3.85  4.80  4.76
STD DEV   1.99  2.21  2.29  2.05  1.93  1.69  1.52  1.41  1.64  1.58  2.11  2.05
SKEW      0.45  0.51  0.47  0.38  0.43  0.66  0.78  0.66  0.81  0.58  0.50  0.51
% SSW     4.54  5.32  5.91  5.46  6.39  9.31  9.51  6.45  3.10  2.98  4.03  4.23
MEAN      5.36  5.02  5.31  4.95  4.53  4.26  3.84  3.73  3.78  3.88  4.65  4.81
STD DEV   2.30  2.17  2.12  2.01  1.78  1.65  1.46  1.56  1.59  1.64  2.23  2.15
SKEW      0.45  0.53  0.36  0.39  0.43  0.44  0.50  0.64  0.68  0.57  0.80  0.60
% SW      3.20  4.17  4.00  3.57  4.91  7.19  9.47  6.72  2.32  2.33  3.07  3.35
MEAN      4.52  4.42  4.44  4.44  3.80  3.84  3.62  3.55  3.38  3.43  4.11  3.96
STD DEV   2.22  2.08  2.01  2.08  1.73  1.58  1.44  1.47  1.41  1.65  1.96  1.96
SKEW      0.72  0.71  0.59  0.54  0.65  0.50  0.62  0.56  0.62  1.00  0.74  0.89
% WSW     2.34  3.07  2.70  2.69  2.32  3.32  5.08  3.53  1.30  1.54  2.12  2.79
MEAN      4.64  4.56  4.62  4.70  3.80  3.43  3.57  3.50  3.19  3.35  3.98  4.16
STD DEV   2.23  2.02  2.20  2.07  1.47  1.32  1.33  1.38  1.24  1.39  1.66  1.81
SKEW      0.62  0.73  0.68  0.55  0.58  0.59  0.43  0.66  0.81  0.90  0.67  0.70
% W       2.80  3.22  3.18  2.88  2.03  2.39  3.34  2.88  1.29  1.91  2.81  3.73
MEAN      4.47  4.46  4.78  4.43  3.60  3.45  3.37  3.29  3.03  3.72  3.78  4.32
STD DEV   2.06  2.08  2.22  2.10  1.55  1.38  1.34  1.38  1.23  1.70  1.67  1.94
SKEW      0.74  0.62  0.55  0.75  0.67  0.61  0.63  0.73  1.01  0.95  0.76  0.62
% WNW     3.48  3.85  3.88  2.81  1.92  1.86  2.08  1.85  1.12  2.33  3.33  4.28
MEAN      5.06  5.01  5.61  5.12  3.95  3.54  3.45  3.39  3.00  3.97  4.48  4.96
STD DEV   2.21  2.07  2.36  2.13  1.62  1.45  1.42  1.39  1.33  1.67  1.87  2.06
SKEW      0.53  0.45  0.47  0.53  0.72  0.66  0.63  0.63  1.07  0.69  0.58  0.41
% NW      5.93  5.64  5.65  3.78  2.95  2.28  2.07  2.31  2.14  4.00  5.61  5.56
MEAN      5.05  5.07  5.13  4.72  3.96  3.36  3.06  3.14  3.26  3.90  4.46  4.87
STD DEV   2.15  2.12  2.27  2.11  1.85  1.39  1.14  1.25  1.47  1.79  2.01  2.22
SKEW      0.43  0.40  0.47  0.45  0.77  0.70  0.57  0.62  1.04  0.88  0.63  0.58
% NNW     6.54  5.75  5.51  3.84  3.02  2.04  1.66  2.20  3.04  5.04  6.21  5.01
MEAN      5.16  5.09  5.13  4.76  4.20  3.59  3.33  3.17  3.48  4.15  4.91  4.90
STD DEV   2.07  2.02  2.13  2.09  1.81  1.50  1.53  1.22  1.46  1.73  2.06  2.07
SKEW      0.42  0.39  0.43  0.50  0.53  0.67  1.15  0.42  0.77  0.59  0.44  0.44
CALM      8.09  8.43  8.15  9.52 13.83 14.85 16.45 17.21 16.86 19.24 15.09 11.61
SHREVEPORT    LA    0.404  MONROE        LA    0.343  LAKE CHARLES  LA    0.253
 OBERLIN FIRE TOWER LA                   166938 0
 LATT=  30.60 LONG= -92.78 YEARS= 40. TYPE= 4
 ELEVATION =   70. TP5 = 3.46 TP6= 8.05
 MEAN P   0.52  0.56  0.50  0.62  0.77  0.61  0.51  0.46  0.55  0.75  0.60  0.60
 S DEV P  0.69  0.82  0.79  0.90  1.23  0.91  0.64  0.64  0.80  1.12  0.74  0.88
 SQEW  P  2.68  3.87  3.77  2.56  3.80  3.43  3.48  2.55  3.50  3.06  2.12  2.89
 P(W/W)   0.51  0.48  0.44  0.42  0.49  0.53  0.52  0.49  0.51  0.46  0.43  0.54
 P(W/D)   0.25  0.25  0.24  0.19  0.20  0.18  0.28  0.24  0.22  0.13  0.21  0.24
 TMAX AV 59.86 64.30 71.40 78.91 84.67 89.95 92.17 92.20 88.28 80.94 71.17 63.56
 TMIN AV 39.40 42.43 49.13 56.99 63.50 69.06 71.44 70.83 66.61 56.07 48.06 41.95
 SD TMAX 11.30 10.42  8.66  6.20  4.88  4.27  3.87  3.98  5.51  7.32  9.25 10.20
 SD TMIN 11.26 10.61 10.41  8.97  6.09  4.35  2.54  3.15  6.25  9.33 11.11 11.25
 SOL.RAD  243.  293.  370.  436.  517.  528.  529.  496.  419.  371.  275.  219.
 SD SOL   52.4  66.7  80.8  97.2  94.1 101.7  95.8 213.4  88.7  48.9  46.6  51.7
 MX .5 P  1.07  0.98  1.23  1.43  2.00  1.11  1.47  1.84  2.03  1.37  1.23  1.11
 DEW PT  42.67 45.01 49.00 57.16 64.33 69.83 72.67 72.16 68.16 57.16 49.32 43.67
Time Pk  0.439 0.569 0.640 0.730 0.761 0.784 0.821 0.843 0.865 0.901 0.941 1.000
% N      10.75  9.44  8.13  6.19  5.63  4.00  3.15  4.30  8.09 10.87 11.29 10.27
MEAN      5.07  4.98  4.81  4.58  3.91  3.25  2.84  3.11  3.71  4.04  4.71  4.80
STD DEV   2.11  2.07  2.14  2.14  1.76  1.34  1.10  1.21  1.68  1.90  2.19  2.17
SKEW      0.45  0.40  0.50  0.60  0.77  0.68  0.73  1.18  0.94  0.90  0.70  0.63
% NNE     6.01  5.60  4.55  3.81  3.43  3.06  2.18  4.10  7.94  8.15  6.23  5.53
MEAN      4.71  4.67  4.48  4.30  3.85  3.33  3.04  3.09  3.73  3.98  4.49  4.55
STD DEV   1.98  1.90  1.90  1.92  1.69  1.38  1.47  1.23  1.59  1.77  2.02  1.89
SKEW      0.58  0.62  0.68  0.58  0.74  0.93  1.47  0.99  0.77  0.74  0.60  0.46
% NE      6.43  7.00  6.01  4.22  4.62  5.10  4.17  6.67 11.59 10.36  7.65  6.41
MEAN      4.27  4.22  4.10  3.90  3.67  3.12  3.01  3.08  3.59  3.54  3.88  3.84
STD DEV   1.75  1.61  1.72  1.68  1.63  1.24  1.33  1.22  1.56  1.60  1.67  1.62
SKEW      0.56  0.43  0.53  0.69  0.70  0.88  1.12  1.10  0.83  0.99  0.71  0.68
% ENE     5.35  5.67  4.74  3.85  4.33  4.29  3.88  6.34  9.35  6.71  5.28  5.29
MEAN      4.32  4.32  4.38  4.03  3.95  3.48  3.25  3.41  3.80  3.64  3.98  3.95
STD DEV   1.68  1.66  1.78  1.65  1.58  1.35  1.31  1.35  1.67  1.50  1.60  1.54
SKEW      0.56  0.71  0.58  0.74  0.80  0.72  0.92  0.94  1.04  0.99  0.72  0.51
% E       6.40  6.51  5.44  5.60  6.33  6.27  6.21  7.58 10.24  8.16  6.51  6.59
MEAN      3.90  4.08  4.00  3.90  3.77  3.29  3.38  3.31  3.62  3.52  3.71  3.65
STD DEV   1.59  1.62  1.74  1.76  1.60  1.33  1.49  1.38  1.54  1.42  1.61  1.46
SKEW      0.85  0.59  0.68  0.85  0.70  0.84  1.01  0.98  0.99  0.81  0.80  0.70
% ESE     6.89  6.39  5.83  6.64  6.23  5.90  5.65  5.89  6.97  6.40  6.12  7.60
MEAN      4.22  4.65  4.52  4.32  4.00  3.63  3.47  3.44  3.85  3.96  4.01  4.36
STD DEV   1.60  1.99  1.92  1.80  1.66  1.50  1.59  1.35  1.67  1.57  1.56  1.75
SKEW      0.65  0.67  0.86  0.70  0.81  0.88  1.37  0.86  0.91  0.78  0.67  0.64
% SE      8.76  7.19  8.56 11.98 10.27  8.36  7.61  6.52  7.95  7.06  8.90  8.33
MEAN      4.42  4.81  4.83  5.02  4.52  3.65  3.33  3.35  3.52  3.87  4.35  4.42
STD DEV   1.81  2.20  2.14  2.34  2.03  1.68  1.59  1.46  1.60  1.68  1.80  1.84
SKEW      0.63  0.72  0.64  0.68  0.67  1.13  1.20  1.09  1.16  0.74  0.67  0.67
% SSE     5.97  5.72  8.17 11.68 10.70  7.60  5.58  4.78  4.17  3.95  5.91  5.43
MEAN      4.93  5.12  5.68  5.62  5.14  3.97  3.53  3.51  3.65  4.08  4.86  4.79
STD DEV   2.07  2.18  2.43  2.39  2.12  1.68  1.56  1.50  1.53  1.70  2.11  1.89
SKEW      0.74  0.63  0.58  0.63  0.45  0.80  1.05  0.90  0.99  0.60  0.64  0.59
% S       8.80  9.18 12.73 14.79 13.34 13.53  9.57  7.90  5.68  5.25  7.12  7.80
MEAN      5.08  5.38  5.76  5.45  5.12  4.32  3.86  3.58  3.79  3.87  5.07  5.02
STD DEV   2.17  2.44  2.53  2.08  2.05  1.83  1.71  1.43  1.66  1.75  2.31  2.18
SKEW      0.55  0.64  0.67  0.45  0.37  0.71  0.93  0.68  0.97  0.84  0.54  0.41
% SSW     4.86  4.94  6.04  5.69  6.45  8.54  7.37  5.55  2.88  2.63  3.85  4.20
MEAN      5.60  5.34  5.61  5.32  4.98  4.71  4.19  3.94  4.00  3.92  5.19  5.07
STD DEV   2.32  2.23  2.26  2.04  1.90  1.83  1.68  1.67  1.76  1.76  2.48  2.18
SKEW      0.43  0.29  0.37  0.24  0.39  0.39  0.53  0.64  0.77  0.76  0.68  0.45
% SW      4.21  5.12  4.57  4.19  5.36  7.35  8.93  7.00  2.63  2.45  3.12  3.75
MEAN      4.75  4.60  4.66  4.52  3.99  3.92  3.67  3.51  3.52  3.68  4.18  4.30
STD DEV   2.32  2.10  2.00  1.95  1.72  1.68  1.49  1.50  1.41  1.94  1.97  1.96
SKEW      0.75  0.61  0.73  0.55  0.54  0.59  0.71  0.85  0.43  1.49  0.70  0.65
% WSW     1.88  2.90  2.33  1.90  2.35  3.46  5.14  3.90  1.38  1.26  1.72  2.24
MEAN      4.32  4.21  4.25  4.09  3.45  3.35  3.43  3.34  3.36  3.23  3.76  3.85
STD DEV   2.03  1.78  1.90  1.76  1.34  1.23  1.22  1.37  1.37  1.26  1.48  1.59
SKEW      0.68  0.87  0.87  0.71  0.65  0.77  0.68  1.04  0.94  0.83  0.80  0.75
% W       1.91  2.56  2.19  1.89  2.48  3.37  5.45  4.79  1.68  1.80  2.14  2.54
MEAN      4.10  3.77  4.35  3.63  3.32  3.12  3.25  3.11  3.06  3.21  3.34  3.75
STD DEV   1.95  1.75  2.05  1.64  1.41  1.22  1.27  1.22  1.36  1.41  1.35  1.72
SKEW      0.79  0.78  0.76  0.81  0.89  0.70  0.76  0.75  1.04  1.06  0.84  0.78
% WNW     2.47  3.06  2.57  1.94  1.78  1.83  3.03  2.65  1.03  1.60  2.28  2.80
MEAN      4.73  4.44  4.75  4.34  3.49  3.21  3.19  3.17  2.99  3.37  3.98  4.15
STD DEV   2.15  1.93  2.13  1.88  1.53  1.15  1.12  1.23  1.18  1.30  1.73  1.81
SKEW      0.54  0.77  0.66  0.80  1.26  0.52  0.52  0.68  1.02  0.70  0.81  0.54
% NW      4.64  5.14  4.59  3.54  2.72  2.23  3.22  3.21  1.74  3.09  4.67  5.53
MEAN      4.92  4.83  4.89  4.58  3.52  3.13  3.15  3.11  3.10  3.55  4.17  4.40
STD DEV   2.37  2.18  2.22  2.15  1.52  1.30  1.22  1.16  1.35  1.65  1.95  2.13
SKEW      0.61  0.55  0.51  0.62  0.94  0.72  0.72  0.60  0.85  1.08  0.79  0.72
% NNW     7.07  6.16  5.80  3.81  3.11  2.00  1.88  2.32  2.43  4.46  5.82  5.86
MEAN      5.26  5.46  5.38  4.98  4.08  3.42  3.15  3.05  3.25  3.99  5.05  5.02
STD DEV   2.19  2.14  2.15  2.15  1.74  1.31  1.26  1.18  1.40  1.76  2.21  2.23
SKEW      0.40  0.27  0.29  0.39  0.68  0.70  0.60  0.77  1.04  0.79  0.42  0.51
CALM      7.60  7.37  7.79  8.26 10.98 13.19 16.99 16.48 14.25 15.78 11.36  9.76
LAKE CHARLES  LA    0.612  BATON ROUGE   LA    0.218  LUFKIN        TX    0.170
 RUSTON L P I LA                         168067 0
 LATT=  32.52 LONG= -92.68 YEARS= 62. TYPE= 4
 ELEVATION =  280. TP5 = 3.13 TP6= 6.84
 MEAN P   0.51  0.55  0.52  0.58  0.67  0.51  0.49  0.44  0.47  0.61  0.57  0.57
 S DEV P  0.62  0.73  0.64  0.79  0.93  0.63  0.75  0.65  0.61  0.91  0.71  0.78
 SQEW  P  1.97  4.07  2.28  2.93  4.56  2.30  4.69  3.55  2.44  4.43  2.29  3.41
 P(W/W)   0.53  0.47  0.41  0.40  0.47  0.44  0.45  0.40  0.44  0.41  0.44  0.49
 P(W/D)   0.23  0.24  0.26  0.22  0.21  0.18  0.20  0.17  0.16  0.13  0.20  0.22
 TMAX AV 56.43 60.71 68.18 76.81 83.34 90.46 93.33 93.33 87.76 78.78 67.15 58.51
 TMIN AV 34.87 37.95 44.45 53.12 60.87 67.82 70.56 69.71 64.19 52.66 43.34 36.70
 SD TMAX 12.47 11.92 10.59  7.61  5.98  5.26  4.74  5.03  6.96  8.40 10.34 10.99
 SD TMIN 11.34 10.54 10.36  8.74  6.37  4.71  3.34  3.88  6.94  9.41 10.58 10.44
 SOL.RAD  221.  282.  371.  447.  554.  558.  573.  525.  445.  355.  254.  204.
 SD SOL   52.2  63.8  76.1  92.4  81.6  92.0  80.0 188.1  78.4  48.4  47.3  48.8
 MX .5 P  1.06  0.98  1.11  1.42  1.53  1.42  1.55  1.71  1.50  1.11  0.73  0.85
 DEW PT  37.68 39.70 44.25 53.70 62.55 69.27 71.25 70.27 64.72 54.16 43.89 37.34
Time Pk  0.498 0.612 0.696 0.776 0.798 0.815 0.850 0.873 0.894 0.932 0.964 1.000
% N       9.29  9.13  7.16  5.77  4.90  3.79  3.57  5.72 10.07  9.76  8.81  8.05
MEAN      4.82  4.75  4.80  4.81  4.10  3.67  3.36  3.49  3.87  4.12  4.50  4.51
STD DEV   1.93  1.94  1.96  1.95  1.81  1.58  1.61  1.37  1.67  1.81  2.03  1.94
SKEW      0.36  0.31  0.37  0.27  0.49  0.69  1.20  0.50  0.59  0.54  0.62  0.43
% NNE     5.98  6.33  5.02  3.91  3.86  3.14  2.81  4.88  9.21  6.50  4.79  5.67
MEAN      4.95  4.78  4.63  4.66  4.29  3.69  3.44  3.65  4.16  4.22  4.66  4.77
STD DEV   1.88  1.94  1.91  1.96  1.93  1.65  1.38  1.58  1.77  1.96  2.09  1.94
SKEW      0.29  0.29  0.28  0.41  0.49  0.94  0.40  0.73  0.49  0.55  0.60  0.30
% NE      5.82  6.03  5.07  4.21  4.66  3.46  3.84  5.35  8.55  5.56  4.77  5.06
MEAN      4.26  4.19  4.31  4.14  3.72  3.27  3.33  3.41  3.86  3.77  3.93  4.07
STD DEV   1.70  1.71  1.79  1.70  1.61  1.45  1.44  1.58  1.66  1.82  1.70  1.65
SKEW      0.41  0.50  0.46  0.49  0.43  0.90  0.64  0.85  0.62  0.92  0.70  0.64
% ENE     3.36  3.99  3.85  3.10  3.29  3.24  2.74  4.61  6.88  4.01  2.96  2.93
MEAN      3.88  3.79  4.16  3.80  3.61  3.71  3.56  3.36  3.84  3.45  3.75  3.66
STD DEV   1.40  1.52  1.59  1.58  1.40  1.50  1.58  1.49  1.59  1.46  1.45  1.36
SKEW      0.53  0.52  0.49  0.62  0.22  0.66  0.78  0.81  0.64  0.64  0.41  0.47
% E       3.98  4.16  5.08  4.20  4.55  4.80  4.82  5.65  7.29  4.80  3.45  3.78
MEAN      3.61  3.68  3.81  3.78  3.50  3.66  3.26  3.41  3.53  3.33  3.38  3.41
STD DEV   1.39  1.53  1.53  1.56  1.57  1.66  1.49  1.48  1.51  1.41  1.33  1.34
SKEW      0.56  0.70  0.43  0.45  0.74  0.84  0.82  0.62  0.66  0.65  0.59  0.58
% ESE     4.56  5.00  5.44  6.05  6.67  5.75  5.46  6.41  6.42  5.62  3.88  4.94
MEAN      3.72  3.92  3.86  3.91  3.42  3.34  3.29  3.13  3.34  3.32  3.52  3.74
STD DEV   1.60  1.68  1.57  1.73  1.56  1.46  1.54  1.44  1.50  1.46  1.42  1.54
SKEW      0.65  0.69  0.68  0.63  0.67  0.74  1.10  0.98  0.97  0.69  0.41  0.56
% SE      7.62  7.06  7.40 10.55 10.16  9.68  8.52  8.16  7.42  8.31  8.13  8.73
MEAN      3.90  4.28  4.20  4.17  3.81  3.30  3.16  3.11  3.16  3.40  4.03  3.91
STD DEV   1.60  1.90  1.99  1.87  1.78  1.45  1.40  1.37  1.38  1.60  1.87  1.74
SKEW      0.56  0.55  0.70  0.65  0.67  0.74  0.93  1.03  0.87  0.96  0.72  0.78
% SSE     9.93  7.42  8.48 11.16  9.89  7.87  7.33  6.21  5.45  6.11  8.42  8.64
MEAN      4.52  4.48  4.97  4.76  4.36  3.64  3.33  3.31  3.49  3.78  4.40  4.41
STD DEV   1.68  1.85  2.05  1.94  1.77  1.47  1.40  1.45  1.44  1.66  1.89  1.76
SKEW      0.26  0.43  0.37  0.47  0.43  0.58  0.84  0.93  0.68  0.65  0.48  0.55
% S      11.01  9.66 11.43 13.03 11.08 11.58  9.90  7.97  4.86  5.59  8.46  9.00
MEAN      4.78  4.77  5.17  4.84  4.32  3.77  3.38  3.29  3.62  3.64  4.53  4.57
STD DEV   1.83  2.01  2.06  1.94  1.77  1.53  1.38  1.36  1.56  1.43  1.92  1.94
SKEW      0.40  0.42  0.33  0.38  0.47  0.65  0.75  0.66  0.83  0.44  0.47  0.49
% SSW     4.66  5.55  6.20  5.74  6.02  8.20  8.85  5.63  2.81  2.77  3.85  4.30
MEAN      5.13  4.88  5.15  4.69  4.23  3.87  3.52  3.46  3.63  3.81  4.42  4.69
STD DEV   2.11  2.08  1.96  1.90  1.70  1.50  1.30  1.48  1.45  1.53  2.08  2.06
SKEW      0.30  0.52  0.24  0.47  0.49  0.45  0.46  0.69  0.62  0.43  0.75  0.60
% SW      3.04  4.26  4.08  3.83  5.41  7.79  9.83  6.77  2.22  2.26  3.13  3.51
MEAN      4.38  4.35  4.33  4.35  3.68  3.67  3.46  3.40  3.22  3.29  3.95  3.75
STD DEV   2.09  2.12  1.99  2.05  1.67  1.48  1.37  1.38  1.35  1.47  1.84  1.88
SKEW      0.58  0.77  0.48  0.53  0.68  0.45  0.60  0.45  0.61  0.66  0.70  0.97
% WSW     2.81  3.52  3.15  3.26  2.69  3.93  5.44  3.68  1.36  1.72  2.47  3.15
MEAN      4.69  4.76  4.77  4.93  3.91  3.55  3.65  3.54  3.12  3.42  4.09  4.26
STD DEV   2.19  2.14  2.27  2.16  1.51  1.41  1.38  1.31  1.18  1.47  1.70  1.92
SKEW      0.49  0.66  0.59  0.41  0.53  0.51  0.26  0.44  0.58  0.94  0.55  0.61
% W       3.17  3.60  3.74  3.52  2.25  2.77  3.31  2.75  1.26  2.10  3.22  4.30
MEAN      4.47  4.67  4.88  4.80  3.74  3.65  3.45  3.35  2.97  3.96  4.04  4.49
STD DEV   2.06  2.16  2.23  2.34  1.63  1.48  1.37  1.47  1.12  1.83  1.90  2.03
SKEW      0.74  0.51  0.47  0.69  0.55  0.59  0.49  0.71  0.65  0.76  0.71  0.55
% WNW     3.51  3.90  4.21  3.17  2.14  2.26  2.14  1.90  1.28  2.54  3.54  4.43
MEAN      4.98  5.18  6.02  5.41  4.08  3.68  3.61  3.43  2.99  4.11  4.68  5.26
STD DEV   2.13  2.15  2.40  2.22  1.63  1.60  1.63  1.42  1.36  1.79  1.95  2.17
SKEW      0.49  0.27  0.34  0.26  0.37  0.70  0.70  0.56  0.79  0.65  0.39  0.30
% NW      6.28  5.70  5.82  4.01  3.45  2.69  2.01  2.54  2.62  4.60  6.12  5.60
MEAN      5.02  5.09  5.19  4.68  4.05  3.42  3.06  3.14  3.30  3.94  4.49  4.96
STD DEV   2.01  2.13  2.26  2.08  1.97  1.43  1.14  1.32  1.50  1.79  2.02  2.26
SKEW      0.29  0.35  0.41  0.39  0.64  0.68  0.46  0.69  0.88  0.70  0.58  0.48
% NNW     6.21  5.33  5.21  3.77  2.90  2.15  1.79  2.51  3.53  5.39  6.16  4.63
MEAN      5.24  5.08  5.12  4.66  4.35  3.82  3.51  3.33  3.75  4.37  4.96  4.94
STD DEV   2.03  2.01  2.12  2.04  1.91  1.64  1.63  1.32  1.56  1.78  1.97  2.02
SKEW      0.32  0.35  0.39  0.51  0.45  0.60  1.12  0.27  0.54  0.43  0.37  0.32
CALM      8.76  9.37  8.66 10.90 16.06 16.78 17.71 19.13 18.80 22.34 17.84 13.25
MONROE        LA    0.545  SHREVEPORT    LA    0.316  JACKSON       MS    0.139
 SHREVEPORT WB AP LA                     168440 0
 LATT=  32.55 LONG= -93.77 YEARS= 62. TYPE= 4
 ELEVATION =  170. TP5 = 3.23 TP6= 7.01
 MEAN P   0.44  0.44  0.42  0.52  0.57  0.50  0.44  0.39  0.42  0.55  0.53  0.47
 S DEV P  0.58  0.57  0.57  0.82  0.79  0.76  0.66  0.55  0.61  0.77  0.70  0.61
 SQEW  P  2.31  1.97  2.93  4.90  2.65  3.57  3.15  2.26  2.88  2.91  2.24  2.05
 P(W/W)   0.51  0.47  0.43  0.42  0.48  0.46  0.42  0.37  0.41  0.41  0.45  0.50
 P(W/D)   0.23  0.24  0.25  0.24  0.21  0.17  0.19  0.18  0.16  0.15  0.21  0.22
 TMAX AV 56.14 60.74 68.37 76.78 83.41 90.44 93.47 93.52 87.89 79.00 67.02 58.80
 TMIN AV 36.93 40.07 46.50 55.05 62.90 70.12 72.92 72.26 66.57 55.32 45.13 38.95
 SD TMAX 12.66 11.85 10.53  7.71  6.05  5.05  4.76  5.09  6.97  8.31 10.54 11.32
 SD TMIN 11.17 10.05  9.85  8.29  6.07  4.55  3.06  3.80  6.77  8.95 10.18 10.32
 SOL.RAD  229.  291.  385.  451.  555.  567.  579.  534.  426.  358.  258.  207.
 SD SOL   51.3  62.5  73.4  93.7  83.3  91.1  79.5 196.5  86.6  49.1  47.5  49.6
 MX .5 P  0.98  1.01  1.11  1.13  1.69  1.42  1.25  1.89  1.68  1.12  0.67  0.81
 DEW PT  37.48 39.71 44.02 53.88 62.14 68.92 70.94 70.08 65.02 54.79 45.04 38.65
Time Pk  0.498 0.635 0.705 0.796 0.818 0.833 0.859 0.878 0.896 0.932 0.966 1.000
% N       6.49  7.43  5.78  4.88  3.61  3.34  2.52  4.09  7.73  7.74  7.12  6.09
MEAN      4.13  4.32  4.26  4.08  3.59  3.38  3.15  3.23  3.55  3.62  4.00  4.04
STD DEV   1.93  1.95  1.91  1.76  1.73  1.56  1.57  1.51  1.59  1.71  1.97  1.81
SKEW      0.78  0.52  0.55  0.46  0.65  0.73  0.80  0.84  0.63  0.57  0.84  0.43
% NNE     5.53  5.51  4.04  3.47  3.62  2.85  2.60  4.11  8.04  6.63  4.69  5.40
MEAN      4.43  4.38  4.26  4.27  3.97  3.34  3.35  3.37  3.85  3.91  4.12  4.32
STD DEV   2.01  1.96  1.89  1.97  1.87  1.60  1.56  1.55  1.67  1.78  1.92  1.74
SKEW      0.61  0.39  0.40  0.64  0.53  1.02  0.57  0.66  0.55  0.60  0.63  0.25
% NE      4.61  4.43  4.07  3.03  3.44  3.04  3.05  4.48  7.43  4.75  3.57  4.49
MEAN      4.07  4.02  4.08  3.75  3.70  3.16  3.31  3.22  3.45  3.59  3.73  4.03
STD DEV   1.76  1.81  1.78  1.72  1.72  1.41  1.59  1.45  1.51  1.85  1.69  1.75
SKEW      0.49  0.64  0.53  0.54  0.48  0.75  0.71  0.62  0.69  1.28  0.81  0.55
% ENE     3.83  4.16  3.95  3.59  3.35  3.72  3.49  4.73  7.51  3.75  3.44  3.96
MEAN      3.90  3.80  4.02  3.85  3.40  3.24  3.46  3.14  3.56  3.30  3.47  3.83
STD DEV   1.64  1.73  1.70  1.69  1.51  1.48  1.58  1.44  1.54  1.48  1.49  1.55
SKEW      0.40  0.40  0.60  0.46  0.45  0.97  0.68  0.80  0.57  0.63  0.27  0.29
% E       3.84  4.97  4.19  4.15  4.50  4.61  4.25  6.00  7.11  4.59  3.51  3.69
MEAN      3.35  3.61  3.75  3.52  3.16  3.02  3.00  2.96  3.23  2.88  3.20  3.39
STD DEV   1.35  1.66  1.66  1.56  1.52  1.39  1.47  1.39  1.46  1.27  1.39  1.47
SKEW      0.33  0.68  0.46  0.39  0.81  0.67  0.81  0.79  0.70  0.68  0.76  0.62
% ESE     4.38  5.00  4.86  5.45  6.56  5.65  5.52  6.73  7.33  6.04  4.13  4.87
MEAN      3.43  3.78  3.78  3.69  3.27  3.07  3.15  2.94  3.29  3.13  3.21  3.37
STD DEV   1.42  1.60  1.68  1.59  1.49  1.35  1.55  1.36  1.61  1.39  1.34  1.44
SKEW      0.44  0.41  0.67  0.58  0.56  0.61  0.93  1.06  1.27  0.65  0.59  0.68
% SE      7.32  6.69  7.26  8.85  9.39  8.39  7.93  9.31  8.33  8.96  7.45  8.07
MEAN      3.67  3.89  3.95  4.01  3.51  3.17  3.02  3.01  3.04  3.24  3.59  3.63
STD DEV   1.52  1.75  1.86  1.78  1.57  1.43  1.39  1.39  1.35  1.48  1.68  1.53
SKEW      0.60  0.52  0.64  0.76  0.65  0.80  0.90  0.98  0.92  0.75  0.74  0.51
% SSE    12.76  9.50 12.02 14.83 14.04 11.22 10.38  9.93  8.36 10.48 11.55 11.66
MEAN      4.06  4.27  4.65  4.65  4.27  3.65  3.25  3.23  3.49  3.62  4.14  4.05
STD DEV   1.59  1.84  2.01  1.95  1.90  1.59  1.40  1.37  1.55  1.68  1.90  1.68
SKEW      0.36  0.59  0.55  0.52  0.61  0.82  0.83  0.80  0.78  0.91  0.62  0.56
% S      11.29 10.27 13.20 18.03 16.61 17.24 14.65 12.42  7.29  8.60 10.93 10.64
MEAN      4.79  4.74  5.15  5.25  4.54  4.13  3.53  3.44  3.83  3.90  4.53  4.51
STD DEV   2.00  2.15  2.16  2.08  1.89  1.70  1.42  1.47  1.69  1.71  2.02  2.00
SKEW      0.49  0.59  0.47  0.33  0.48  0.66  0.63  0.75  0.63  0.68  0.55  0.66
% SSW     4.56  5.86  5.92  5.76  7.36 10.87 11.81  8.60  3.61  3.38  4.64  4.48
MEAN      4.98  4.79  5.03  4.82  4.14  3.99  3.61  3.48  3.52  3.58  4.29  4.51
STD DEV   2.33  2.13  2.10  2.12  1.69  1.63  1.41  1.40  1.57  1.55  1.99  2.21
SKEW      0.75  0.73  0.47  0.42  0.43  0.62  0.57  0.59  0.76  0.73  0.77  0.74
% SW      2.03  2.99  2.83  2.73  3.36  5.03  7.99  4.93  1.79  2.10  2.39  2.41
MEAN      4.28  4.19  4.28  4.29  3.64  3.66  3.58  3.48  3.18  3.23  4.05  3.89
STD DEV   2.12  1.80  1.90  2.05  1.67  1.51  1.47  1.45  1.34  1.43  2.04  1.98
SKEW      0.72  0.56  0.48  0.53  0.54  0.49  0.63  0.52  0.70  0.71  0.80  0.86
% WSW     1.82  2.77  2.53  2.41  2.04  2.88  5.43  3.13  1.38  1.57  2.05  2.58
MEAN      4.43  4.44  4.77  4.39  3.74  3.26  3.48  3.39  3.02  3.23  3.74  4.03
STD DEV   2.19  1.97  2.37  1.94  1.52  1.27  1.37  1.45  1.28  1.38  1.87  1.82
SKEW      0.69  0.70  0.58  0.53  0.53  0.44  0.45  0.63  1.19  0.65  0.89  0.76
% W       3.15  3.73  3.33  2.80  2.08  2.01  2.98  2.30  1.43  2.13  2.97  3.55
MEAN      4.38  4.75  4.79  4.23  3.41  3.17  3.22  3.25  2.82  3.51  3.59  4.15
STD DEV   2.16  2.28  2.36  2.09  1.55  1.39  1.37  1.33  1.24  1.71  1.67  1.88
SKEW      0.71  0.66  0.66  0.75  0.63  0.64  0.53  0.50  1.51  1.01  0.84  0.64
% WNW     5.38  4.94  5.36  3.54  2.27  2.10  1.77  1.47  1.39  3.20  4.64  6.05
MEAN      5.15  5.01  5.21  5.02  3.88  3.51  3.15  3.33  2.98  4.13  4.34  4.86
STD DEV   2.33  2.03  2.28  2.32  1.63  1.57  1.21  1.41  1.56  1.94  1.95  2.15
SKEW      0.59  0.45  0.36  0.74  0.52  0.71  0.49  0.50  2.02  0.88  0.66  0.57
% NW      7.29  6.71  6.80  4.25  2.73  2.01  1.55  1.67  2.24  4.52  6.45  6.30
MEAN      5.00  5.05  5.07  4.80  3.99  3.28  2.98  3.15  3.15  3.98  4.66  5.04
STD DEV   2.16  2.09  2.32  2.18  1.91  1.45  1.16  1.40  1.56  1.91  2.16  2.27
SKEW      0.50  0.38  0.49  0.38  0.72  0.74  0.51  0.59  1.58  0.85  0.49  0.69
% NNW     7.82  7.02  6.57  4.79  3.62  2.40  1.78  2.38  3.65  5.68  7.76  6.36
MEAN      4.54  4.48  4.56  4.33  3.85  3.24  3.09  3.06  3.20  3.70  4.39  4.47
STD DEV   1.98  1.95  2.10  1.88  1.76  1.51  1.57  1.25  1.52  1.71  2.12  2.06
SKEW      0.71  0.50  0.65  0.61  0.46  0.81  1.56  0.52  1.03  0.70  0.64  0.63
CALM      7.87  7.99  7.26  7.48 11.54 12.61 12.36 13.65 15.29 15.79 12.68  9.47
SHREVEPORT    LA    1.000  TEXARKANA     AR    0.000  TYLER         TX    0.000
 TALLULAH LA                             168923 0
 LATT=  32.38 LONG= -91.22 YEARS= 44. TYPE= 4
 ELEVATION =   90. TP5 = 3.02 TP6= 6.69
 MEAN P   0.49  0.57  0.62  0.63  0.63  0.48  0.43  0.44  0.43  0.50  0.61  0.60
 S DEV P  0.61  0.77  0.85  0.90  0.76  0.65  0.55  0.57  0.67  0.68  0.83  0.77
 SQEW  P  2.65  3.85  3.09  2.89  2.36  3.08  2.79  2.55  3.71  2.34  3.04  2.33
 P(W/W)   0.48  0.48  0.42  0.39  0.48  0.46  0.44  0.39  0.45  0.40  0.41  0.48
 P(W/D)   0.27  0.26  0.26  0.24  0.21  0.21  0.22  0.18  0.16  0.14  0.21  0.24
 TMAX AV 55.51 59.92 67.86 76.51 83.44 89.63 91.94 91.53 86.78 78.20 67.45 58.70
 TMIN AV 34.87 38.17 45.18 53.48 61.26 68.03 70.74 69.30 63.39 50.68 42.76 36.81
 SD TMAX 13.21 12.45 10.78  8.02  6.19  4.99  4.28  4.25  6.60  8.25 10.65 11.78
 SD TMIN 11.49 10.63 10.20  9.06  6.56  4.96  3.24  4.14  7.59 10.01 11.23 11.04
 SOL.RAD  217.  275.  359.  449.  559.  560.  571.  524.  491.  360.  257.  209.
 SD SOL   51.2  63.2  76.8  87.3  76.3  87.1  77.0 162.5  60.2  44.2  43.9  44.7
 MX .5 P  1.17  0.84  1.02  1.90  1.30  1.47  2.12  1.52  1.16  1.07  0.84  0.87
 DEW PT  39.68 40.79 45.68 54.79 62.68 69.68 72.57 70.89 65.11 54.21 43.43 36.64
Time Pk  0.476 0.593 0.661 0.744 0.774 0.791 0.830 0.853 0.874 0.911 0.949 1.000
% N       9.28  8.73  7.27  6.04  5.14  4.15  3.93  5.87  8.97  9.28  8.56  8.22
MEAN      5.00  4.69  4.73  4.62  3.97  3.47  3.17  3.28  3.73  4.10  4.44  4.55
STD DEV   1.94  1.93  1.98  1.95  1.85  1.59  1.44  1.29  1.70  1.89  2.00  2.07
SKEW      0.09  0.25  0.36  0.28  0.50  0.79  1.07  0.55  0.64  0.55  0.54  0.47
% NNE     7.09  7.50  6.52  5.20  4.85  3.80  3.45  5.65 10.67  8.51  6.69  7.00
MEAN      4.70  4.55  4.34  4.41  3.98  3.43  3.17  3.41  3.94  4.05  4.44  4.51
STD DEV   1.74  1.85  1.80  1.83  1.81  1.48  1.27  1.50  1.72  1.94  1.98  1.90
SKEW      0.18  0.29  0.37  0.35  0.57  0.73  0.54  0.78  0.56  0.68  0.54  0.42
% NE      5.27  6.29  5.60  4.29  5.11  3.93  3.92  6.04  9.92  7.23  5.60  5.19
MEAN      3.87  3.77  3.83  3.78  3.28  3.00  2.94  3.08  3.60  3.40  3.57  3.64
STD DEV   1.51  1.52  1.60  1.57  1.42  1.39  1.26  1.45  1.61  1.63  1.57  1.47
SKEW      0.35  0.48  0.56  0.49  0.57  0.88  0.77  1.01  0.65  0.95  0.67  0.57
% ENE     2.98  4.24  3.89  2.99  3.36  3.13  2.89  5.05  7.71  5.37  3.44  3.16
MEAN      3.45  3.46  3.66  3.40  3.29  3.39  3.20  3.13  3.59  3.20  3.33  3.30
STD DEV   1.25  1.37  1.45  1.40  1.29  1.34  1.46  1.38  1.55  1.41  1.30  1.22
SKEW      0.57  0.59  0.52  0.70  0.35  0.66  1.10  0.81  0.75  0.75  0.54  0.54
% E       3.28  3.54  4.63  3.46  4.22  4.45  4.70  5.18  7.19  5.06  3.28  3.73
MEAN      3.17  3.23  3.31  3.35  3.16  3.28  3.00  3.11  3.28  3.05  3.01  3.08
STD DEV   1.24  1.39  1.35  1.42  1.45  1.50  1.36  1.38  1.43  1.37  1.25  1.25
SKEW      0.70  0.93  0.66  0.60  0.89  0.97  0.86  0.68  0.74  0.84  0.64  0.66
% ESE     3.88  4.32  4.91  4.68  5.18  5.15  4.98  5.35  6.13  5.27  3.57  4.99
MEAN      3.44  3.69  3.52  3.54  3.24  3.16  3.11  2.94  3.24  3.26  3.27  3.62
STD DEV   1.52  1.65  1.43  1.61  1.49  1.39  1.44  1.36  1.41  1.50  1.35  1.55
SKEW      0.74  0.75  0.70  0.73  0.75  0.84  1.03  0.91  0.73  0.70  0.51  0.51
% SE      6.60  6.21  6.40  8.63  8.37  8.25  7.61  6.71  6.57  7.34  7.04  7.89
MEAN      3.70  4.04  3.98  3.87  3.55  3.08  3.04  2.85  3.03  3.18  3.71  3.83
STD DEV   1.60  1.88  1.91  1.78  1.71  1.42  1.37  1.28  1.39  1.57  1.79  1.84
SKEW      0.58  0.66  0.65  0.58  0.61  0.78  0.92  1.09  0.81  1.03  0.74  0.90
% SSE    12.15  8.49  9.31 11.92  9.89  7.59  7.57  5.50  5.56  6.22  9.30  9.79
MEAN      4.55  4.46  4.86  4.54  4.03  3.40  3.13  3.05  3.23  3.50  4.24  4.39
STD DEV   1.78  1.92  2.11  1.90  1.66  1.42  1.35  1.37  1.35  1.56  1.89  1.86
SKEW      0.32  0.53  0.47  0.50  0.45  0.70  0.87  0.97  0.76  0.70  0.48  0.55
% S      11.47  9.33 10.35 11.85  9.82  9.26  8.14  6.01  4.48  4.90  7.45  8.50
MEAN      4.58  4.61  4.87  4.35  4.00  3.25  3.05  2.91  3.16  3.22  4.09  4.38
STD DEV   1.81  2.03  2.08  1.88  1.77  1.37  1.32  1.24  1.36  1.35  1.84  1.95
SKEW      0.37  0.43  0.45  0.51  0.58  0.71  0.92  0.80  0.89  0.65  0.63  0.44
% SSW     8.13  7.43  9.03  8.55  8.04  9.15  9.23  6.23  3.78  3.51  5.22  5.97
MEAN      4.95  4.75  5.12  4.43  3.96  3.52  3.23  3.15  3.38  3.58  4.37  4.53
STD DEV   1.96  2.08  2.01  1.84  1.69  1.45  1.28  1.39  1.39  1.52  2.07  2.01
SKEW      0.27  0.46  0.26  0.56  0.59  0.66  0.64  0.83  0.67  0.53  0.62  0.57
% SW      3.26  4.94  4.33  4.61  6.39  8.18  9.19  6.85  2.40  2.21  3.23  3.72
MEAN      4.35  4.36  4.25  4.11  3.57  3.38  3.10  3.04  3.01  3.06  3.68  3.68
STD DEV   2.04  2.27  2.02  1.93  1.64  1.44  1.32  1.29  1.35  1.46  1.70  1.89
SKEW      0.42  0.76  0.42  0.53  0.69  0.60  0.79  0.60  0.62  0.72  0.61  0.95
% WSW     2.86  3.78  3.28  3.39  3.63  4.92  6.04  4.78  1.49  1.93  2.81  3.08
MEAN      4.45  4.60  4.53  4.43  3.70  3.46  3.45  3.34  3.00  3.15  3.89  3.95
STD DEV   2.20  2.07  2.11  1.99  1.51  1.46  1.39  1.28  1.20  1.37  1.65  1.97
SKEW      0.50  0.51  0.48  0.42  0.54  0.61  0.44  0.45  0.38  0.84  0.58  0.66
% W       2.58  3.23  3.15  3.22  2.54  3.70  4.12  3.56  1.33  1.89  2.97  3.56
MEAN      3.97  4.17  4.29  4.42  3.45  3.41  3.28  3.21  2.76  3.51  3.66  3.99
STD DEV   1.96  1.96  1.97  2.33  1.56  1.43  1.40  1.47  1.12  1.62  1.82  1.99
SKEW      0.83  0.45  0.51  0.74  0.59  0.62  0.61  0.72  0.46  0.56  0.88  0.78
% WNW     2.69  3.31  3.64  2.96  2.61  3.24  3.21  3.22  1.57  2.22  3.20  3.59
MEAN      4.76  4.90  5.65  4.96  3.69  3.43  3.54  3.33  2.93  3.58  4.34  4.82
STD DEV   2.18  2.15  2.40  2.21  1.56  1.54  1.64  1.39  1.28  1.61  1.92  2.17
SKEW      0.52  0.31  0.34  0.19  0.38  0.61  0.75  0.55  0.36  0.70  0.41  0.34
% NW      5.35  5.49  5.02  4.46  4.19  3.77  3.39  3.99  3.03  4.51  6.24  5.61
MEAN      4.80  4.78  5.06  4.31  3.65  3.17  2.95  3.03  3.12  3.48  4.07  4.68
STD DEV   2.18  2.16  2.37  2.12  1.90  1.45  1.21  1.41  1.50  1.75  1.98  2.33
SKEW      0.36  0.35  0.33  0.60  0.79  0.89  0.50  0.81  0.68  0.78  0.63  0.44
% NNW     6.42  5.69  5.76  4.70  3.32  2.95  2.55  3.65  3.61  5.86  6.94  5.55
MEAN      5.46  5.28  5.22  4.74  4.35  3.75  3.45  3.37  3.76  4.46  5.09  5.10
STD DEV   2.18  2.16  2.22  2.05  1.97  1.60  1.52  1.39  1.64  1.94  1.94  2.14
SKEW      0.29  0.25  0.22  0.40  0.44  0.54  0.67  0.37  0.58  0.39  0.19  0.21
CALM      6.70  7.46  6.88  9.13 13.26 14.29 15.12 16.28 15.64 18.69 14.45 10.41
MONROE        LA    0.417  JACKSON       MS    0.351  MCCOMB        MS    0.232
 VERMILION LOCK LA                       169319 0
 LATT=  29.78 LONG= -92.20 YEARS= 35. TYPE= 4
 ELEVATION =   10. TP5 = 3.53 TP6= 8.53
 MEAN P   0.50  0.54  0.51  0.73  0.68  0.66  0.61  0.53  0.61  0.69  0.58  0.55
 S DEV P  0.60  0.66  0.72  1.07  0.94  1.04  0.73  0.69  0.87  0.95  0.74  0.88
 SQEW  P  2.05  2.63  3.06  3.08  2.66  4.53  2.51  3.87  2.96  2.75  2.35  4.82
 P(W/W)   0.38  0.40  0.31  0.37  0.39  0.47  0.56  0.59  0.57  0.38  0.33  0.46
 P(W/D)   0.25  0.23  0.20  0.14  0.16  0.18  0.34  0.29  0.19  0.12  0.17  0.21
 TMAX AV 59.77 62.69 69.70 76.48 82.78 88.21 90.03 89.92 86.81 80.13 70.31 64.05
 TMIN AV 39.79 42.15 49.68 58.52 65.21 70.66 72.47 71.72 67.39 56.42 47.70 42.47
 SD TMAX 11.04  9.98  7.70  5.33  4.34  3.50  3.31  3.16  4.33  6.53  9.07  9.45
 SD TMIN 10.87 10.00 10.02  8.51  6.11  4.94  2.76  3.07  6.16  9.21 10.54 10.77
 SOL.RAD  235.  280.  352.  423.  478.  485.  470.  454.  406.  371.  283.  214.
 SD SOL   54.3  69.1  83.4  95.8 101.3 108.9 109.3 205.9  88.3  47.9  43.5  52.2
 MX .5 P  1.23  0.94  1.14  1.54  1.85  1.15  1.88  1.91  2.00  1.49  1.85  1.19
 DEW PT  46.21 48.42 51.90 59.11 66.63 71.69 73.42 73.21 69.69 59.79 51.37 47.11
Time Pk  0.407 0.523 0.600 0.706 0.737 0.754 0.800 0.827 0.846 0.893 0.937 1.000
% N       9.04  8.30  8.80  5.51  4.79  3.90  3.04  4.84  8.08 10.30 10.67  9.40
MEAN      4.76  4.62  4.71  4.35  3.91  3.12  2.84  3.05  3.75  4.07  4.86  4.69
STD DEV   2.04  1.87  2.09  1.92  1.85  1.38  1.18  1.25  1.79  1.88  2.12  2.13
SKEW      0.50  0.26  0.58  0.54  0.79  0.70  0.60  0.53  0.85  0.79  0.30  0.45
% NNE     7.58  6.93  5.14  4.16  3.49  2.68  2.71  4.57  9.36  9.30  7.56  6.66
MEAN      4.50  4.50  4.49  4.49  3.75  3.31  2.99  3.24  3.91  3.93  4.76  4.35
STD DEV   1.84  1.68  1.70  1.82  1.51  1.18  1.12  1.30  1.61  1.63  2.11  1.88
SKEW      0.47  0.46  0.47  0.47  0.48  0.48  0.45  0.63  0.75  0.69  0.52  0.57
% NE      6.99  7.98  7.03  5.99  5.00  5.40  5.46  7.65 15.32 12.67  9.04  7.79
MEAN      4.12  4.15  4.08  3.91  3.32  3.03  2.83  3.06  3.78  3.49  4.05  3.94
STD DEV   1.72  1.58  1.62  1.75  1.37  1.25  1.22  1.33  1.63  1.52  1.82  1.60
SKEW      0.50  0.30  0.18  0.46  0.42  0.49  0.68  0.57  0.84  0.70  0.89  0.42
% ENE     4.41  5.07  4.54  3.40  3.31  3.92  3.19  4.70  8.40  6.54  5.25  4.92
MEAN      4.62  4.30  4.35  4.03  3.83  3.37  3.50  3.39  3.98  3.58  4.19  3.91
STD DEV   1.84  1.62  1.68  1.60  1.60  1.32  1.74  1.45  1.73  1.47  1.58  1.53
SKEW      0.38  0.30  0.28  0.43  0.54  0.32  0.99  0.84  0.93  0.39  0.44  0.41
% E       5.82  7.13  6.37  6.98  7.36  8.12  7.07  9.12 13.06 11.64  7.12  8.40
MEAN      4.03  4.12  3.98  3.93  3.51  3.26  3.05  3.28  3.72  3.44  3.67  3.75
STD DEV   1.84  1.68  1.62  1.58  1.55  1.48  1.55  1.51  1.88  1.51  1.54  1.52
SKEW      0.66  0.54  0.39  0.37  0.50  0.87  1.03  0.83  1.39  0.60  0.49  0.45
% ESE     5.00  4.99  5.45  5.93  5.80  4.93  4.05  4.30  5.94  5.89  4.80  5.90
MEAN      4.10  4.49  4.29  4.16  3.84  3.46  3.23  3.38  3.43  3.82  4.09  4.19
STD DEV   1.49  1.71  1.75  1.54  1.46  1.43  1.43  1.31  1.45  1.67  1.65  1.65
SKEW      0.36  0.43  0.45  0.76  0.56  0.85  0.75  0.58  1.11  0.60  0.53  0.41
% SE      9.12  7.00  8.81 12.00 10.32  7.91  8.25  7.01  7.44  7.78  7.47  8.36
MEAN      3.96  4.18  4.27  4.24  3.80  3.30  3.16  3.00  3.18  3.36  3.88  4.05
STD DEV   1.53  1.70  1.83  1.76  1.59  1.45  1.67  1.33  1.43  1.44  1.57  1.65
SKEW      0.58  0.54  0.56  0.78  0.42  0.86  1.66  0.59  0.78  0.67  0.51  0.38
% SSE     7.39  6.10  8.11 10.91  9.44  6.65  5.08  4.20  3.36  4.02  5.35  6.37
MEAN      4.71  4.76  5.16  5.32  4.74  3.62  3.40  3.20  3.41  3.80  4.71  4.94
STD DEV   1.90  1.89  2.18  2.19  1.95  1.52  1.55  1.38  1.36  1.74  1.94  1.94
SKEW      0.69  0.39  0.70  0.54  0.55  0.79  1.14  0.74  0.42  0.76  0.36  0.36
% S      14.76 13.24 16.14 16.06 17.51 16.01 13.47  9.54  5.84  5.86 10.62 11.26
MEAN      5.07  5.16  5.40  5.11  4.62  4.20  3.34  3.35  3.57  3.62  4.91  5.01
STD DEV   2.20  2.31  2.31  2.19  2.02  2.13  1.54  1.56  1.73  1.84  2.39  2.17
SKEW      0.63  0.59  0.38  0.47  0.31  2.17  1.01  0.84  0.80  0.95  0.55  0.51
% SSW     4.50  4.70  4.61  4.17  4.86  6.60  6.86  5.11  1.81  1.50  3.13  3.94
MEAN      5.26  4.80  4.94  4.58  4.12  4.13  3.72  3.49  3.15  3.43  4.12  4.56
STD DEV   2.31  2.10  2.06  2.08  1.73  1.84  1.58  1.56  1.55  1.65  2.06  1.99
SKEW      0.41  0.46  0.58  0.47  0.59  0.55  0.50  1.10  1.12  0.69  0.89  0.35
% SW      3.23  4.83  4.35  4.01  7.03  8.96  9.96  7.46  2.44  2.33  3.87  3.41
MEAN      4.61  4.77  4.50  4.02  3.72  3.71  3.48  3.13  2.81  3.36  4.30  4.45
STD DEV   2.33  2.33  2.04  1.91  1.83  1.75  1.71  1.41  1.35  2.13  2.64  2.43
SKEW      0.59  0.54  0.36  0.55  0.55  0.74  0.77  0.85  0.59  1.29  0.97  0.82
% WSW     2.12  2.56  2.48  1.88  2.32  3.36  4.54  3.59  1.12  0.92  1.93  2.24
MEAN      4.48  4.71  4.67  4.07  3.42  3.24  3.45  3.03  2.98  3.52  4.28  4.39
STD DEV   1.85  2.29  1.90  1.90  1.38  1.29  1.48  1.23  1.35  1.88  1.94  1.96
SKEW      0.40  0.62  0.30  0.53  0.23  0.49  0.48  0.50  0.31  1.04  0.34  0.44
% W       2.66  3.07  2.47  2.69  2.90  4.05  5.63  5.57  1.80  1.73  3.28  2.62
MEAN      4.15  3.84  4.42  4.09  3.40  3.07  3.37  3.14  2.69  2.88  3.65  4.22
STD DEV   2.00  1.77  2.21  2.01  1.44  1.49  1.43  1.34  1.24  1.36  1.76  2.20
SKEW      0.44  0.46  0.75  0.71  0.48  0.97  0.46  0.39  0.77  0.66  0.71  0.65
% WNW     2.85  3.08  2.44  2.21  1.66  2.18  2.71  3.05  1.06  1.58  2.68  2.88
MEAN      4.71  4.35  4.86  4.62  3.22  3.00  3.25  3.10  2.82  3.23  4.12  4.24
STD DEV   2.06  1.81  1.97  2.03  1.32  1.22  1.27  1.23  1.11  1.42  1.94  1.86
SKEW      0.37  0.39  0.37  0.30  0.33  0.23  0.35  0.25  0.83  0.45  0.59  0.59
% NW      4.33  4.49  3.73  4.31  2.59  2.52  3.21  2.98  1.83  2.87  5.15  4.71
MEAN      4.82  4.91  5.00  4.62  3.61  2.86  2.91  2.89  2.95  3.71  4.35  4.53
STD DEV   2.10  2.11  2.12  2.18  1.51  1.27  1.20  1.23  1.30  1.92  2.17  2.07
SKEW      0.35  0.41  0.12  0.50  0.43  0.54  0.52  0.52  0.55  1.18  0.57  0.39
% NNW     5.79  5.88  4.70  3.02  2.14  1.49  1.63  2.23  1.71  2.93  5.13  5.68
MEAN      5.30  5.30  5.42  4.93  4.18  3.09  2.91  3.04  3.21  4.16  4.99  4.99
STD DEV   2.07  2.12  2.21  2.16  1.79  1.12  1.20  1.20  1.50  2.00  2.20  2.15
SKEW      0.43  0.26  0.31  0.29  0.59  0.66  0.50  0.58  0.30  0.84  0.47  0.44
CALM      4.45  4.55  4.91  6.68  9.50 11.33 13.15 14.20 11.50 12.17  7.03  5.44
LAFAYETTE     LA    0.682  NEW ORLEANS   LA    0.185  GALVESTON     TX    0.133
