 AMHERST MA                              19 120 0
 LATT=  42.40 LONG= -72.53 YEARS= 66. TYPE= 4
 ELEVATION =  220. TP5 = 2.11 TP6= 4.67
 MEAN P   0.31  0.32  0.33  0.33  0.33  0.35  0.36  0.38  0.45  0.40  0.37  0.34
 S DEV P  0.38  0.35  0.41  0.40  0.41  0.46  0.50  0.56  0.72  0.64  0.57  0.41
 SQEW  P  2.33  1.87  2.14  2.28  2.49  2.53  2.95  2.59  4.72  7.25  6.53  2.31
 P(W/W)   0.39  0.41  0.42  0.49  0.50  0.47  0.42  0.43  0.42  0.42  0.47  0.42
 P(W/D)   0.28  0.27  0.29  0.30  0.29  0.32  0.28  0.27  0.24  0.21  0.28  0.28
 TMAX AV 33.51 36.03 45.23 58.19 70.45 78.61 83.36 81.30 73.87 63.43 50.03 36.95
 TMIN AV 14.64 16.08 25.47 34.86 45.16 54.52 59.53 57.53 49.65 39.22 31.04 19.47
 SD TMAX  9.40  9.48 10.55 10.88  9.51  8.01  5.93  6.56  8.14  9.25  9.76  9.77
 SD TMIN 12.51 11.84  9.19  7.87  8.30  7.53  6.96  7.61  9.48  9.90  9.44 11.16
 SOL.RAD  141.  215.  281.  360.  443.  488.  495.  434.  336.  237.  157.  120.
 SD SOL   36.0  44.1  68.8  92.2 101.4 102.6  92.1 156.1  84.6  48.5  37.4  33.9
 MX .5 P  0.32  0.24  0.37  0.43  0.59  0.90  1.46  1.09  0.80  0.94  0.30  0.33
 DEW PT  15.79 16.56 22.58 32.14 43.79 54.35 58.91 58.35 52.46 41.35 32.79 19.79
Time Pk  0.737 0.805 0.838 0.871 0.879 0.890 0.902 0.914 0.923 0.941 0.962 1.000
% N       9.31  8.29  8.92  8.04  7.19  5.33  5.11  6.48  7.74  7.56  7.37  8.72
MEAN      4.46  4.77  4.71  4.84  4.43  3.91  3.41  3.57  3.83  4.17  3.96  4.15
STD DEV   2.24  2.51  2.38  2.25  2.18  1.78  1.56  1.71  1.89  2.01  1.88  2.10
SKEW      0.77  0.89  0.91  0.56  0.75  0.55  0.68  0.74  0.90  0.88  0.70  0.77
% NNE     4.13  4.60  5.06  4.94  4.17  3.57  3.17  4.28  4.66  4.58  3.67  4.04
MEAN      4.74  4.69  4.90  4.76  4.32  3.94  3.32  3.58  3.81  4.09  3.89  4.00
STD DEV   2.60  2.44  2.54  2.26  2.23  1.85  1.50  1.71  1.94  1.84  2.02  2.13
SKEW      0.86  0.70  0.99  0.71  1.15  0.78  0.62  0.77  1.24  0.47  0.98  0.99
% NE      3.33  3.54  4.59  4.20  4.17  3.02  2.38  3.31  4.09  4.13  3.67  3.10
MEAN      4.00  4.35  4.71  4.28  3.84  3.48  2.87  3.19  3.36  3.95  3.68  3.81
STD DEV   2.01  2.41  2.55  2.02  1.92  1.73  1.34  1.61  1.71  1.82  2.04  2.07
SKEW      0.76  1.02  0.90  0.50  0.94  0.86  0.72  1.02  0.90  0.49  1.29  0.87
% ENE     1.64  2.40  2.90  3.06  3.12  2.53  1.69  2.03  2.58  2.94  2.63  1.64
MEAN      3.58  3.68  4.28  4.20  3.87  3.47  2.83  3.32  3.10  4.13  4.05  3.68
STD DEV   1.96  1.89  2.17  2.14  1.89  1.67  1.27  1.62  1.40  1.87  2.74  1.98
SKEW      0.71  0.89  0.83  1.00  0.86  0.66  0.77  0.85  0.74  0.36  1.54  0.94
% E       1.10  2.08  2.66  2.98  3.06  2.37  1.82  2.28  2.34  2.33  2.31  1.28
MEAN      3.04  3.12  3.92  3.86  3.50  3.19  2.82  2.92  2.90  3.63  3.15  3.30
STD DEV   1.55  1.45  1.89  1.87  1.61  1.64  1.30  1.40  1.39  1.84  1.62  1.83
SKEW      0.85  0.97  0.77  1.08  0.69  1.02  0.71  0.63  0.96  0.63  1.36  0.93
% ESE     0.49  0.84  1.24  1.62  2.05  1.53  1.26  1.18  1.28  1.13  1.05  0.63
MEAN      2.40  2.99  3.86  3.65  3.50  3.21  2.70  2.96  2.62  3.23  3.49  2.75
STD DEV   0.93  1.49  1.90  1.89  1.53  1.55  1.25  1.57  1.03  1.42  2.19  1.39
SKEW      0.20  1.33  0.96  1.32  0.61  0.76  0.78  1.36  0.34  0.53  1.13  1.24
% SE      0.91  1.10  1.58  1.89  2.10  1.67  1.99  1.78  1.74  1.63  1.49  1.18
MEAN      3.13  2.97  3.78  3.64  3.12  2.93  2.64  2.92  2.79  3.05  2.95  3.06
STD DEV   1.92  1.39  2.09  1.72  1.38  1.40  1.22  1.50  1.25  1.86  1.47  1.82
SKEW      1.18  1.08  1.09  0.64  0.49  0.75  0.80  1.22  0.74  1.98  0.81  1.80
% SSE     2.29  3.05  3.14  3.84  4.07  3.84  4.30  3.95  3.95  3.34  3.29  2.74
MEAN      3.34  3.71  4.33  4.27  3.73  3.43  3.07  3.38  3.51  3.18  3.33  3.59
STD DEV   1.60  1.92  2.36  2.04  1.75  1.64  1.40  1.79  1.76  1.64  1.53  2.08
SKEW      0.84  1.12  1.14  0.59  0.94  0.77  0.61  1.07  0.80  1.18  0.64  1.48
% S       5.81  6.13  5.71  8.22 10.26 13.11 12.13 11.11 10.02  8.56  8.21  7.09
MEAN      4.38  4.44  4.58  4.87  4.30  4.06  3.79  3.76  3.95  3.83  4.27  4.21
STD DEV   2.21  2.25  2.28  2.24  2.00  1.88  1.72  1.82  1.91  1.90  2.12  2.11
SKEW      0.61  0.91  0.62  0.43  0.77  0.54  0.67  0.87  0.81  0.96  0.77  0.70
% SSW     5.39  4.80  4.55  7.59  9.21 10.79  9.96  8.56  8.56  7.34  6.81  6.03
MEAN      4.69  4.51  4.96  5.29  4.72  4.40  4.21  4.11  4.45  4.34  4.71  4.59
STD DEV   2.13  2.05  2.31  2.33  2.00  1.80  1.72  1.76  1.91  1.98  2.23  2.11
SKEW      0.50  0.78  0.55  0.38  0.53  0.42  0.57  0.61  0.63  0.70  0.82  0.72
% SW      4.31  4.17  3.35  4.62  5.44  6.78  6.95  6.57  5.32  5.03  5.17  4.84
MEAN      4.37  4.03  4.23  4.49  4.32  4.08  4.09  3.91  3.91  3.87  4.04  4.20
STD DEV   2.00  1.84  2.00  1.92  1.90  1.73  1.71  1.75  1.68  1.73  1.78  1.83
SKEW      0.88  0.80  0.80  0.58  0.58  0.62  0.58  0.70  0.56  0.69  0.68  0.60
% WSW     4.73  4.63  3.71  4.48  4.81  5.93  6.51  5.65  4.64  5.28  5.25  5.72
MEAN      4.70  4.88  4.77  4.93  4.80  4.27  4.08  3.95  4.08  4.10  4.41  4.56
STD DEV   2.04  2.18  2.26  2.16  2.26  1.74  1.68  1.65  1.77  1.82  1.95  1.90
SKEW      0.57  0.80  0.52  0.61  0.57  0.53  0.57  0.52  0.55  0.53  0.54  0.45
% W       8.98  9.21  8.16  7.74  7.25  7.88  8.30  7.76  6.58  7.27  8.56  9.40
MEAN      5.56  5.80  5.70  5.50  4.93  4.36  4.25  4.17  4.15  4.46  5.01  5.36
STD DEV   2.54  2.62  2.72  2.48  2.22  1.83  1.76  1.75  1.89  2.02  2.30  2.54
SKEW      0.64  0.50  0.60  0.52  0.51  0.54  0.37  0.40  0.50  0.48  0.52  0.75
% WNW    13.93 14.74 14.64 10.94  8.56  7.84  8.09  6.88  7.51  8.54 11.41 13.10
MEAN      6.65  7.00  6.70  6.41  5.83  5.26  4.85  4.76  4.98  5.42  5.81  6.27
STD DEV   2.98  3.13  2.87  2.67  2.40  2.26  1.96  1.97  2.09  2.37  2.52  2.80
SKEW      0.51  0.64  0.43  0.28  0.31  0.40  0.33  0.28  0.51  0.42  0.53  0.49
% NW     10.53 10.05 11.10  8.63  6.80  5.44  5.94  5.99  6.11  6.85  7.86  8.56
MEAN      6.00  6.19  6.00  5.85  5.41  4.79  4.46  4.17  4.60  4.99  5.26  5.47
STD DEV   2.85  3.08  2.66  2.61  2.49  2.24  2.02  1.80  2.08  2.31  2.61  2.68
SKEW      0.53  0.69  0.63  0.56  0.48  0.60  0.55  0.42  0.53  0.55  0.73  0.65
% NNW     7.09  6.35  6.89  6.03  5.03  3.77  3.50  4.48  4.30  4.79  5.43  5.77
MEAN      5.34  5.44  5.54  5.27  4.95  4.34  3.85  4.06  4.11  4.61  4.83  4.86
STD DEV   2.56  3.01  2.58  2.30  2.28  1.97  1.71  1.85  1.97  2.15  2.43  2.36
SKEW      0.54  1.02  0.70  0.51  0.58  0.75  0.85  0.77  0.72  0.85  0.85  0.73
CALM     15.94 14.10 11.79 11.09 12.70 14.68 17.02 17.86 18.55 18.73 15.77 16.15
CHICOPEE FALL MA    0.572  WORCESTER     MA    0.283  ALBANY/CNTY   NY    0.144
 CLINTON MA                              191561 0
 LATT=  42.40 LONG= -71.68 YEARS= 38. TYPE= 4
 ELEVATION =  400. TP5 = 2.12 TP6= 4.65
 MEAN P   0.38  0.39  0.38  0.35  0.33  0.34  0.37  0.40  0.40  0.44  0.41  0.38
 S DEV P  0.49  0.45  0.44  0.43  0.40  0.44  0.47  0.68  0.58  0.57  0.54  0.44
 SQEW  P  2.82  1.60  2.04  2.01  2.17  2.42  2.76  4.64  3.41  2.08  2.16  1.66
 P(W/W)   0.39  0.43  0.43  0.49  0.45  0.46  0.36  0.40  0.44  0.43  0.47  0.41
 P(W/D)   0.30  0.29  0.30  0.29  0.29  0.29  0.27  0.28  0.24  0.21  0.31  0.32
 TMAX AV 34.04 36.15 43.72 56.16 67.75 76.19 81.18 79.31 71.74 62.02 50.65 38.35
 TMIN AV 14.79 15.81 24.93 35.83 46.04 55.75 61.22 59.54 50.91 40.54 32.22 20.75
 SD TMAX 10.10  9.84  9.28 10.12  9.59  8.19  6.49  6.44  8.21  8.88  9.31 10.33
 SD TMIN 11.22 11.21  8.62  7.14  7.55  7.06  6.18  6.79  8.79  8.95  8.88 10.17
 SOL.RAD  133.  208.  280.  365.  450.  492.  501.  432.  344.  242.  154.  121.
 SD SOL   39.0  47.4  70.6  93.1 101.7 104.0  92.5 169.9  84.0  47.8  39.0  34.0
 MX .5 P  0.27  0.30  0.33  0.45  0.42  0.59  0.97  1.11  0.73  0.91  0.26  0.43
 DEW PT  15.22 15.83 21.51 30.66 42.63 52.88 57.42 57.27 51.49 40.22 30.98 18.98
Time Pk  0.732 0.805 0.835 0.867 0.878 0.887 0.901 0.914 0.922 0.942 0.963 1.000
% N       6.57  6.62  7.34  6.12  5.14  3.71  3.96  4.10  5.82  5.36  5.47  5.68
MEAN      3.84  3.96  4.13  3.79  3.53  3.03  2.86  2.98  3.02  3.36  3.44  3.33
STD DEV   1.95  1.99  2.16  1.78  1.76  1.40  1.29  1.43  1.44  1.69  1.75  1.76
SKEW      0.84  0.73  0.98  0.73  0.95  0.88  0.77  0.84  0.82  0.96  0.90  0.91
% NNE     3.73  4.29  5.09  3.71  3.17  2.49  1.84  2.96  3.24  3.56  3.26  3.59
MEAN      4.11  3.95  3.96  3.52  3.46  3.20  2.78  3.09  3.05  3.59  3.53  3.39
STD DEV   2.24  1.98  1.91  1.72  1.75  1.50  1.21  1.51  1.61  1.71  1.86  1.76
SKEW      1.05  1.10  0.73  1.04  0.95  0.78  0.79  1.40  1.73  0.80  0.93  0.99
% NE      4.08  4.30  4.84  4.45  4.21  3.21  2.42  3.28  3.80  4.62  3.92  3.93
MEAN      3.96  3.85  4.18  3.90  3.44  3.15  2.74  2.94  3.27  3.86  3.58  3.57
STD DEV   1.82  2.20  2.41  2.05  1.69  1.47  1.24  1.37  1.60  2.06  1.80  1.93
SKEW      0.66  1.56  1.13  0.87  0.90  0.70  0.81  1.12  1.09  1.01  0.98  0.91
% ENE     2.05  2.97  3.93  3.83  3.49  2.42  1.54  2.15  2.69  3.40  2.74  2.06
MEAN      3.79  3.53  4.15  4.08  3.54  3.37  2.89  2.90  2.99  3.74  3.42  3.32
STD DEV   2.08  1.71  2.19  2.30  1.76  1.62  1.26  1.54  1.43  1.64  1.72  1.57
SKEW      0.92  0.62  1.23  0.96  1.00  0.46  0.94  1.20  1.47  0.37  0.82  0.48
% E       1.13  2.04  2.98  3.50  3.40  2.15  1.43  2.16  2.29  2.17  2.04  1.35
MEAN      2.80  3.51  3.84  3.74  3.21  3.07  2.81  2.84  2.97  3.14  3.05  3.13
STD DEV   1.58  2.07  2.20  1.92  1.57  1.60  1.27  1.42  1.47  1.80  1.64  1.67
SKEW      1.14  1.22  0.86  0.71  0.89  0.89  0.75  0.81  1.15  1.13  1.06  1.27
% ESE     0.51  1.02  1.65  2.04  2.30  1.41  1.04  1.13  1.20  1.31  0.99  0.73
MEAN      2.37  2.81  3.34  3.19  3.11  2.83  2.56  2.60  2.37  3.05  3.38  2.93
STD DEV   0.96  1.39  1.66  1.60  1.43  1.50  1.10  1.36  1.06  1.60  2.40  1.55
SKEW      0.47  0.89  1.35  0.98  0.70  1.00  0.48  1.02  1.37  0.81  1.43  1.29
% SE      0.86  1.27  1.79  2.79  2.73  1.77  1.81  1.66  2.08  1.85  1.37  1.11
MEAN      2.85  2.90  3.09  3.05  2.85  2.59  2.22  2.30  2.47  2.92  2.71  2.61
STD DEV   1.39  1.35  1.70  1.44  1.30  1.27  0.96  1.10  1.32  1.68  1.40  1.35
SKEW      0.65  0.69  1.49  0.88  0.94  1.03  1.13  1.07  1.33  1.33  1.16  1.16
% SSE     1.20  1.57  2.07  3.13  2.73  2.60  2.17  1.85  2.21  2.08  1.75  1.57
MEAN      2.64  3.06  3.34  3.16  2.89  2.56  2.36  2.51  2.81  2.69  2.55  2.79
STD DEV   1.23  1.72  1.79  1.54  1.32  1.30  1.09  1.35  1.39  1.38  1.13  1.56
SKEW      0.70  1.41  0.90  0.93  0.95  1.30  0.94  1.86  0.84  1.33  1.20  1.21
% S       2.77  2.29  2.75  4.31  4.36  5.66  5.09  4.04  3.89  3.62  3.55  3.18
MEAN      3.54  3.30  3.42  3.39  3.08  2.85  2.66  2.72  2.90  2.97  3.13  3.30
STD DEV   2.03  1.85  1.66  1.55  1.46  1.34  1.27  1.32  1.34  1.59  1.62  1.82
SKEW      0.98  1.42  0.62  0.71  1.11  1.13  1.95  1.14  0.53  1.12  0.97  1.18
% SSW     2.94  2.91  2.65  4.15  5.13  6.30  5.11  4.79  4.30  4.25  4.33  3.40
MEAN      3.71  3.84  3.67  3.88  3.85  3.35  3.11  3.03  3.41  3.48  3.88  3.73
STD DEV   1.83  2.00  1.62  1.70  1.81  1.47  1.28  1.27  1.61  1.60  2.00  1.87
SKEW      0.74  1.09  0.87  0.66  0.72  0.74  0.65  0.59  2.51  0.69  1.11  0.80
% SW      5.23  4.43  3.42  4.89  6.24  7.77  7.64  6.96  5.66  5.35  6.35  5.56
MEAN      4.04  3.94  3.99  4.08  4.04  3.62  3.37  3.19  3.33  3.55  4.22  3.97
STD DEV   1.82  1.98  2.03  1.93  1.85  1.57  1.37  1.31  1.40  1.65  2.13  2.00
SKEW      0.84  0.99  0.74  0.94  0.67  0.89  0.61  0.83  0.66  0.70  0.78  1.04
% WSW     6.74  6.50  4.63  6.14  6.71  7.97  8.42  7.13  6.22  6.89  6.55  7.33
MEAN      4.31  4.40  4.22  4.47  4.02  3.69  3.41  3.32  3.60  3.81  4.08  4.19
STD DEV   2.03  2.07  2.02  2.06  1.75  1.66  1.53  1.43  1.56  1.76  1.93  2.02
SKEW      0.91  0.76  0.67  0.64  0.67  0.65  0.83  0.80  0.58  0.79  0.75  0.92
% W      11.49 11.70  9.74  9.50  9.57 10.15 10.54  9.86  7.75  8.99  9.86 12.00
MEAN      4.50  4.59  4.59  4.63  4.14  3.73  3.61  3.43  3.46  3.83  4.21  4.45
STD DEV   2.16  2.15  2.24  2.22  1.88  1.71  1.68  1.56  1.68  1.80  2.02  2.08
SKEW      0.78  0.90  0.90  0.84  0.75  0.87  0.93  0.91  1.47  0.93  0.87  0.87
% WNW    10.13  9.72 10.37  8.41  7.12  6.36  7.30  6.60  5.96  7.00  9.13  9.92
MEAN      5.32  5.67  5.63  5.22  4.64  4.19  3.82  3.78  3.98  4.39  4.88  5.18
STD DEV   2.50  2.77  2.61  2.35  1.95  1.80  1.65  1.55  1.79  1.93  2.21  2.52
SKEW      0.68  0.96  0.69  0.70  0.58  0.47  0.68  0.48  0.94  0.64  0.64  0.89
% NW     10.53  9.97 10.36  9.11  6.91  5.29  5.65  5.77  6.20  7.08  8.47  8.36
MEAN      5.50  5.72  5.50  5.06  4.68  4.25  3.87  3.70  4.15  4.47  4.93  4.97
STD DEV   2.65  2.94  2.54  2.27  2.05  1.94  1.72  1.54  1.76  1.96  2.37  2.43
SKEW      0.76  0.94  0.63  0.87  0.58  0.70  0.55  0.46  0.52  0.60  0.75  0.81
% NNW     6.94  6.55  7.35  6.34  4.82  4.14  3.78  3.93  4.90  5.16  5.46  5.85
MEAN      4.90  5.07  4.90  4.66  4.29  3.64  3.24  3.38  3.69  4.01  4.44  4.52
STD DEV   2.29  2.87  2.29  2.02  1.85  1.50  1.37  1.43  1.68  1.79  2.21  2.14
SKEW      0.67  1.19  0.61  0.51  0.42  0.63  0.73  0.50  0.63  0.78  0.86  0.82
CALM     23.13 21.91 18.95 17.56 22.03 26.61 30.27 31.65 31.81 27.31 24.74 24.38
MAYNARD/NATIC MA    0.461  WORCESTER     MA    0.411  MANCHESTER/GR NH    0.128
 EAST WAREHAM MA                         192451 0
 LATT=  41.77 LONG= -70.67 YEARS= 66. TYPE= 4
 ELEVATION =   20. TP5 = 2.33 TP6= 4.86
 MEAN P   0.35  0.35  0.36  0.36  0.33  0.33  0.33  0.44  0.43  0.38  0.40  0.37
 S DEV P  0.45  0.42  0.46  0.48  0.45  0.45  0.45  0.67  0.69  0.46  0.51  0.45
 SQEW  P  3.23  2.44  3.00  2.16  3.19  2.94  2.25  3.03  4.14  1.79  2.27  2.36
 P(W/W)   0.45  0.45  0.46  0.48  0.45  0.45  0.39  0.39  0.43  0.43  0.50  0.45
 P(W/D)   0.33  0.33  0.34  0.33  0.30  0.28  0.25  0.26  0.22  0.24  0.31  0.33
 TMAX AV 37.33 37.97 44.71 54.54 65.21 74.04 80.09 78.93 71.97 62.21 52.06 41.12
 TMIN AV 19.02 19.51 27.53 35.97 45.86 55.22 61.56 60.42 52.74 42.58 33.69 23.07
 SD TMAX  9.29  8.55  8.32  7.95  7.63  7.34  5.62  5.98  7.18  7.84  8.40  9.57
 SD TMIN 10.92 10.16  8.05  6.67  6.64  6.37  6.03  7.07  8.62  9.35  9.36 10.51
 SOL.RAD  142.  215.  311.  381.  459.  507.  499.  435.  359.  255.  159.  131.
 SD SOL   38.9  47.5  63.0  89.3  99.3  99.4  93.4 167.8  80.7  46.0  39.8  33.2
 MX .5 P  0.32  0.36  0.34  0.38  0.57  0.62  1.35  1.26  0.72  0.91  0.32  0.35
 DEW PT  21.72 21.09 26.52 35.23 45.66 55.66 62.29 61.29 54.49 45.80 35.43 24.72
Time Pk  0.712 0.788 0.820 0.850 0.866 0.875 0.891 0.903 0.920 0.939 0.966 1.000
% N       6.53  6.48  7.07  5.74  4.90  4.35  3.84  4.91  6.83  6.15  6.04  5.49
MEAN      5.47  5.66  5.59  5.55  5.06  4.67  4.25  4.70  4.67  4.96  5.34  5.71
STD DEV   2.87  3.25  2.76  2.59  2.45  2.10  1.84  2.32  2.22  2.48  2.75  3.15
SKEW      0.82  1.21  0.80  0.49  0.71  0.52  0.51  1.09  0.76  0.78  0.63  0.93
% NNE     4.29  5.19  6.68  7.78  6.29  5.77  3.69  5.72  7.41  6.26  4.77  3.42
MEAN      6.25  6.16  6.46  6.70  6.02  5.19  4.60  5.01  5.29  5.87  5.80  6.06
STD DEV   3.44  3.45  3.02  2.92  2.88  2.03  1.86  2.08  2.77  2.72  2.63  3.17
SKEW      0.95  1.14  0.79  0.35  0.82  0.40  0.41  0.69  1.83  0.81  0.56  0.74
% NE      3.42  5.09  6.04  5.81  6.02  4.82  3.47  4.78  6.88  6.45  3.91  3.25
MEAN      6.04  5.84  6.09  5.75  5.51  5.08  4.29  4.54  4.88  5.43  4.93  5.90
STD DEV   3.55  3.19  3.05  2.55  2.56  2.19  1.80  1.93  2.54  2.50  2.45  3.04
SKEW      1.00  0.95  1.06  0.54  0.88  0.55  0.48  0.51  1.92  0.52  1.08  0.74
% ENE     1.81  2.54  3.54  3.58  2.99  2.44  1.77  2.10  3.58  3.08  2.67  2.48
MEAN      5.28  5.50  6.01  5.41  5.09  4.69  4.07  4.07  4.36  4.96  4.55  5.30
STD DEV   2.83  2.83  3.14  2.42  2.43  2.22  1.68  1.69  1.92  2.32  2.20  2.73
SKEW      0.95  0.74  0.85  0.46  0.86  0.67  0.25  0.46  0.61  0.60  0.73  0.80
% E       1.91  2.78  3.00  3.09  2.83  2.41  2.14  2.04  3.30  3.04  3.01  2.41
MEAN      4.78  4.84  5.14  4.70  4.41  4.16  3.55  3.76  3.85  4.60  4.89  4.86
STD DEV   2.48  2.50  2.54  2.22  2.05  1.95  1.46  1.57  2.19  2.55  3.36  2.56
SKEW      0.71  0.68  0.76  0.69  0.65  0.80  0.48  0.45  1.94  1.03  1.83  0.83
% ESE     1.39  1.92  2.44  2.71  2.85  1.90  1.86  1.78  1.89  1.90  2.09  1.78
MEAN      4.79  5.19  5.43  5.11  4.86  4.08  3.77  4.14  3.90  5.09  4.96  5.20
STD DEV   2.53  2.93  2.62  2.35  2.33  1.73  1.70  1.86  1.72  2.65  2.78  2.72
SKEW      0.66  1.03  0.83  0.76  0.78  0.62  0.82  0.54  0.49  0.80  1.48  0.67
% SE      2.45  2.74  3.34  4.00  4.44  3.47  2.97  2.98  3.09  3.22  2.90  2.29
MEAN      4.72  4.71  5.05  4.86  4.36  3.84  3.73  3.79  4.02  3.99  4.64  5.02
STD DEV   2.38  2.41  2.59  2.29  1.95  1.68  1.64  1.68  1.75  2.05  2.32  2.87
SKEW      0.56  1.45  1.10  1.01  0.75  0.81  1.40  0.76  0.55  1.13  0.74  0.87
% SSE     1.97  3.03  2.65  3.75  4.62  3.72  3.59  3.23  3.18  2.71  2.89  2.22
MEAN      4.57  5.20  4.92  4.84  4.47  4.09  3.74  3.82  4.03  4.10  4.32  4.64
STD DEV   2.33  2.61  2.60  2.27  1.83  1.66  1.53  1.56  1.84  2.13  2.10  2.42
SKEW      0.87  0.81  0.94  0.95  0.67  0.43  0.57  0.43  0.81  1.18  0.96  0.93
% S       3.44  3.87  4.17  6.69  7.92  8.49  8.72  8.33  6.86  6.19  6.06  3.90
MEAN      4.68  4.73  4.50  5.03  4.46  4.31  4.18  4.09  4.27  4.18  4.70  4.42
STD DEV   2.51  2.52  2.25  2.52  2.11  1.82  1.89  1.84  2.21  2.23  2.55  2.29
SKEW      0.94  0.80  0.89  0.85  0.99  0.67  0.72  0.67  2.43  1.04  1.13  1.16
% SSW     4.20  4.02  4.40  6.92  8.88 11.78 11.26 10.39  8.62  6.62  5.34  3.98
MEAN      5.55  5.26  5.23  5.63  5.32  5.01  4.83  4.70  5.11  4.90  5.59  5.35
STD DEV   2.95  2.68  2.46  2.45  2.46  2.10  2.04  2.20  2.28  2.33  2.67  2.66
SKEW      0.81  0.84  0.71  0.54  0.70  0.57  0.52  1.03  0.60  0.67  0.51  0.77
% SW      6.79  6.53  5.87  9.51 12.41 16.51 18.75 15.32 11.27  9.62  7.92  6.54
MEAN      5.49  5.54  5.42  6.10  5.67  5.21  5.01  4.82  4.90  5.18  5.47  5.54
STD DEV   2.68  2.67  2.57  2.72  2.50  2.17  2.01  2.13  2.16  2.35  2.58  2.73
SKEW      0.58  0.68  0.58  0.56  0.55  0.48  0.40  0.98  0.57  0.70  0.73  0.70
% WSW     7.28  6.62  6.17  8.19  8.67 10.27 10.86 10.31  6.47  7.33  7.27  8.17
MEAN      5.52  5.81  6.05  5.97  5.77  5.31  4.91  5.04  4.86  5.33  5.54  5.41
STD DEV   2.67  2.80  2.85  2.74  2.57  2.18  2.06  2.06  2.05  2.35  2.54  2.34
SKEW      0.88  0.63  0.69  0.61  0.42  0.35  0.46  0.45  0.45  0.68  0.50  0.71
% W      11.69 11.54  9.77  7.37  6.70  6.84  6.95  6.63  5.70  7.61 10.35 11.64
MEAN      5.46  5.98  6.00  5.54  4.98  4.66  4.29  4.35  4.23  4.85  5.26  5.68
STD DEV   2.72  2.77  2.95  2.64  2.29  2.18  2.01  2.03  1.95  2.20  2.38  2.61
SKEW      0.84  0.52  0.71  0.88  0.56  0.77  0.87  0.75  0.80  0.61  0.62  0.73
% WNW    11.84 11.27  9.55  6.74  4.97  3.72  4.07  4.07  4.58  5.99  8.69 11.95
MEAN      5.99  6.18  5.98  5.98  5.26  4.59  4.31  4.27  4.64  5.31  5.32  5.92
STD DEV   2.76  2.68  2.53  2.72  2.29  1.94  1.77  1.78  1.87  2.24  2.33  2.61
SKEW      0.68  0.58  0.49  0.62  0.56  0.57  0.55  0.55  0.55  0.47  0.49  0.51
% NW     13.59 11.05 10.85  6.37  4.66  3.68  3.78  4.09  5.64  7.30  9.31 13.34
MEAN      5.51  5.72  5.71  5.50  4.95  4.64  3.97  3.97  4.05  4.88  4.88  5.40
STD DEV   2.47  2.68  2.34  2.43  2.27  1.99  1.72  1.71  1.74  2.17  2.29  2.63
SKEW      0.59  0.72  0.46  0.57  0.56  0.46  0.59  0.46  0.59  0.68  0.70  0.85
% NNW     8.49  7.43  6.82  4.62  3.84  2.52  2.59  3.43  4.18  5.46  6.61  7.86
MEAN      5.41  5.31  5.48  5.25  5.15  4.24  3.73  4.11  4.16  4.83  5.10  5.49
STD DEV   2.33  2.42  2.33  2.36  2.16  1.97  1.54  1.86  1.78  2.13  2.41  2.63
SKEW      0.48  0.59  0.38  0.45  0.30  0.88  0.61  0.75  0.55  0.54  0.63  0.79
CALM      8.90  7.86  7.65  7.12  6.96  7.30  9.72  9.85 10.52 11.09 10.19  9.26
FALMOUTH/OTIS MA    0.640  S WEYMOUTH    MA    0.207  PROVIDENCE/TF RI    0.153
 ROCKPORT 1 ESE MA                       196977 0
 LATT=  42.65 LONG= -70.60 YEARS= 36. TYPE= 4
 ELEVATION =   80. TP5 = 2.12 TP6= 4.66
 MEAN P   0.40  0.42  0.38  0.35  0.33  0.36  0.35  0.36  0.41  0.44  0.40  0.41
 S DEV P  0.46  0.54  0.46  0.45  0.45  0.45  0.42  0.49  0.59  0.53  0.49  0.51
 SQEW  P  2.03  3.85  2.71  2.24  3.14  2.46  2.15  2.91  4.04  2.02  2.00  2.78
 P(W/W)   0.41  0.39  0.41  0.46  0.44  0.39  0.35  0.38  0.37  0.39  0.44  0.41
 P(W/D)   0.31  0.30  0.27  0.26  0.25  0.24  0.22  0.23  0.22  0.21  0.31  0.30
 TMAX AV 34.90 35.85 42.56 53.29 63.17 72.11 77.77 76.23 68.96 59.44 49.49 39.21
 TMIN AV 20.80 21.71 28.84 37.34 46.36 55.54 61.83 60.81 54.01 44.94 36.34 25.72
 SD TMAX  9.44  8.62  7.93  8.74  8.96  8.21  6.58  6.39  7.34  7.59  7.90  9.31
 SD TMIN 10.14  9.60  7.24  5.89  6.07  5.84  4.82  5.32  6.77  7.44  7.79  9.80
 SOL.RAD  136.  208.  308.  370.  463.  501.  506.  434.  351.  249.  146.  124.
 SD SOL   39.6  49.3  64.5  95.1 101.4 105.3  94.5 183.0  84.7  47.3  43.2  34.2
 MX .5 P  0.41  0.36  0.37  0.43  0.44  0.64  1.08  1.01  0.68  0.92  0.30  0.43
 DEW PT  19.44 19.44 25.44 34.44 44.89 55.44 60.89 60.44 53.00 44.44 34.00 22.44
Time Pk  0.768 0.830 0.856 0.900 0.909 0.918 0.928 0.939 0.946 0.960 0.981 1.000
% N       8.47  7.64  7.25  5.47  4.22  3.87  3.33  4.93  6.24  6.45  7.27  7.89
MEAN      5.39  5.43  5.44  5.39  4.88  4.45  4.22  4.35  4.43  4.87  5.02  5.39
STD DEV   2.49  2.61  2.46  2.49  2.21  1.81  1.75  1.96  1.91  2.19  2.28  2.54
SKEW      0.73  0.96  0.74  0.78  0.71  0.40  0.69  1.06  0.81  0.71  0.77  0.77
% NNE     4.30  5.04  5.30  5.05  4.54  3.67  2.55  4.00  5.13  5.34  4.54  3.85
MEAN      5.66  5.65  5.92  6.23  5.52  5.01  4.34  4.74  5.16  5.66  5.26  5.48
STD DEV   2.85  2.85  2.73  2.89  2.55  2.28  1.82  2.06  2.54  2.64  2.43  2.80
SKEW      0.61  0.86  0.69  0.50  0.69  0.77  0.59  0.76  1.36  0.76  0.67  0.71
% NE      3.07  3.78  4.86  4.83  5.07  4.04  2.80  3.94  4.86  5.14  3.47  2.69
MEAN      5.90  5.60  6.17  6.03  5.50  5.02  4.35  4.54  5.19  5.79  5.53  5.77
STD DEV   3.66  2.94  2.91  2.73  2.41  2.16  1.85  1.87  2.63  2.70  3.20  3.10
SKEW      1.02  0.82  0.84  0.52  0.64  0.44  0.53  0.48  1.57  0.52  1.44  0.62
% ENE     1.80  2.67  4.12  4.49  5.05  3.96  2.73  3.22  3.99  3.64  3.02  2.07
MEAN      6.07  5.83  6.69  5.79  5.34  4.80  4.24  4.27  4.88  5.61  5.61  6.09
STD DEV   3.20  3.22  3.41  2.70  2.30  2.08  1.75  1.67  2.01  2.56  2.99  3.18
SKEW      0.58  1.05  0.77  0.71  0.63  0.55  0.43  0.50  0.27  0.51  1.11  0.46
% E       1.71  3.17  4.57  5.19  5.98  5.29  4.47  4.55  4.50  4.28  3.05  2.06
MEAN      5.22  5.62  5.92  5.32  5.02  4.70  4.30  4.29  4.49  5.19  6.06  6.32
STD DEV   2.71  3.07  2.88  2.25  2.00  1.82  1.60  1.60  1.91  2.50  3.65  3.46
SKEW      0.73  0.95  0.98  0.74  0.39  0.32  0.27  0.25  0.88  0.88  1.39  0.63
% ESE     1.40  2.58  3.72  5.14  5.61  4.87  4.83  4.66  3.85  3.59  2.66  1.68
MEAN      4.42  5.05  5.38  5.47  5.21  4.50  4.30  4.46  4.32  4.83  4.87  5.68
STD DEV   2.28  2.63  2.33  2.18  2.16  1.69  1.65  1.67  1.57  1.97  2.64  3.15
SKEW      1.00  0.97  0.55  0.49  0.36  0.41  0.31  0.33  0.40  0.65  1.83  0.72
% SE      1.89  2.40  3.20  3.95  4.22  3.84  3.95  4.05  3.53  3.20  2.62  1.77
MEAN      4.47  4.37  4.82  4.84  4.39  4.08  4.01  4.01  3.97  4.30  4.50  4.86
STD DEV   2.24  2.03  2.18  2.02  1.76  1.55  1.52  1.47  1.59  1.94  2.06  2.55
SKEW      0.62  1.08  0.94  0.55  0.43  0.48  0.55  0.24  0.58  0.99  0.79  0.74
% SSE     2.02  2.72  2.62  3.31  3.90  3.69  3.86  3.60  3.40  2.72  2.70  2.05
MEAN      4.78  4.49  4.81  4.61  4.39  3.92  3.84  3.91  4.06  4.19  4.46  4.90
STD DEV   2.38  2.01  2.26  1.93  1.70  1.46  1.43  1.46  1.64  1.92  1.98  2.65
SKEW      0.79  0.85  1.11  0.59  0.68  0.40  0.37  0.46  0.67  1.15  0.99  1.01
% S       3.05  3.73  4.08  6.28  7.47  7.96  8.37  7.74  6.76  5.70  5.03  3.57
MEAN      4.80  4.92  4.90  5.39  4.98  4.76  4.43  4.50  4.50  4.44  4.79  4.69
STD DEV   2.32  2.33  2.24  2.44  2.16  1.98  1.85  1.94  1.91  2.03  2.29  2.22
SKEW      0.99  0.97  0.76  0.70  0.69  0.46  0.53  0.73  1.19  0.91  1.55  1.16
% SSW     4.21  4.16  4.59  6.75  8.21 10.11 10.05  8.77  7.99  6.63  5.65  4.55
MEAN      5.52  5.42  5.50  5.86  5.36  5.14  4.96  4.84  5.09  4.96  5.50  5.23
STD DEV   2.41  2.36  2.37  2.34  2.34  1.96  1.98  2.02  2.09  2.17  2.48  2.33
SKEW      0.60  0.66  0.59  0.43  0.63  0.50  0.52  1.03  0.68  0.84  0.97  0.73
% SW      7.54  6.12  5.99  8.29 10.21 13.77 14.34 12.34 11.08  9.95  9.00  8.44
MEAN      5.65  5.66  5.30  5.77  5.40  5.10  4.81  4.66  4.89  5.01  5.57  5.61
STD DEV   2.26  2.32  2.19  2.32  2.14  1.89  1.77  1.84  1.91  2.01  2.35  2.32
SKEW      0.62  0.72  0.67  0.60  0.57  0.53  0.46  0.66  0.44  0.60  0.71  0.65
% WSW     8.35  7.27  6.01  7.03  7.26  9.24 10.22  9.39  7.61  8.10  7.70  9.06
MEAN      5.70  5.81  5.78  5.73  5.40  4.99  4.93  4.78  4.89  5.12  5.53  5.67
STD DEV   2.42  2.39  2.48  2.41  2.25  1.98  1.92  1.83  2.00  2.05  2.31  2.23
SKEW      0.80  0.56  0.52  0.56  0.51  0.51  0.64  0.56  0.57  0.64  0.56  0.63
% W      11.41 10.66  9.53  7.69  7.22  7.27  8.35  7.82  6.79  8.00 10.41 11.42
MEAN      5.98  6.37  6.38  6.00  5.23  4.84  4.55  4.49  4.55  5.10  5.52  5.84
STD DEV   2.67  2.72  2.87  2.58  2.25  2.08  1.94  1.87  1.93  2.29  2.38  2.52
SKEW      0.84  0.70  0.73  0.77  0.61  0.82  0.79  0.73  0.84  0.83  0.71  0.78
% WNW    13.32 13.56 11.01  9.18  7.07  6.23  7.08  6.92  6.90  8.20 10.88 13.99
MEAN      6.17  6.30  6.26  6.03  5.31  4.77  4.49  4.35  4.63  5.26  5.52  6.00
STD DEV   2.63  2.56  2.41  2.54  2.21  1.93  1.75  1.74  1.86  2.26  2.29  2.53
SKEW      0.70  0.55  0.47  0.67  0.68  0.57  0.78  0.81  0.70  0.70  0.62  0.64
% NW     13.79 12.11 11.70  8.40  6.40  5.15  5.28  5.53  7.36  8.11 10.24 12.64
MEAN      5.98  6.06  6.21  5.89  5.54  4.87  4.44  4.33  4.53  5.07  5.29  5.76
STD DEV   2.51  2.63  2.39  2.42  2.37  2.03  1.88  1.78  1.80  2.17  2.36  2.59
SKEW      0.60  0.68  0.48  0.61  0.58  0.57  0.81  0.69  0.61  0.65  0.82  0.88
% NNW    10.15  9.18  8.38  6.00  4.57  3.50  3.40  4.33  5.71  6.67  7.61  8.56
MEAN      5.51  5.54  5.79  5.54  5.42  4.69  4.28  4.44  4.54  5.05  5.25  5.45
STD DEV   2.24  2.25  2.27  2.28  2.15  1.92  1.74  1.86  1.80  2.15  2.28  2.38
SKEW      0.47  0.63  0.55  0.49  0.37  0.61  0.63  0.72  0.59  0.62  0.65  0.77
CALM      3.50  3.17  3.04  2.96  2.98  3.54  4.38  4.20  4.23  4.36  4.10  3.71
BOSTON/LOGAN  MA    0.541  FALMOUTH/OTIS MA    0.238  PORTLAND/INT  ME    0.222
 STOCKBRIDGE MA                          198181 0
 LATT=  42.28 LONG= -73.32 YEARS= 37. TYPE= 4
 ELEVATION =  850. TP5 = 2.09 TP6= 4.67
 MEAN P   0.30  0.32  0.32  0.34  0.33  0.36  0.38  0.36  0.41  0.38  0.36  0.35
 S DEV P  0.34  0.35  0.32  0.37  0.38  0.41  0.44  0.49  0.55  0.42  0.39  0.47
 SQEW  P  2.38  1.77  1.53  2.01  2.75  2.08  2.21  2.75  2.96  1.89  2.08  4.32
 P(W/W)   0.34  0.36  0.34  0.48  0.51  0.44  0.40  0.44  0.42  0.44  0.44  0.41
 P(W/D)   0.25  0.25  0.27  0.27  0.26  0.29  0.26  0.27  0.24  0.19  0.27  0.25
 TMAX AV 32.02 34.50 42.27 56.55 68.00 75.76 79.94 77.66 70.09 60.83 48.31 35.98
 TMIN AV 12.43 13.69 22.44 32.80 42.38 51.22 56.09 54.78 47.39 37.32 29.35 18.12
 SD TMAX 10.27 10.04  9.71 10.82  9.41  7.65  5.74  6.15  8.29  9.00  9.98 10.13
 SD TMIN 13.21 12.78  9.71  8.29  8.70  7.82  7.15  7.57  9.19  9.52  9.28 11.57
 SOL.RAD  139.  208.  284.  348.  428.  469.  466.  412.  317.  228.  142.  113.
 SD SOL   39.1  49.3  71.6 100.7 110.9 113.7 105.8 185.8  94.0  54.2  44.5  38.3
 MX .5 P  0.40  0.25  0.47  0.34  0.66  1.08  1.75  0.94  0.87  0.80  0.42  0.28
 DEW PT  18.56 18.43 25.04 35.04 45.62 56.15 61.38 60.62 53.81 43.85 36.51 21.85
Time Pk  0.733 0.809 0.845 0.874 0.884 0.894 0.907 0.918 0.928 0.944 0.965 1.000
% N      10.89  9.89  9.78  8.34  7.36  5.37  5.27  6.89  7.51  7.99  7.40  9.18
MEAN      3.83  4.02  4.17  4.31  3.88  3.50  3.10  3.25  3.50  3.70  3.48  3.83
STD DEV   1.95  2.15  2.13  2.07  1.99  1.66  1.44  1.62  1.76  1.87  1.74  1.96
SKEW      0.80  0.94  0.86  0.55  0.70  0.64  0.73  0.86  0.95  0.80  0.76  0.72
% NNE     6.68  5.91  6.67  6.73  6.15  4.79  3.96  5.28  5.40  6.32  4.79  5.23
MEAN      4.29  4.12  4.57  4.60  4.14  3.76  3.33  3.48  3.57  3.93  3.74  3.75
STD DEV   2.26  2.17  2.31  2.13  2.13  1.81  1.62  1.72  1.87  1.87  1.95  1.98
SKEW      0.52  0.65  0.81  0.46  0.90  0.68  0.57  0.72  0.93  0.49  0.82  0.89
% NE      1.99  2.35  2.90  2.88  2.88  2.28  1.72  2.23  2.56  2.71  2.29  1.82
MEAN      2.83  3.19  3.66  3.46  3.16  2.97  2.61  2.58  2.59  3.09  2.95  3.00
STD DEV   1.48  1.80  2.01  1.69  1.68  1.51  1.28  1.30  1.36  1.56  1.70  1.62
SKEW      1.14  1.49  0.86  0.58  1.15  0.81  0.84  1.13  1.04  0.72  1.13  0.92
% ENE     1.31  1.59  1.96  1.88  2.18  1.83  1.46  1.61  1.65  1.75  1.80  1.03
MEAN      2.49  2.76  3.20  3.20  2.98  2.72  2.41  2.54  2.42  3.07  3.22  2.70
STD DEV   1.27  1.35  1.61  1.65  1.55  1.29  1.04  1.13  1.06  1.52  2.08  1.43
SKEW      0.90  1.15  0.75  1.15  1.12  1.05  0.91  0.74  0.73  0.69  1.21  1.09
% E       1.30  1.78  1.70  1.98  2.13  1.84  1.50  1.97  1.84  1.81  2.03  1.26
MEAN      2.26  2.29  2.65  2.87  2.67  2.50  2.28  2.36  2.27  2.56  2.60  2.45
STD DEV   0.99  1.05  1.20  1.39  1.23  1.26  1.03  1.07  1.07  1.19  1.43  1.26
SKEW      0.56  1.29  0.89  1.09  0.88  1.17  0.88  0.76  1.28  0.75  1.38  0.90
% ESE     1.31  1.29  1.83  2.07  2.84  2.54  2.22  2.16  2.02  2.03  2.04  1.38
MEAN      2.10  2.50  3.41  3.32  3.09  2.76  2.44  2.60  2.32  2.83  2.80  2.65
STD DEV   0.87  1.21  1.83  1.83  1.46  1.25  1.15  1.29  0.94  1.29  1.42  1.41
SKEW      0.53  1.32  0.95  1.50  0.86  0.72  0.94  1.13  0.43  0.79  1.01  1.00
% SE      1.41  1.55  1.91  2.25  2.76  2.74  2.92  2.65  2.59  2.28  2.01  1.59
MEAN      2.70  2.76  3.58  3.48  2.97  2.72  2.58  2.71  2.64  2.84  2.89  2.66
STD DEV   1.68  1.36  2.00  1.76  1.38  1.30  1.26  1.37  1.26  1.60  1.45  1.47
SKEW      1.42  1.09  1.04  0.63  0.55  0.88  0.88  1.08  0.76  1.46  0.70  1.40
% SSE     5.52  6.29  6.52  8.38  8.17  9.12  8.74  7.69  8.52  7.23  7.04  6.07
MEAN      3.71  3.91  4.52  4.59  3.86  3.75  3.36  3.49  3.68  3.55  3.82  3.89
STD DEV   1.80  1.91  2.26  2.10  1.76  1.69  1.51  1.68  1.77  1.77  1.74  1.99
SKEW      0.83  0.79  0.83  0.54  0.73  0.55  0.70  0.75  0.71  1.10  0.56  1.01
% S       7.89  7.70  6.69  9.20 11.60 15.05 13.93 13.37 12.03 10.62  9.79  9.29
MEAN      4.00  4.05  4.28  4.54  4.04  3.92  3.56  3.46  3.75  3.61  4.04  3.87
STD DEV   1.90  2.08  2.10  2.12  1.85  1.78  1.64  1.57  1.78  1.67  1.91  1.86
SKEW      0.61  0.93  0.53  0.38  0.59  0.50  0.67  0.63  0.74  0.78  0.61  0.53
% SSW     5.62  4.72  4.58  7.21  8.15 10.16 10.04  8.26  8.29  7.17  6.74  6.93
MEAN      3.84  3.71  4.16  4.44  3.90  3.80  3.60  3.50  3.65  3.74  4.02  3.85
STD DEV   1.79  1.87  2.13  2.13  1.73  1.58  1.57  1.56  1.69  1.74  2.04  1.77
SKEW      0.66  0.95  0.79  0.59  0.56  0.49  0.82  0.69  0.78  0.76  1.10  0.84
% SW      3.26  3.22  2.82  3.67  3.57  4.32  5.07  4.30  3.60  3.58  4.01  4.38
MEAN      3.30  3.29  3.63  3.66  3.43  3.43  3.39  3.17  3.06  3.25  3.51  3.54
STD DEV   1.70  1.63  1.90  1.70  1.64  1.50  1.47  1.47  1.45  1.45  1.61  1.63
SKEW      1.09  0.97  0.90  0.76  0.85  0.57  0.59  0.77  0.80  0.72  0.72  0.59
% WSW     3.97  3.88  3.99  4.63  3.75  3.97  4.22  3.48  3.30  3.56  4.68  5.40
MEAN      4.41  4.51  4.68  4.67  4.36  4.00  3.74  3.64  3.71  3.88  4.18  4.47
STD DEV   2.10  2.13  2.31  2.15  2.14  1.62  1.61  1.64  1.71  1.82  1.91  1.93
SKEW      0.57  0.60  0.44  0.66  0.58  0.37  0.62  0.56  0.56  0.63  0.53  0.38
% W       6.56  7.33  7.33  6.50  5.78  5.40  5.77  5.10  4.71  4.93  6.49  6.66
MEAN      5.14  5.29  5.46  5.32  4.37  4.10  3.70  3.76  3.85  4.18  4.53  5.04
STD DEV   2.48  2.49  2.56  2.52  2.10  1.80  1.59  1.70  1.81  1.94  2.21  2.39
SKEW      0.55  0.38  0.37  0.49  0.47  0.47  0.37  0.45  0.44  0.39  0.54  0.56
% WNW    12.99 14.93 14.65 10.65  7.79  6.97  6.53  5.36  6.40  7.45  9.97 11.88
MEAN      6.05  6.39  6.28  5.95  5.36  4.96  4.57  4.20  4.64  4.96  5.42  5.82
STD DEV   2.61  2.71  2.61  2.49  2.42  2.15  1.90  1.82  2.05  2.26  2.30  2.39
SKEW      0.36  0.36  0.30  0.18  0.29  0.32  0.24  0.34  0.38  0.42  0.35  0.27
% NW      6.83  7.06  7.49  5.88  4.77  3.90  4.10  4.21  4.30  4.84  5.58  6.12
MEAN      4.69  4.90  5.06  5.05  4.34  3.98  3.61  3.25  3.58  3.97  4.31  4.39
STD DEV   2.52  2.60  2.48  2.40  2.19  2.14  1.78  1.58  1.81  2.12  2.32  2.28
SKEW      0.65  0.62  0.71  0.39  0.58  0.84  0.66  0.67  0.73  0.78  0.68  0.61
% NNW     7.26  7.04  7.32  6.53  5.78  4.42  3.88  4.81  4.46  5.03  5.20  5.45
MEAN      4.10  4.40  4.64  4.51  4.33  3.81  3.44  3.41  3.47  3.96  4.03  3.99
STD DEV   2.06  2.26  2.21  2.09  2.17  1.82  1.61  1.64  1.66  1.96  2.06  2.03
SKEW      0.67  0.69  0.75  0.67  0.74  0.80  0.85  0.87  0.81  0.92  0.78  0.82
CALM     15.13 13.57 11.87 11.12 14.30 15.37 18.75 20.63 20.72 20.79 18.15 16.37
CHICOPEE FALL MA    0.368  ALBANY/CNTY   NY    0.359  POUGHKEEPSIE  NY    0.273
 WORCESTER CAA AP MA                     199923 0
 LATT=  42.27 LONG= -71.87 YEARS= 44. TYPE= 4
 ELEVATION =  990. TP5 = 2.13 TP6= 4.69
 MEAN P   0.31  0.31  0.33  0.35  0.34  0.33  0.39  0.42  0.42  0.48  0.40  0.32
 S DEV P  0.40  0.41  0.47  0.47  0.43  0.47  0.51  0.68  0.64  0.62  0.51  0.45
 SQEW  P  2.27  2.18  3.20  2.33  2.21  3.24  2.42  4.18  3.27  2.38  1.97  2.11
 P(W/W)   0.46  0.46  0.47  0.50  0.48  0.50  0.41  0.41  0.45  0.44  0.49  0.47
 P(W/D)   0.32  0.32  0.33  0.30  0.32  0.29  0.27  0.28  0.24  0.22  0.31  0.35
 TMAX AV 31.35 33.75 41.79 54.65 66.26 74.56 79.44 77.26 69.40 59.48 47.41 35.28
 TMIN AV 16.13 17.52 25.26 35.65 45.74 54.82 60.78 59.26 51.26 41.43 32.20 20.62
 SD TMAX 10.50 10.28 10.44 10.78 10.03  8.55  6.49  6.81  8.23  9.34  9.95 10.78
 SD TMIN 10.53 10.49  9.02  7.26  7.13  6.34  5.10  5.83  7.46  8.36  8.62 10.49
 SOL.RAD  136.  210.  282.  365.  451.  495.  504.  435.  345.  242.  156.  121.
 SD SOL   38.2  46.6  69.7  92.7 100.7 102.4  90.8 165.3  83.2  47.8  38.3  33.8
 MX .5 P  0.27  0.29  0.32  0.47  0.45  0.60  1.02  1.14  0.75  0.98  0.25  0.42
 DEW PT  14.00 15.00 20.00 29.00 42.00 52.00 56.00 56.00 51.00 39.00 30.00 18.00
Time Pk  0.704 0.784 0.820 0.855 0.869 0.877 0.894 0.908 0.920 0.940 0.961 1.000
% N       3.78  4.07  4.52  5.01  4.15  3.36  4.00  4.41  4.89  4.77  4.01  3.43
MEAN      4.65  4.84  5.13  4.79  4.36  3.79  3.56  3.88  3.95  4.38  4.24  3.99
STD DEV   2.31  2.40  2.59  2.14  2.06  1.50  1.62  1.87  1.87  2.23  1.98  2.04
SKEW      0.70  0.73  0.88  0.49  0.84  0.28  0.72  0.72  0.70  1.13  0.59  0.82
% NNE     4.06  4.12  4.57  3.87  3.55  3.05  2.91  4.20  5.08  4.95  3.99  3.82
MEAN      5.36  5.28  5.07  4.86  4.34  4.15  3.51  3.74  4.14  4.57  4.55  4.43
STD DEV   3.01  2.55  2.34  2.42  2.00  1.76  1.53  1.69  2.00  2.11  2.30  2.40
SKEW      1.26  0.68  0.45  0.93  0.75  0.65  0.75  0.86  1.16  0.41  0.69  1.20
% NE      6.90  6.66  7.88  6.61  6.91  4.55  3.85  5.95  6.77  7.63  6.56  6.69
MEAN      5.71  5.44  5.71  5.46  4.73  4.15  3.30  3.89  4.49  5.05  4.71  4.97
STD DEV   2.77  3.13  3.11  2.63  2.19  1.94  1.55  1.91  2.32  2.25  2.30  2.64
SKEW      0.38  1.16  1.07  0.46  0.50  0.73  0.96  0.80  1.16  0.37  1.00  0.70
% ENE     3.46  4.91  5.37  5.61  6.10  4.28  2.69  3.80  4.90  6.03  4.87  3.84
MEAN      5.06  4.76  5.54  5.46  5.00  4.66  3.57  4.06  4.19  5.22  4.43  4.49
STD DEV   2.91  2.44  2.85  2.71  2.13  2.28  1.67  2.30  1.80  2.33  2.18  2.41
SKEW      0.81  0.65  1.03  0.51  0.33  0.52  0.85  1.48  0.87  0.41  0.90  0.61
% E       1.72  3.16  4.08  4.11  4.82  3.07  2.23  3.23  3.13  3.21  2.97  1.98
MEAN      3.33  4.07  4.87  4.62  4.23  3.69  3.31  3.15  3.39  4.20  3.83  3.61
STD DEV   1.91  1.92  2.66  2.26  2.06  1.86  1.59  1.55  1.63  2.46  2.16  2.05
SKEW      1.39  0.67  0.69  0.77  0.91  0.70  0.88  0.74  0.79  0.92  0.95  0.91
% ESE     0.86  1.25  1.67  1.96  2.29  1.55  1.17  1.45  1.67  1.30  0.98  1.08
MEAN      2.64  3.44  3.90  3.82  3.81  3.31  2.87  2.91  2.77  3.16  4.60  2.84
STD DEV   1.04  1.81  1.84  1.73  1.66  1.70  1.30  1.44  1.10  1.68  4.26  1.45
SKEW      0.49  0.94  0.97  0.60  0.53  1.09  0.63  0.97  0.51  0.92  1.99  1.67
% SE      0.94  1.31  1.85  1.99  2.22  1.32  1.56  1.47  1.71  1.60  1.28  1.26
MEAN      3.31  3.27  3.81  3.57  3.41  2.99  2.76  2.75  2.84  2.99  2.96  3.01
STD DEV   1.66  1.63  1.95  1.65  1.52  1.47  1.20  1.38  1.39  1.55  1.47  1.69
SKEW      0.74  0.89  0.81  0.68  0.57  0.98  0.99  1.16  1.05  1.18  1.08  1.46
% SSE     1.38  1.39  1.77  1.89  2.14  1.53  1.32  1.23  1.94  1.73  1.26  1.34
MEAN      3.36  3.54  4.30  4.08  3.65  3.17  2.88  3.28  3.56  3.05  2.89  3.32
STD DEV   1.74  2.09  2.40  1.85  1.59  1.53  1.31  1.85  1.71  1.57  1.26  2.04
SKEW      0.94  1.82  0.67  0.38  0.64  0.93  0.71  1.76  0.64  1.36  0.83  1.68
% S       2.74  2.44  3.00  4.07  4.31  4.73  4.78  4.13  4.59  3.70  3.45  2.84
MEAN      4.52  4.41  4.57  4.73  4.12  4.01  3.66  3.78  3.97  3.65  4.30  4.29
STD DEV   2.78  2.44  2.38  2.21  1.94  1.85  1.71  2.00  2.00  2.01  2.45  2.44
SKEW      0.90  0.86  0.64  0.48  0.84  0.37  0.77  1.23  0.71  1.23  0.95  0.97
% SSW     3.33  3.45  3.53  4.96  5.57  7.30  6.32  5.57  6.27  5.00  5.12  3.73
MEAN      5.26  5.26  5.30  5.71  5.12  4.71  4.48  4.39  5.09  4.55  5.41  5.08
STD DEV   2.61  2.41  2.34  2.44  2.23  1.86  1.79  1.87  2.06  1.99  2.66  2.50
SKEW      0.24  0.59  0.37  0.06  0.33  0.30  0.42  0.55  0.28  0.54  0.68  0.54
% SW      7.33  7.00  5.45  7.87  9.62 12.93 12.24 11.94  9.80  8.45  9.52  8.41
MEAN      5.55  4.96  5.01  5.59  5.31  4.87  4.46  4.47  4.95  4.89  5.03  5.42
STD DEV   2.39  2.25  2.18  2.29  2.23  1.95  1.78  1.85  2.02  2.17  2.17  2.46
SKEW      0.35  0.66  0.49  0.34  0.37  0.64  0.61  0.65  0.34  0.63  0.37  0.63
% WSW    11.11 10.12  6.92  8.95 10.10 13.87 14.96 13.07 11.10 12.50 11.09 12.67
MEAN      5.70  5.68  5.47  5.92  5.46  4.99  4.68  4.56  4.83  5.26  5.53  5.69
STD DEV   2.36  2.49  2.39  2.41  2.25  2.05  1.99  1.84  1.93  2.17  2.41  2.34
SKEW      0.45  0.75  0.41  0.28  0.37  0.58  0.70  0.57  0.37  0.36  0.54  0.29
% W      16.45 15.74 13.13 13.81 13.03 15.51 16.25 15.38 12.96 14.10 14.92 17.56
MEAN      6.18  6.41  6.36  6.30  5.61  4.95  4.87  4.67  4.75  5.25  5.69  6.03
STD DEV   2.89  2.94  3.04  2.75  2.43  2.06  2.11  2.01  2.12  2.29  2.64  2.70
SKEW      0.70  0.70  0.83  0.63  0.54  0.58  0.53  0.61  0.71  0.60  0.65  0.50
% WNW    15.17 14.94 16.15 12.21 10.53 10.61 12.70 10.84 10.87 10.87 13.66 15.13
MEAN      7.76  8.25  7.90  7.25  6.44  6.18  5.55  5.49  5.72  6.23  6.63  7.55
STD DEV   3.74  4.13  3.66  3.11  2.59  2.62  2.40  2.24  2.35  2.70  2.90  3.67
SKEW      0.63  1.11  0.77  0.46  0.31  0.27  0.49  0.29  0.42  0.49  0.52  0.79
% NW     13.09 12.20 13.80 10.90  9.05  7.23  8.21  8.17  8.99  8.53  9.94 10.64
MEAN      7.48  8.02  7.77  6.94  6.72  6.16  5.40  5.13  6.11  6.36  6.68  7.02
STD DEV   3.50  4.26  3.43  3.03  3.03  2.72  2.39  2.12  2.58  2.79  3.33  3.48
SKEW      0.68  1.00  0.46  0.87  0.40  0.16  0.39  0.30  0.24  0.45  1.02  0.90
% NNW     5.86  5.44  5.17  5.10  4.25  3.54  3.27  3.95  3.97  4.22  4.29  4.62
MEAN      6.81  7.02  6.52  6.10  5.71  5.25  4.32  4.69  4.98  5.39  6.02  5.95
STD DEV   3.02  4.37  2.92  2.53  2.37  2.04  1.86  1.98  2.33  2.31  3.10  2.73
SKEW      0.42  1.66  0.51  0.29  0.13  0.36  0.73  0.36  0.46  0.62  1.09  0.56
CALM      1.90  1.84  1.00  1.09  1.44  1.60  1.59  1.36  1.34  1.42  2.04  1.03
WORCESTER     MA    1.000  MAYNARD/NATIC MA    0.000  CHICOPEE FALL MA    0.000
