 BALTIMORE WB AP MD                      18 465 0
 LATT=  39.25 LONG= -76.53 YEARS= 44. TYPE= 3
 ELEVATION =   20. TP5 = 2.82 TP6= 5.30
 MEAN P   0.28  0.33  0.34  0.30  0.33  0.39  0.42  0.44  0.45  0.40  0.35  0.36
 S DEV P  0.35  0.40  0.40  0.35  0.42  0.53  0.64  0.64  0.74  0.51  0.46  0.44
 SQEW  P  2.18  2.36  2.03  1.99  2.63  2.58  3.57  2.89  3.27  2.03  2.43  2.21
 P(W/W)   0.47  0.45  0.46  0.49  0.48  0.42  0.37  0.44  0.43  0.43  0.43  0.40
 P(W/D)   0.26  0.26  0.27  0.27  0.28  0.25  0.26  0.25  0.19  0.18  0.25  0.26
 TMAX AV 41.49 44.54 53.30 64.68 74.36 83.10 87.36 85.38 78.60 67.63 56.22 45.14
 TMIN AV 24.69 26.76 33.70 43.02 52.85 61.94 67.01 65.75 58.41 46.54 36.93 28.23
 SD TMAX 10.83 11.09 11.35 10.63  9.13  7.59  6.09  6.15  8.22  8.76  9.94 10.63
 SD TMIN  9.75  9.40  8.25  8.06  7.60  6.39  5.10  5.61  7.93  9.00  9.18  9.31
 SOL.RAD  167.  266.  334.  408.  510.  514.  510.  428.  370.  280.  198.  162.
 SD SOL   41.8  41.4  65.3  88.0  88.2 100.8  94.6 193.6  85.0  48.6  38.0  34.1
 MX .5 P  0.35  0.44  0.73  0.57  1.09  0.93  1.43  1.26  1.54  1.00  0.44  0.27
 DEW PT  23.52 22.63 27.89 37.26 48.52 57.89 62.15 62.15 54.52 44.67 33.15 24.26
Time Pk  0.651 0.734 0.781 0.835 0.849 0.857 0.877 0.889 0.900 0.924 0.957 1.000
% N       4.55  5.25  5.28  4.74  4.26  4.59  4.47  5.63  6.94  7.06  4.21  4.35
MEAN      4.30  4.31  4.85  4.94  4.25  4.20  3.72  4.10  4.28  4.42  4.32  4.27
STD DEV   1.84  1.80  1.96  2.05  1.75  1.70  1.52  1.43  1.58  1.63  1.82  2.00
SKEW      0.65  0.63  0.70  0.42  0.67  0.70  0.69  0.30  0.43  0.40  0.81  0.89
% NNE     2.80  2.83  3.03  2.54  3.44  2.80  2.33  3.45  4.44  4.26  2.62  2.77
MEAN      4.24  4.52  4.84  4.88  4.40  4.51  3.81  4.27  4.36  4.42  4.39  3.84
STD DEV   1.88  2.17  2.19  2.09  1.66  1.74  1.37  1.68  1.65  1.81  2.03  1.79
SKEW      0.62  0.75  0.60  0.52  0.58  0.33  0.54  0.52  0.43  0.60  0.76  0.87
% NE      5.11  4.71  4.84  4.37  5.83  4.08  3.61  4.81  6.15  6.21  3.97  4.61
MEAN      4.61  4.19  4.54  4.90  4.55  4.43  3.87  4.34  4.40  4.68  4.03  4.17
STD DEV   2.15  1.88  1.96  2.00  1.80  1.71  1.40  1.59  1.71  1.90  1.90  1.94
SKEW      0.69  0.84  0.53  0.37  0.52  0.38  0.22  0.31  0.74  0.55  0.97  1.15
% ENE     4.22  6.05  6.58  5.55  5.45  3.54  3.37  3.39  4.89  5.30  3.55  4.52
MEAN      4.01  4.43  5.00  5.13  4.78  4.38  4.18  4.28  4.69  5.39  4.12  4.08
STD DEV   1.94  1.88  2.03  2.05  1.83  1.58  1.58  1.46  2.05  2.24  1.89  1.81
SKEW      1.14  0.75  0.44  0.39  0.46  0.55  0.39  0.33  1.13  0.49  1.00  1.02
% E       3.97  6.11  6.60  6.43  6.93  5.50  4.43  5.09  5.76  4.85  4.66  4.52
MEAN      3.30  3.98  4.48  4.75  4.34  4.26  3.99  4.23  4.07  3.90  3.83  3.56
STD DEV   1.18  1.60  1.78  1.77  1.66  1.77  1.40  1.48  1.48  1.46  1.50  1.45
SKEW      0.31  0.83  0.55  0.40  0.56  0.80  0.31  0.31  0.34  0.58  0.81  1.13
% ESE     2.13  2.63  3.10  3.52  3.72  3.01  2.74  3.23  3.08  2.57  2.45  1.97
MEAN      3.23  3.41  3.96  4.39  4.25  4.23  3.95  4.04  3.99  3.58  3.32  3.10
STD DEV   1.17  1.26  1.54  1.82  1.55  1.73  1.45  1.57  1.37  1.29  1.13  1.15
SKEW      0.45  0.60  0.83  0.73  0.32  0.60  0.44  0.72  0.48  0.44  0.32  0.43
% SE      3.14  3.77  4.25  4.80  5.49  5.01  4.13  4.35  3.86  3.92  3.80  2.58
MEAN      3.40  4.14  4.46  4.66  4.32  4.29  3.97  4.12  3.98  3.83  4.06  4.03
STD DEV   1.29  1.81  2.11  1.94  1.71  1.67  1.45  1.53  1.75  1.49  1.87  2.26
SKEW      0.49  0.90  1.19  0.59  0.45  0.73  0.45  0.69  1.52  0.52  1.19  1.52
% SSE     2.69  3.32  3.34  5.36  5.40  5.77  5.48  5.09  4.77  3.49  3.08  2.65
MEAN      3.82  4.35  5.11  5.24  4.63  4.71  4.43  4.28  4.47  4.09  4.52  3.92
STD DEV   1.79  1.96  2.15  2.13  1.80  1.99  1.62  1.54  1.75  1.58  2.32  1.75
SKEW      1.13  0.86  0.61  0.44  0.50  0.64  0.46  0.25  0.75  0.56  1.02  1.22
% S       5.54  4.70  4.70  6.66  7.58 10.15  9.83  9.18  8.81  5.47  6.08  5.07
MEAN      3.90  4.33  4.63  4.88  4.22  4.30  4.11  4.10  4.24  3.96  4.42  3.78
STD DEV   1.78  1.81  2.29  2.29  1.72  1.75  1.58  1.58  1.67  1.62  2.04  1.47
SKEW      1.03  0.47  0.94  0.81  0.70  0.88  0.55  0.57  0.76  0.77  0.91  0.82
% SSW     4.48  3.99  3.47  4.55  5.72  6.56  7.43  6.14  5.90  4.62  4.78  5.07
MEAN      4.62  5.09  5.57  5.41  4.60  4.21  4.42  4.13  4.38  4.33  4.71  4.56
STD DEV   2.17  2.43  2.51  2.46  1.96  1.68  1.64  1.57  1.69  1.69  1.99  2.03
SKEW      0.96  0.71  0.43  0.56  0.62  0.63  0.55  0.56  0.54  0.68  0.53  0.91
% SW      6.54  5.52  5.03  6.98  7.13  7.02  8.91  7.54  6.55  6.87  6.98  7.40
MEAN      4.56  4.96  5.26  5.38  4.56  4.09  4.20  4.02  4.09  4.20  4.42  4.29
STD DEV   2.19  2.40  2.39  2.41  1.85  1.67  1.56  1.51  1.57  1.69  1.87  1.76
SKEW      1.01  1.24  0.59  0.52  0.49  0.84  0.58  0.53  0.70  0.58  0.91  0.85
% WSW     5.78  4.67  4.63  5.40  5.96  7.82  8.94  7.14  5.49  5.83  6.35  6.47
MEAN      4.63  4.59  4.90  5.18  4.64  4.45  4.06  3.94  3.92  4.09  4.33  4.21
STD DEV   2.41  1.96  2.25  2.35  1.93  1.74  1.41  1.38  1.47  1.66  1.86  1.77
SKEW      1.33  0.96  0.80  0.87  0.86  0.86  0.70  0.56  0.98  0.96  0.92  0.89
% W      12.40 11.40 10.55 11.46 10.96 11.68 13.31 12.64 10.40 12.50 14.02 13.13
MEAN      5.36  5.82  5.84  5.51  4.75  4.21  4.00  3.91  3.83  4.13  4.88  4.98
STD DEV   2.75  2.92  2.87  2.63  2.27  1.80  1.63  1.54  1.57  1.79  2.43  2.39
SKEW      0.85  0.71  0.74  0.79  0.90  1.17  1.15  1.10  1.38  1.32  1.13  0.91
% WNW    14.48 13.55 14.41 10.98  8.05  8.00  7.79  7.24  6.88 10.20 13.94 14.19
MEAN      6.63  7.14  7.26  6.86  5.60  4.84  4.57  4.38  4.64  4.96  5.84  6.29
STD DEV   2.95  3.12  2.96  2.74  2.31  2.05  1.91  1.77  2.14  2.28  2.68  2.75
SKEW      0.40  0.42  0.33  0.30  0.48  0.78  0.85  1.01  1.00  0.90  0.45  0.44
% NW     11.20 11.78 11.56  8.92  7.16  7.05  6.58  7.18  7.32  8.15 10.11 10.52
MEAN      5.99  6.64  6.72  6.34  5.41  4.89  4.42  4.36  4.70  5.34  5.71  5.84
STD DEV   2.50  2.72  2.75  2.53  2.14  2.00  1.75  1.56  2.01  2.20  2.36  2.38
SKEW      0.59  0.39  0.41  0.32  0.40  0.63  0.75  0.54  0.76  0.62  0.36  0.27
% NNW     6.10  6.07  6.22  5.01  4.00  4.38  3.44  4.38  5.45  5.36  5.12  4.54
MEAN      5.59  5.60  5.74  5.72  5.10  4.60  4.17  4.38  4.54  4.90  5.15  5.09
STD DEV   2.47  2.45  2.26  2.13  1.97  1.87  1.48  1.60  1.84  1.81  2.07  2.13
SKEW      0.60  0.66  0.33  0.27  0.46  0.56  0.27  0.44  0.81  0.40  0.50  0.38
CALM      4.79  3.64  2.47  2.89  2.83  2.98  3.21  3.45  3.25  3.52  4.19  5.63
BALTIMORE/FRN.MD    1.000  ANNAPOLIS     MD    0.000  ABERDEEN      MD    0.000
 FREDERICK POLICE BK MD                  183348 0
 LATT=  39.42 LONG= -77.42 YEARS= 34. TYPE= 3
 ELEVATION =  380. TP5 = 2.87 TP6= 5.28
 MEAN P   0.30  0.30  0.30  0.32  0.33  0.36  0.42  0.36  0.42  0.38  0.31  0.36
 S DEV P  0.32  0.34  0.33  0.34  0.40  0.43  0.54  0.46  0.53  0.50  0.38  0.42
 SQEW  P  1.84  2.34  2.07  1.85  2.35  2.12  2.17  2.28  2.41  2.78  2.32  2.06
 P(W/W)   0.43  0.46  0.45  0.51  0.49  0.41  0.43  0.42  0.39  0.47  0.48  0.41
 P(W/D)   0.23  0.22  0.25  0.23  0.29  0.26  0.20  0.24  0.20  0.18  0.24  0.22
 TMAX AV 41.41 45.57 54.71 66.72 76.29 84.34 88.52 86.45 79.53 68.31 56.63 44.98
 TMIN AV 24.72 26.80 33.33 43.40 52.83 61.36 65.91 64.63 57.12 45.94 36.93 28.16
 SD TMAX 10.36 11.04 11.57 10.62  8.27  6.82  5.59  5.68  7.63  8.65 10.11 10.38
 SD TMIN  9.54  9.86  9.14  8.65  7.97  6.83  5.70  6.14  8.61  8.72  9.42  9.64
 SOL.RAD  162.  257.  325.  400.  517.  505.  519.  433.  369.  279.  195.  155.
 SD SOL   41.8  42.8  65.6  87.3  82.6  99.2  87.9 173.6  82.1  47.0  37.6  35.0
 MX .5 P  0.38  0.37  0.57  0.68  1.28  0.92  1.44  1.34  1.44  0.93  0.37  0.26
 DEW PT  22.17 21.53 26.81 36.72 47.72 57.08 61.36 61.08 54.00 43.36 32.36 23.17
Time Pk  0.681 0.760 0.795 0.844 0.856 0.864 0.879 0.889 0.900 0.926 0.955 1.000
% N       7.44  7.49  6.80  6.17  6.08  4.84  5.57  5.82  7.96  8.12  6.25  6.54
MEAN      4.38  4.60  4.55  4.74  4.22  4.01  3.63  3.71  3.97  4.01  3.85  4.15
STD DEV   2.01  2.04  2.07  2.17  1.87  1.72  1.51  1.51  1.73  1.87  1.87  1.93
SKEW      0.68  0.66  0.80  0.59  0.65  0.72  0.64  0.53  0.61  0.79  1.05  0.71
% NNE     4.19  4.12  4.38  3.64  4.06  3.57  3.46  4.32  6.11  5.24  3.70  4.00
MEAN      4.38  4.43  4.50  4.40  4.32  4.32  3.90  3.94  4.30  4.14  3.97  3.99
STD DEV   1.92  2.00  1.99  1.93  1.73  1.72  1.47  1.62  1.83  1.71  1.85  1.74
SKEW      0.62  0.72  0.70  0.86  0.51  0.57  0.62  0.65  0.80  0.57  0.97  0.82
% NE      3.61  3.75  3.97  4.08  4.48  3.60  3.02  3.95  5.33  4.84  3.28  3.51
MEAN      3.87  3.72  4.15  4.07  4.05  3.97  3.59  3.62  4.01  4.01  3.52  3.63
STD DEV   1.68  1.43  1.72  1.60  1.66  1.63  1.36  1.46  1.79  1.77  1.62  1.57
SKEW      0.77  0.36  0.79  0.62  0.61  0.66  0.55  0.60  0.85  0.70  1.16  0.76
% ENE     2.31  3.23  3.72  3.80  3.52  3.06  2.51  2.90  3.72  3.16  2.23  2.41
MEAN      3.79  3.73  4.06  4.16  4.10  3.75  3.58  3.29  3.73  3.66  3.63  3.40
STD DEV   1.80  1.51  1.64  1.82  1.65  1.49  1.41  1.28  1.64  1.61  1.54  1.43
SKEW      0.79  0.69  0.69  0.93  0.48  0.69  0.54  0.51  0.85  0.72  0.42  0.75
% E       2.02  3.15  4.10  4.14  4.21  3.20  3.00  3.32  3.62  3.06  2.33  2.17
MEAN      3.38  3.37  3.77  3.79  3.64  3.62  3.40  3.28  3.45  3.40  3.33  2.90
STD DEV   1.82  1.38  1.50  1.54  1.52  1.53  1.35  1.36  1.50  1.44  1.73  1.09
SKEW      1.21  0.69  0.55  0.61  0.85  0.68  0.60  0.81  0.95  0.81  1.52  0.72
% ESE     1.47  2.26  3.44  3.23  3.61  2.51  2.76  2.95  2.69  2.42  2.24  1.83
MEAN      2.91  3.57  3.76  3.84  3.58  3.38  3.37  3.24  3.28  3.31  3.43  3.15
STD DEV   1.07  1.72  1.49  1.54  1.37  1.41  1.31  1.27  1.27  1.46  1.78  1.56
SKEW      0.48  1.20  0.49  0.65  0.47  0.82  0.69  0.68  0.63  1.04  2.01  1.68
% SE      2.34  2.86  3.55  3.92  4.38  3.82  4.14  3.66  3.81  3.56  2.75  2.29
MEAN      3.07  3.39  3.74  3.83  3.80  3.42  3.51  3.23  3.36  3.15  3.55  2.99
STD DEV   1.17  1.39  1.52  1.55  1.61  1.27  1.38  1.21  1.42  1.29  1.68  1.08
SKEW      0.43  0.87  0.56  0.64  0.74  0.57  0.71  0.51  1.12  0.76  1.15  0.65
% SSE     3.79  3.89  4.74  5.33  7.00  7.17  6.92  6.22  5.59  4.71  4.33  3.62
MEAN      3.38  3.66  4.06  4.14  4.02  3.67  3.59  3.49  3.43  3.47  3.63  3.28
STD DEV   1.36  1.49  1.76  1.68  1.58  1.38  1.30  1.27  1.33  1.37  1.51  1.34
SKEW      0.52  0.67  0.81  0.57  0.64  0.52  0.58  0.51  0.65  0.53  0.84  0.95
% S       9.82  9.06  8.58 11.01 12.79 15.26 13.96 12.92 10.95  9.85 10.55 10.29
MEAN      3.80  4.10  4.53  4.38  4.20  3.82  3.73  3.66  3.68  3.67  4.01  3.74
STD DEV   1.66  1.69  2.10  1.93  1.81  1.50  1.43  1.44  1.55  1.59  1.75  1.62
SKEW      0.86  0.59  0.78  0.64  0.78  0.63  0.60  0.62  0.87  0.77  0.70  0.74
% SSW     8.52  7.17  7.30  8.46  9.08 10.34 10.72  9.67  7.99  7.79  8.85  8.37
MEAN      4.47  4.74  5.30  5.03  4.47  3.99  3.81  3.74  3.84  3.83  4.38  4.24
STD DEV   2.07  2.14  2.44  2.28  2.06  1.63  1.59  1.58  1.76  1.71  1.97  1.95
SKEW      0.79  0.59  0.51  0.44  0.77  0.64  0.84  0.78  0.87  0.83  0.80  0.75
% SW      4.49  4.31  4.12  4.76  5.27  6.57  7.31  6.19  5.20  4.81  5.19  4.89
MEAN      3.96  4.45  4.58  4.79  3.92  3.62  3.46  3.36  3.25  3.48  3.71  3.69
STD DEV   1.90  2.16  2.30  2.41  1.79  1.62  1.41  1.51  1.49  1.58  1.74  1.71
SKEW      0.93  0.76  0.79  0.75  0.86  0.71  0.70  0.87  0.99  1.02  0.96  0.90
% WSW     2.82  2.74  2.98  3.02  3.36  4.04  4.34  3.74  2.85  2.92  3.39  2.98
MEAN      3.70  4.06  4.56  4.27  3.80  3.43  3.15  3.07  3.04  3.37  3.68  3.47
STD DEV   1.72  2.14  2.17  2.08  1.63  1.49  1.33  1.28  1.27  1.53  1.74  1.51
SKEW      0.97  0.77  0.75  0.85  0.76  0.69  0.74  0.84  0.74  0.83  1.07  0.99
% W       5.19  5.67  5.36  5.28  4.85  4.49  4.54  4.57  3.50  4.34  5.70  5.06
MEAN      5.26  5.55  5.25  4.81  4.15  3.71  3.42  3.23  3.34  3.84  4.65  4.59
STD DEV   2.78  2.79  2.66  2.28  1.92  1.69  1.59  1.34  1.53  1.85  2.46  2.29
SKEW      0.76  0.63  0.87  0.77  0.87  0.74  0.92  0.61  0.87  0.95  0.88  0.71
% WNW    10.57 11.15 10.70  8.81  6.18  5.36  4.68  4.71  4.33  6.02  9.69 10.14
MEAN      6.52  6.83  6.77  6.23  5.23  4.42  4.06  3.82  4.12  5.07  5.98  6.18
STD DEV   3.00  2.86  2.95  2.66  2.33  2.04  1.86  1.63  1.91  2.44  2.63  2.66
SKEW      0.59  0.37  0.42  0.42  0.47  0.72  0.83  0.66  0.87  0.67  0.50  0.44
% NW     13.07 12.58 11.81 10.15  7.12  6.84  6.23  7.06  6.43  8.69 11.58 13.27
MEAN      5.95  6.26  6.20  6.03  5.12  4.44  3.91  3.90  4.01  4.92  5.62  6.01
STD DEV   2.61  2.55  2.64  2.58  2.31  2.02  1.69  1.70  1.78  2.22  2.51  2.58
SKEW      0.65  0.52  0.51  0.48  0.54  0.69  0.88  0.85  0.79  0.55  0.60  0.53
% NNW     9.14  8.77  8.16  7.19  5.69  5.03  5.04  5.94  7.32  7.96  7.61  8.24
MEAN      5.09  5.33  5.28  5.31  4.70  4.33  3.74  3.72  3.89  4.41  4.80  5.07
STD DEV   2.10  2.38  2.30  2.38  1.95  1.98  1.54  1.48  1.70  2.03  2.14  2.19
SKEW      0.58  0.68  0.66  0.71  0.55  0.78  0.60  0.75  0.81  0.91  0.60  0.52
CALM      9.12  7.84  6.21  6.92  8.19 10.30 11.82 12.04 12.65 12.51 10.39 10.41
WASH/NATIONAL VA    0.345  WASH/DULLES   VA    0.345  WASH/ANDREWS  MD    0.311
 HAGERSTOWN MD                           183975 0
 LATT=  39.65 LONG= -77.73 YEARS= 44. TYPE= 3
 ELEVATION =  660. TP5 = 2.81 TP6= 5.24
 MEAN P   0.30  0.29  0.34  0.32  0.34  0.35  0.38  0.40  0.42  0.43  0.32  0.36
 S DEV P  0.34  0.34  0.38  0.33  0.38  0.46  0.69  0.66  0.72  0.60  0.41  0.55
 SQEW  P  1.97  2.87  2.78  1.78  2.00  2.61  8.09  8.50  7.51  3.10  2.28  8.21
 P(W/W)   0.38  0.40  0.43  0.49  0.48  0.46  0.41  0.41  0.45  0.43  0.44  0.40
 P(W/D)   0.24  0.24  0.24  0.27  0.31  0.27  0.25  0.25  0.19  0.18  0.25  0.22
 TMAX AV 39.14 42.64 52.59 64.74 75.04 83.05 86.82 85.17 78.20 66.89 53.94 42.40
 TMIN AV 22.94 24.84 32.12 41.98 51.42 59.54 63.64 61.97 54.99 44.39 35.55 26.50
 SD TMAX 10.43 10.77 11.68 10.90  8.58  6.85  5.72  5.78  8.07  8.96 10.02 10.26
 SD TMIN 10.11  9.96  9.05  8.68  7.92  6.77  5.46  5.90  8.25  8.88  9.23  9.64
 SOL.RAD  151.  233.  308.  388.  505.  502.  520.  440.  370.  273.  185.  139.
 SD SOL   45.1  50.6  71.6  92.0  87.9 101.3  88.6 176.1  82.3  48.8  40.5  40.1
 MX .5 P  0.37  0.32  0.41  0.72  1.23  0.96  1.31  1.36  1.21  0.77  0.31  0.38
 DEW PT  23.32 22.97 27.97 37.95 48.63 58.29 62.29 62.29 55.26 44.61 33.29 24.63
Time Pk  0.689 0.770 0.805 0.852 0.866 0.874 0.888 0.899 0.908 0.933 0.959 1.000
% N       7.41  7.47  6.80  6.17  6.08  4.83  5.55  5.81  7.95  8.11  6.23  6.53
MEAN      4.38  4.61  4.55  4.75  4.22  4.02  3.63  3.71  3.97  4.02  3.86  4.15
STD DEV   2.01  2.04  2.07  2.18  1.87  1.73  1.51  1.51  1.73  1.87  1.88  1.94
SKEW      0.68  0.66  0.80  0.60  0.65  0.72  0.64  0.53  0.61  0.79  1.05  0.71
% NNE     4.17  4.11  4.38  3.63  4.05  3.56  3.46  4.31  6.12  5.23  3.70  4.00
MEAN      4.39  4.43  4.51  4.40  4.31  4.32  3.90  3.94  4.29  4.14  3.97  3.99
STD DEV   1.93  2.00  1.99  1.93  1.73  1.72  1.47  1.62  1.83  1.71  1.85  1.75
SKEW      0.62  0.72  0.70  0.87  0.51  0.57  0.62  0.65  0.80  0.57  0.97  0.81
% NE      3.60  3.75  3.97  4.07  4.48  3.60  3.01  3.95  5.33  4.84  3.28  3.51
MEAN      3.88  3.73  4.15  4.07  4.05  3.97  3.59  3.62  4.01  4.01  3.52  3.64
STD DEV   1.68  1.44  1.72  1.60  1.66  1.63  1.36  1.47  1.79  1.77  1.62  1.58
SKEW      0.76  0.36  0.80  0.62  0.61  0.66  0.55  0.61  0.85  0.70  1.16  0.76
% ENE     2.31  3.23  3.73  3.81  3.52  3.06  2.50  2.90  3.72  3.17  2.23  2.41
MEAN      3.79  3.74  4.06  4.16  4.09  3.75  3.58  3.29  3.73  3.66  3.62  3.41
STD DEV   1.80  1.51  1.64  1.82  1.65  1.49  1.41  1.29  1.64  1.61  1.53  1.43
SKEW      0.78  0.68  0.69  0.92  0.47  0.70  0.54  0.51  0.85  0.72  0.42  0.75
% E       2.02  3.16  4.11  4.15  4.22  3.20  3.01  3.32  3.63  3.06  2.33  2.18
MEAN      3.39  3.37  3.77  3.79  3.64  3.62  3.39  3.28  3.44  3.40  3.33  2.90
STD DEV   1.83  1.38  1.50  1.54  1.53  1.53  1.34  1.36  1.50  1.44  1.73  1.10
SKEW      1.21  0.69  0.55  0.61  0.85  0.68  0.60  0.81  0.95  0.81  1.52  0.72
% ESE     1.47  2.26  3.45  3.24  3.63  2.52  2.77  2.96  2.70  2.42  2.25  1.84
MEAN      2.90  3.57  3.77  3.85  3.58  3.37  3.37  3.24  3.27  3.31  3.43  3.16
STD DEV   1.07  1.72  1.49  1.54  1.37  1.41  1.31  1.27  1.27  1.46  1.77  1.56
SKEW      0.48  1.20  0.49  0.65  0.47  0.81  0.69  0.68  0.63  1.04  1.99  1.68
% SE      2.33  2.86  3.53  3.92  4.38  3.82  4.14  3.66  3.81  3.56  2.74  2.29
MEAN      3.07  3.39  3.74  3.83  3.80  3.41  3.51  3.24  3.36  3.15  3.55  2.99
STD DEV   1.17  1.39  1.53  1.55  1.60  1.27  1.38  1.21  1.43  1.29  1.68  1.08
SKEW      0.43  0.87  0.56  0.64  0.74  0.57  0.71  0.51  1.12  0.75  1.14  0.65
% SSE     3.78  3.88  4.71  5.32  6.97  7.13  6.89  6.20  5.57  4.69  4.31  3.61
MEAN      3.39  3.67  4.06  4.14  4.02  3.67  3.59  3.48  3.42  3.47  3.63  3.28
STD DEV   1.37  1.50  1.76  1.68  1.58  1.38  1.30  1.27  1.33  1.37  1.51  1.34
SKEW      0.53  0.67  0.82  0.56  0.64  0.52  0.57  0.51  0.65  0.53  0.84  0.95
% S       9.76  9.01  8.53 10.97 12.73 15.18 13.89 12.87 10.90  9.80 10.50 10.24
MEAN      3.80  4.10  4.54  4.38  4.20  3.82  3.73  3.65  3.67  3.67  4.01  3.74
STD DEV   1.66  1.69  2.11  1.93  1.81  1.50  1.43  1.45  1.55  1.59  1.75  1.62
SKEW      0.86  0.59  0.77  0.64  0.78  0.63  0.60  0.61  0.87  0.77  0.71  0.74
% SSW     8.50  7.16  7.28  8.45  9.06 10.35 10.71  9.67  7.99  7.78  8.85  8.35
MEAN      4.47  4.74  5.30  5.04  4.47  3.99  3.81  3.74  3.84  3.83  4.38  4.24
STD DEV   2.07  2.14  2.44  2.28  2.06  1.63  1.60  1.58  1.76  1.71  1.97  1.95
SKEW      0.79  0.59  0.51  0.44  0.77  0.63  0.84  0.78  0.86  0.83  0.80  0.74
% SW      4.51  4.34  4.14  4.78  5.31  6.61  7.34  6.21  5.21  4.83  5.21  4.92
MEAN      3.97  4.47  4.59  4.79  3.93  3.62  3.46  3.36  3.26  3.49  3.72  3.70
STD DEV   1.90  2.16  2.30  2.41  1.79  1.62  1.42  1.51  1.49  1.59  1.74  1.72
SKEW      0.93  0.76  0.79  0.75  0.86  0.71  0.70  0.87  0.98  1.02  0.96  0.89
% WSW     2.83  2.75  2.98  3.03  3.38  4.05  4.35  3.75  2.85  2.93  3.39  2.99
MEAN      3.71  4.06  4.56  4.28  3.81  3.43  3.16  3.07  3.04  3.37  3.69  3.48
STD DEV   1.72  2.13  2.17  2.08  1.64  1.49  1.33  1.28  1.27  1.53  1.75  1.52
SKEW      0.97  0.76  0.75  0.85  0.76  0.69  0.73  0.84  0.74  0.82  1.06  0.99
% W       5.21  5.70  5.38  5.30  4.86  4.51  4.55  4.58  3.52  4.36  5.74  5.08
MEAN      5.26  5.55  5.25  4.81  4.15  3.71  3.41  3.23  3.35  3.84  4.66  4.59
STD DEV   2.78  2.79  2.66  2.28  1.91  1.69  1.59  1.34  1.53  1.85  2.46  2.29
SKEW      0.76  0.63  0.87  0.77  0.87  0.74  0.92  0.61  0.87  0.95  0.89  0.71
% WNW    10.59 11.16 10.71  8.81  6.19  5.37  4.68  4.71  4.33  6.04  9.69 10.13
MEAN      6.52  6.83  6.77  6.23  5.24  4.42  4.05  3.82  4.13  5.07  5.98  6.18
STD DEV   3.00  2.86  2.96  2.66  2.33  2.04  1.86  1.63  1.91  2.44  2.63  2.67
SKEW      0.59  0.38  0.42  0.42  0.47  0.72  0.83  0.66  0.87  0.67  0.50  0.44
% NW     13.08 12.56 11.81 10.14  7.11  6.84  6.21  7.05  6.41  8.69 11.57 13.27
MEAN      5.96  6.27  6.21  6.03  5.13  4.44  3.91  3.90  4.01  4.92  5.63  6.02
STD DEV   2.61  2.56  2.64  2.58  2.31  2.02  1.69  1.70  1.78  2.22  2.51  2.59
SKEW      0.65  0.53  0.51  0.48  0.54  0.69  0.88  0.85  0.79  0.55  0.60  0.53
% NNW     9.12  8.75  8.14  7.17  5.68  5.01  5.02  5.91  7.29  7.93  7.59  8.23
MEAN      5.10  5.34  5.28  5.32  4.71  4.33  3.75  3.72  3.89  4.42  4.81  5.08
STD DEV   2.11  2.38  2.30  2.39  1.96  1.99  1.54  1.48  1.70  2.03  2.15  2.20
SKEW      0.57  0.68  0.66  0.71  0.55  0.78  0.60  0.75  0.80  0.92  0.60  0.52
CALM      9.19  7.91  6.25  6.95  8.23 10.38 11.92 12.10 12.72 12.57 10.43 10.47
WASH/NATIONAL VA    0.340  WASH/DULLES   VA    0.340  WASH/ANDREWS  MD    0.320
 OAKLAND 1SW MD                          186620 0
 LATT=  39.40 LONG= -79.40 YEARS= 44. TYPE= 3
 ELEVATION = 2420. TP5 = 2.45 TP6= 4.48
 MEAN P   0.23  0.22  0.26  0.28  0.30  0.33  0.37  0.34  0.29  0.27  0.25  0.25
 S DEV P  0.29  0.25  0.30  0.29  0.36  0.37  0.48  0.47  0.33  0.38  0.32  0.30
 SQEW  P  2.22  2.30  2.19  2.11  2.59  1.82  2.97  3.28  2.06  3.93  2.63  2.35
 P(W/W)   0.59  0.60  0.62  0.61  0.63  0.57  0.55  0.56  0.54  0.55  0.58  0.56
 P(W/D)   0.44  0.41  0.41  0.39  0.35  0.33  0.33  0.30  0.25  0.25  0.34  0.44
 TMAX AV 36.62 39.37 48.24 59.85 69.50 76.42 79.38 78.52 72.52 62.63 50.49 40.10
 TMIN AV 17.30 18.65 25.42 34.51 43.81 51.53 56.27 55.05 48.32 37.19 28.99 20.86
 SD TMAX 12.66 12.21 13.19 11.88  8.86  6.55  5.31  5.47  7.75  9.86 11.97 12.30
 SD TMIN 12.63 12.78 10.75  9.54  9.15  8.08  6.90  7.14  9.29  9.70 10.49 11.83
 SOL.RAD  139.  221.  290.  387.  504.  527.  539.  459.  390.  259.  168.  127.
 SD SOL   48.1  53.6  76.2  90.7  86.0  91.6  80.4 155.5  74.9  52.2  45.2  43.2
 MX .5 P  0.35  0.26  0.47  0.58  1.01  0.95  1.47  1.61  0.97  0.77  0.31  0.25
 DEW PT  24.36 23.92 29.52 38.27 49.27 58.45 61.85 61.02 54.62 43.25 32.62 25.09
Time Pk  0.729 0.810 0.843 0.882 0.891 0.896 0.907 0.915 0.919 0.934 0.959 1.000
% N       3.28  2.88  3.06  3.58  4.01  3.43  3.27  3.94  3.08  3.94  2.38  2.12
MEAN      3.25  3.34  3.66  3.57  3.28  3.08  2.96  2.96  2.85  3.17  3.20  2.87
STD DEV   1.52  1.42  1.50  1.53  1.56  1.36  1.33  1.28  1.28  1.43  1.46  1.38
SKEW      0.51  0.23  0.33  0.60  0.59  0.61  0.86  0.49  0.77  0.70  0.47  0.97
% NNE     2.62  2.85  2.35  3.17  3.26  2.11  2.07  2.57  2.43  3.12  1.69  2.00
MEAN      3.22  3.25  3.43  3.65  3.22  2.93  2.83  2.86  3.01  3.20  3.41  3.23
STD DEV   1.36  1.40  1.44  1.57  1.42  1.22  1.24  1.25  1.44  1.39  1.32  1.47
SKEW      0.27  0.51  0.43  0.37  0.36  0.57  0.51  0.82  0.70  0.47  0.28  0.78
% NE      3.46  3.80  3.41  4.10  4.30  3.20  3.50  4.21  3.86  4.14  2.55  2.81
MEAN      2.70  2.54  2.73  2.98  2.61  2.62  2.48  2.55  2.47  2.71  2.85  2.57
STD DEV   1.26  1.06  1.21  1.38  1.25  1.19  1.11  1.15  1.09  1.28  1.41  1.40
SKEW      0.64  0.52  0.74  0.68  0.87  0.69  0.82  1.02  0.86  1.14  0.88  1.25
% ENE     1.51  1.61  1.85  1.59  2.14  1.64  1.53  1.92  1.84  1.73  0.98  1.13
MEAN      3.04  2.86  3.17  3.04  2.91  2.85  2.62  2.73  2.76  2.75  2.69  2.39
STD DEV   1.42  1.20  1.39  1.48  1.35  1.28  1.24  1.27  1.29  1.25  1.19  0.94
SKEW      0.75  0.54  0.45  0.87  0.45  0.67  0.59  0.97  0.59  0.93  0.66  0.71
% E       2.29  2.36  2.19  2.18  2.89  2.52  2.29  2.94  2.99  2.98  1.54  1.99
MEAN      2.70  2.95  3.26  3.15  2.99  2.85  2.76  2.58  2.49  2.83  2.36  2.89
STD DEV   1.36  1.41  1.59  1.43  1.52  1.37  1.49  1.35  1.17  1.45  1.18  1.52
SKEW      1.86  0.51  1.00  0.39  0.66  0.63  0.97  1.05  0.89  0.95  1.26  1.12
% ESE     1.84  2.27  2.88  2.63  2.63  2.88  2.22  2.65  2.77  2.95  1.73  2.33
MEAN      3.53  3.78  4.04  4.13  3.54  3.48  3.13  2.92  3.28  3.53  3.59  3.65
STD DEV   1.49  1.47  1.67  1.81  1.57  1.45  1.39  1.23  1.61  1.67  1.54  1.48
SKEW      0.81  0.68  0.40  0.39  0.34  0.63  0.54  0.46  0.80  0.61  0.88  0.35
% SE      3.52  4.37  4.63  4.11  3.90  4.43  3.67  4.48  4.51  4.60  3.76  3.82
MEAN      3.45  3.55  3.92  3.72  3.09  2.91  2.71  2.73  2.92  3.14  3.32  3.34
STD DEV   1.67  1.73  1.91  1.78  1.52  1.35  1.22  1.33  1.40  1.55  1.62  1.62
SKEW      0.75  0.69  0.39  0.50  0.64  0.72  0.68  0.89  0.86  0.79  0.81  0.80
% SSE     3.83  4.94  5.94  4.50  4.14  4.04  3.96  4.10  4.67  4.57  4.70  4.09
MEAN      4.07  4.21  4.69  4.09  3.46  3.31  2.90  2.81  3.33  3.51  4.35  4.10
STD DEV   1.99  1.83  1.93  1.87  1.55  1.64  1.22  1.22  1.48  1.67  2.12  1.87
SKEW      0.61  0.30  0.25  0.59  0.44  0.89  0.62  0.65  0.63  0.78  0.64  0.47
% S       4.85  4.83  4.88  4.45  4.60  5.70  5.81  4.70  5.57  4.47  5.55  5.11
MEAN      3.41  3.78  3.95  3.53  3.04  2.81  2.57  2.48  2.83  2.80  3.69  3.46
STD DEV   1.74  1.84  1.94  1.72  1.46  1.30  1.17  1.21  1.42  1.40  2.06  1.74
SKEW      0.76  0.45  0.59  0.70  0.67  0.87  0.80  0.94  1.01  1.19  0.97  0.78
% SSW    11.67  8.28  7.58  9.11  8.19  9.68 10.41  7.95  8.61  7.92 10.50  9.13
MEAN      4.14  4.21  4.55  4.41  3.41  3.20  3.07  2.81  3.10  3.17  4.09  3.85
STD DEV   1.95  1.98  2.18  1.96  1.65  1.40  1.36  1.30  1.56  1.46  1.89  1.81
SKEW      0.57  0.63  0.69  0.50  0.68  0.52  0.65  0.85  0.87  0.82  0.53  0.73
% SW     12.34 11.28  9.37 10.45  9.23 10.10  9.72  9.77 10.04 10.24 14.42 14.71
MEAN      4.27  4.24  4.24  4.08  3.27  3.14  3.01  2.76  2.95  3.35  3.79  3.94
STD DEV   2.08  1.93  2.00  1.98  1.67  1.52  1.43  1.35  1.50  1.75  1.91  1.88
SKEW      0.55  0.39  0.30  0.50  0.76  0.74  0.70  0.99  0.92  0.82  0.86  0.63
% WSW     8.16  7.89  8.66  7.92  5.88  5.69  5.42  4.25  4.81  4.93  8.30  9.14
MEAN      4.97  5.06  5.01  5.01  4.19  3.76  3.42  3.22  3.62  3.86  4.58  4.88
STD DEV   2.21  2.20  2.04  2.11  1.91  1.64  1.55  1.58  1.68  1.73  2.00  2.05
SKEW      0.48  0.33  0.26  0.20  0.33  0.33  0.64  0.77  0.53  0.38  0.41  0.39
% W       8.29  8.72  9.63  8.18  7.14  5.98  5.72  5.45  5.24  5.93  8.41  8.94
MEAN      4.54  4.61  5.18  4.72  4.04  3.55  3.26  3.02  3.38  3.48  4.34  4.60
STD DEV   2.15  2.14  2.35  2.19  1.95  1.80  1.57  1.50  1.68  1.78  2.10  2.25
SKEW      0.60  0.39  0.28  0.49  0.54  0.59  0.58  0.80  0.67  0.69  0.51  0.58
% WNW     9.20 10.52 11.84 10.17  7.20  6.56  5.40  5.24  5.37  5.78  8.85  8.67
MEAN      5.24  5.65  5.87  5.19  4.45  4.07  3.69  3.48  3.86  4.12  5.08  4.96
STD DEV   2.26  2.33  2.44  2.11  2.05  1.77  1.63  1.57  1.79  1.93  2.10  2.08
SKEW      0.28  0.30  0.23  0.16  0.47  0.42  0.69  0.59  0.36  0.48  0.28  0.31
% NW      8.35  8.17  8.33  8.23  7.83  6.82  5.96  6.01  5.72  7.14  6.49  7.43
MEAN      4.33  4.61  4.65  4.42  3.93  3.57  3.25  3.15  3.35  3.70  4.03  4.14
STD DEV   2.02  2.22  2.05  1.96  1.80  1.76  1.45  1.42  1.57  1.83  1.86  2.08
SKEW      0.40  0.60  0.36  0.34  0.62  0.82  0.59  0.68  0.66  0.75  0.44  0.57
% NNW     3.17  3.79  3.66  3.95  4.67  3.36  3.01  3.60  3.25  3.69  2.54  2.37
MEAN      4.12  4.22  4.45  4.38  4.05  3.57  3.18  3.38  3.51  3.77  3.79  3.63
STD DEV   1.72  1.66  1.85  1.67  1.84  1.60  1.38  1.36  1.54  1.61  1.58  1.70
SKEW      0.50  0.20  0.35  0.22  0.33  0.47  0.58  0.36  0.39  0.40  0.50  0.37
CALM     11.56 11.54  9.77 11.71 17.90 21.74 26.00 26.13 25.25 21.98 15.65 14.17
MORGANTOWN    WV    0.453  ELKINS        WV    0.341  FRONT ROYAL   VA    0.206
 OWINGS FERRY LAND MD                    186770 0
 LATT=  38.68 LONG= -76.67 YEARS= 44. TYPE= 3
 ELEVATION =  160. TP5 = 3.08 TP6= 5.69
 MEAN P   0.35  0.35  0.39  0.36  0.42  0.45  0.42  0.53  0.50  0.48  0.46  0.44
 S DEV P  0.38  0.36  0.41  0.38  0.48  0.52  0.54  0.79  0.78  0.64  0.51  0.56
 SQEW  P  1.93  1.80  1.78  1.98  1.93  2.17  2.25  3.48  3.94  2.98  1.74  4.55
 P(W/W)   0.38  0.39  0.38  0.43  0.45  0.38  0.41  0.41  0.41  0.40  0.37  0.37
 P(W/D)   0.21  0.20  0.20  0.22  0.21  0.19  0.22  0.20  0.16  0.14  0.18  0.18
 TMAX AV 44.14 47.09 55.52 66.90 75.77 83.04 87.00 85.10 79.15 68.75 58.28 47.36
 TMIN AV 25.85 27.69 34.23 43.79 53.39 61.51 66.10 64.63 58.03 46.78 37.70 29.07
 SD TMAX 11.01 11.21 11.22 10.27  8.20  6.76  5.59  5.69  7.44  8.06  9.87 10.42
 SD TMIN  9.97  9.78  9.01  8.69  7.57  6.43  5.33  5.65  7.74  9.21  9.56  9.58
 SOL.RAD  186.  263.  340.  420.  535.  515.  530.  451.  379.  295.  210.  165.
 SD SOL   34.4  41.3  60.2  79.1  74.8  93.2  82.0 154.1  77.7  41.8  33.0  32.4
 MX .5 P  0.43  0.36  0.41  0.80  1.43  1.05  1.39  1.34  1.25  0.76  0.35  0.36
 DEW PT  24.96 25.20 29.96 40.72 51.72 61.24 65.24 64.72 58.48 47.48 35.72 26.20
Time Pk  0.633 0.730 0.786 0.841 0.852 0.856 0.878 0.896 0.904 0.933 0.961 1.000
% N       7.40  7.46  6.80  6.17  6.08  4.82  5.55  5.80  7.95  8.10  6.23  6.52
MEAN      4.38  4.61  4.55  4.75  4.22  4.02  3.63  3.71  3.97  4.02  3.86  4.15
STD DEV   2.01  2.04  2.07  2.18  1.87  1.73  1.51  1.51  1.73  1.87  1.88  1.94
SKEW      0.68  0.66  0.81  0.60  0.65  0.72  0.64  0.53  0.61  0.79  1.06  0.71
% NNE     4.17  4.10  4.38  3.63  4.05  3.56  3.45  4.31  6.12  5.22  3.70  3.99
MEAN      4.39  4.44  4.51  4.39  4.31  4.32  3.89  3.93  4.29  4.14  3.97  3.99
STD DEV   1.93  2.00  1.99  1.93  1.73  1.72  1.46  1.62  1.83  1.70  1.85  1.75
SKEW      0.62  0.72  0.70  0.87  0.52  0.58  0.62  0.65  0.80  0.57  0.97  0.81
% NE      3.60  3.75  3.97  4.07  4.48  3.60  3.01  3.96  5.33  4.84  3.28  3.51
MEAN      3.88  3.73  4.15  4.06  4.05  3.97  3.59  3.62  4.01  4.01  3.52  3.64
STD DEV   1.68  1.44  1.72  1.60  1.66  1.63  1.36  1.47  1.79  1.77  1.62  1.58
SKEW      0.76  0.36  0.80  0.62  0.61  0.66  0.56  0.61  0.85  0.69  1.16  0.77
% ENE     2.31  3.24  3.73  3.81  3.51  3.06  2.50  2.89  3.72  3.17  2.22  2.41
MEAN      3.80  3.74  4.07  4.17  4.09  3.75  3.58  3.29  3.73  3.66  3.62  3.42
STD DEV   1.80  1.51  1.64  1.82  1.65  1.49  1.41  1.29  1.64  1.61  1.53  1.44
SKEW      0.78  0.68  0.69  0.92  0.47  0.70  0.54  0.51  0.86  0.72  0.42  0.75
% E       2.02  3.17  4.12  4.16  4.22  3.20  3.01  3.33  3.63  3.06  2.34  2.18
MEAN      3.39  3.38  3.78  3.79  3.64  3.62  3.39  3.28  3.44  3.40  3.33  2.91
STD DEV   1.84  1.38  1.50  1.54  1.53  1.53  1.34  1.37  1.50  1.43  1.73  1.10
SKEW      1.21  0.69  0.55  0.61  0.85  0.68  0.60  0.81  0.95  0.80  1.52  0.72
% ESE     1.47  2.27  3.45  3.25  3.63  2.52  2.77  2.97  2.71  2.42  2.25  1.84
MEAN      2.90  3.57  3.77  3.85  3.58  3.37  3.37  3.24  3.27  3.31  3.43  3.16
STD DEV   1.07  1.72  1.50  1.54  1.37  1.41  1.32  1.27  1.27  1.46  1.77  1.56
SKEW      0.48  1.19  0.49  0.65  0.47  0.81  0.69  0.68  0.63  1.04  1.99  1.67
% SE      2.33  2.86  3.53  3.92  4.39  3.82  4.14  3.66  3.81  3.55  2.74  2.29
MEAN      3.07  3.39  3.74  3.83  3.80  3.41  3.51  3.24  3.36  3.15  3.55  2.99
STD DEV   1.17  1.39  1.53  1.55  1.60  1.27  1.38  1.21  1.43  1.29  1.68  1.09
SKEW      0.43  0.87  0.57  0.64  0.74  0.57  0.71  0.51  1.12  0.75  1.14  0.65
% SSE     3.77  3.87  4.70  5.31  6.95  7.10  6.87  6.19  5.55  4.68  4.31  3.60
MEAN      3.39  3.67  4.06  4.15  4.02  3.67  3.59  3.48  3.42  3.47  3.63  3.28
STD DEV   1.37  1.50  1.76  1.69  1.58  1.38  1.30  1.27  1.33  1.37  1.51  1.34
SKEW      0.53  0.68  0.82  0.56  0.64  0.52  0.57  0.52  0.64  0.53  0.84  0.95
% S       9.72  8.98  8.50 10.95 12.69 15.14 13.85 12.85 10.88  9.78 10.48 10.21
MEAN      3.80  4.10  4.54  4.38  4.20  3.82  3.72  3.65  3.67  3.66  4.01  3.74
STD DEV   1.66  1.69  2.11  1.93  1.81  1.51  1.43  1.45  1.55  1.59  1.75  1.62
SKEW      0.86  0.59  0.77  0.64  0.78  0.63  0.60  0.61  0.87  0.77  0.71  0.74
% SSW     8.49  7.14  7.27  8.45  9.06 10.35 10.71  9.66  7.99  7.78  8.84  8.33
MEAN      4.47  4.75  5.30  5.04  4.47  3.99  3.82  3.74  3.84  3.83  4.39  4.24
STD DEV   2.07  2.14  2.44  2.28  2.06  1.63  1.60  1.58  1.75  1.71  1.97  1.95
SKEW      0.79  0.59  0.50  0.44  0.77  0.63  0.84  0.78  0.86  0.83  0.80  0.74
% SW      4.52  4.35  4.15  4.79  5.34  6.63  7.35  6.22  5.22  4.85  5.22  4.93
MEAN      3.97  4.47  4.59  4.79  3.93  3.62  3.46  3.36  3.26  3.49  3.72  3.71
STD DEV   1.90  2.16  2.30  2.41  1.79  1.62  1.42  1.51  1.49  1.59  1.74  1.72
SKEW      0.92  0.76  0.79  0.75  0.86  0.71  0.70  0.87  0.98  1.02  0.95  0.89
% WSW     2.83  2.75  2.98  3.04  3.39  4.06  4.36  3.76  2.86  2.93  3.39  2.99
MEAN      3.72  4.07  4.57  4.28  3.81  3.43  3.16  3.07  3.05  3.37  3.70  3.48
STD DEV   1.72  2.13  2.17  2.08  1.64  1.49  1.33  1.28  1.27  1.53  1.75  1.52
SKEW      0.97  0.76  0.74  0.85  0.76  0.69  0.73  0.83  0.74  0.82  1.06  0.99
% W       5.23  5.71  5.39  5.30  4.87  4.52  4.56  4.59  3.52  4.38  5.76  5.09
MEAN      5.27  5.56  5.25  4.81  4.15  3.71  3.41  3.23  3.35  3.84  4.66  4.59
STD DEV   2.78  2.79  2.66  2.28  1.91  1.69  1.59  1.34  1.52  1.85  2.46  2.30
SKEW      0.76  0.63  0.87  0.77  0.87  0.74  0.92  0.61  0.87  0.95  0.89  0.71
% WNW    10.60 11.16 10.72  8.82  6.19  5.37  4.68  4.71  4.32  6.04  9.69 10.13
MEAN      6.53  6.83  6.77  6.23  5.24  4.43  4.05  3.82  4.13  5.07  5.98  6.19
STD DEV   3.00  2.87  2.96  2.66  2.33  2.05  1.86  1.64  1.91  2.44  2.63  2.67
SKEW      0.59  0.38  0.42  0.42  0.47  0.72  0.83  0.66  0.88  0.67  0.51  0.45
% NW     13.09 12.54 11.81 10.14  7.10  6.84  6.20  7.04  6.40  8.68 11.56 13.27
MEAN      5.96  6.27  6.22  6.04  5.13  4.44  3.91  3.90  4.01  4.92  5.63  6.02
STD DEV   2.61  2.56  2.65  2.58  2.31  2.03  1.69  1.70  1.78  2.23  2.52  2.59
SKEW      0.65  0.53  0.51  0.48  0.54  0.69  0.88  0.85  0.79  0.55  0.60  0.53
% NNW     9.11  8.74  8.13  7.16  5.67  5.01  5.00  5.90  7.27  7.92  7.58  8.22
MEAN      5.11  5.35  5.29  5.33  4.71  4.33  3.75  3.72  3.89  4.42  4.81  5.09
STD DEV   2.11  2.39  2.31  2.39  1.96  1.99  1.54  1.48  1.70  2.04  2.15  2.20
SKEW      0.57  0.68  0.66  0.71  0.55  0.78  0.60  0.75  0.80  0.92  0.60  0.52
CALM      9.23  7.95  6.27  6.97  8.25 10.43 11.97 12.13 12.76 12.61 10.46 10.51
WASH/NATIONAL VA    0.337  WASH/DULLES   VA    0.337  WASH/ANDREWS  MD    0.326
