 AUGUSTA CAA AIRPORT ME                  17 275 0
 LATT=  44.32 LONG= -69.80 YEARS= 44. TYPE= 4
 ELEVATION =  350. TP5 = 1.78 TP6= 4.24
 MEAN P   0.28  0.31  0.31  0.32  0.30  0.29  0.31  0.34  0.34  0.38  0.40  0.33
 S DEV P  0.34  0.39  0.40  0.43  0.41  0.41  0.42  0.45  0.51  0.51  0.52  0.47
 SQEW  P  2.26  2.06  2.46  2.98  2.74  2.89  2.62  3.40  4.66  2.15  2.37  3.07
 P(W/W)   0.43  0.43  0.46  0.53  0.52  0.47  0.42  0.39  0.42  0.47  0.49  0.44
 P(W/D)   0.31  0.28  0.28  0.28  0.29  0.32  0.29  0.29  0.26  0.25  0.33  0.32
 TMAX AV 28.13 31.22 39.62 52.49 65.29 73.93 79.61 77.59 68.71 57.65 44.89 32.09
 TMIN AV 11.29 13.31 23.33 34.42 44.47 53.55 59.72 57.96 49.40 39.74 30.60 16.79
 SD TMAX 10.55  9.96  9.04  9.59  9.77  8.64  6.90  7.10  8.21  8.72  9.15 10.45
 SD TMIN 11.82 11.48  9.48  6.19  6.33  5.74  5.14  6.09  7.46  7.74  8.49 11.13
 SOL.RAD  144.  225.  341.  395.  492.  514.  535.  464.  364.  257.  144.  127.
 SD SOL   31.4  37.5  48.3  82.6  89.0  98.6  82.5 154.9  76.4  39.1  37.5  27.5
 MX .5 P  0.59  0.31  0.32  0.42  0.45  0.91  1.05  0.89  0.59  0.94  0.39  0.41
 DEW PT  10.33 11.27 15.78 26.69 35.81 46.02 51.57 51.75 44.30 34.63 24.70 13.87
Time Pk  0.759 0.837 0.863 0.893 0.903 0.912 0.923 0.928 0.939 0.948 0.968 1.000
% N       8.80  6.70  5.40  7.20  5.20  3.30  3.80  5.80  3.70  5.60  6.40  6.50
MEAN      4.54  4.81  4.50  4.44  4.35  3.69  3.68  3.44  3.48  3.83  4.04  4.42
STD DEV   2.47  2.69  2.25  2.11  2.34  1.70  1.77  1.56  1.31  1.89  1.94  2.48
SKEW      0.79  0.95  0.62  0.62  0.97  0.52  0.74  0.69  0.36  1.13  0.35  0.81
% NNE    15.40 15.80 12.40 10.00  8.60  6.30  3.90  6.90  5.60 10.00  9.80 10.20
MEAN      4.85  4.67  5.20  4.63  4.66  4.34  3.16  4.02  3.89  4.31  3.98  4.59
STD DEV   2.28  2.24  2.34  2.08  2.19  1.88  1.21  1.75  1.73  1.98  1.63  2.28
SKEW      0.50  0.90  0.60  0.42  0.51  0.41  0.24  0.37  0.69  0.69  0.37  0.80
% NE      9.00 10.80  9.50  6.00  7.10  4.20  2.80  5.10  5.60  6.90  7.60  4.80
MEAN      3.98  4.39  5.15  4.14  4.56  4.02  3.45  3.86  4.17  4.33  3.81  3.96
STD DEV   2.13  2.12  2.18  1.80  1.93  1.62  1.56  1.59  2.10  1.87  1.80  2.03
SKEW      0.85  1.25  0.40  0.31  0.27  0.61  0.40  0.13  0.65  0.64  0.77  0.59
% ENE     3.20  4.90  5.40  3.70  4.10  2.70  1.60  2.80  2.30  2.80  3.60  2.70
MEAN      3.30  3.78  4.98  3.88  4.08  4.28  3.67  3.98  4.34  4.19  4.51  3.70
STD DEV   1.65  1.67  2.06  1.66  1.81  1.70  1.44  1.38  1.73  1.79  2.28  2.02
SKEW      0.74  0.79  0.09  0.38  0.30  0.24  0.50  0.12  0.36  0.59  0.76  0.73
% E       1.00  1.20  2.00  0.90  2.20  1.60  0.70  1.70  1.20  0.80  1.80  1.70
MEAN      2.11  2.07  4.23  2.53  2.95  3.09  3.01  2.79  3.63  2.97  3.80  3.98
STD DEV   0.76  0.80  2.06  1.11  1.20  1.33  1.18  1.13  1.63  1.02  1.99  2.69
SKEW      0.96  0.59  0.25  0.67  0.26  0.38  0.24 -0.11  1.07  0.39  0.37  1.04
% ESE     1.20  1.30  2.30  2.80  3.70  1.80  1.40  1.40  1.30  1.60  1.80  1.70
MEAN      3.02  3.11  4.84  4.55  3.67  2.79  2.99  2.92  2.63  3.27  3.56  3.80
STD DEV   1.68  1.88  2.51  2.31  1.71  0.90  1.53  1.48  1.14  1.55  3.68  1.98
SKEW      0.84  2.16  0.41  0.94  1.04  0.55  0.92  1.13  0.18  0.60  3.11  0.91
% SE      1.70  1.70  2.60  2.70  4.10  2.80  2.00  1.90  1.90  2.60  2.10  1.50
MEAN      2.40  2.67  3.95  3.40  2.97  3.36  3.02  2.64  2.50  3.22  2.57  3.26
STD DEV   1.32  1.08  1.75  1.59  1.28  1.24  1.43  1.17  1.08  1.75  0.96  1.34
SKEW      1.97  0.63  0.41  0.64  0.88  0.51  0.91  1.15  0.32  0.89  0.63  1.08
% SSE     4.30  3.30  5.00  5.10  5.90  6.10  5.50  3.90  4.40  4.50  4.30  3.90
MEAN      3.87  3.34  4.66  3.98  3.70  3.63  3.47  3.40  3.59  3.29  3.82  4.25
STD DEV   2.35  1.67  2.28  2.01  1.66  1.36  1.49  1.48  1.58  1.62  2.01  2.75
SKEW      1.06  1.26  0.60  1.08  0.70  0.05  0.53  0.72  0.71  1.12  0.91  1.60
% S       4.70  4.80  4.40  6.00  7.10  8.40  8.20  8.40  7.40  7.10  5.60  5.20
MEAN      3.43  3.76  4.03  3.83  3.64  3.73  3.48  3.54  3.76  3.48  3.63  3.65
STD DEV   2.08  1.87  1.80  1.76  1.55  1.59  1.42  1.64  1.60  1.51  1.74  1.73
SKEW      1.60  1.18  0.44  0.42  0.63  0.19  0.53  0.90  0.44  0.50  0.84  0.82
% SSW     5.80  5.30  5.40  9.20 12.30 17.90 16.30 12.10 15.30 12.40  9.70  8.60
MEAN      4.38  4.01  4.68  4.90  4.67  4.52  4.23  4.36  4.82  4.33  4.93  5.06
STD DEV   2.07  1.64  1.66  1.94  1.93  1.61  1.57  1.63  1.94  1.69  2.41  2.15
SKEW      0.72  0.50  0.53  0.51  0.55  0.24  0.18  0.30  0.42  0.16  0.85  0.69
% SW      5.50  4.80  4.40  6.90  7.40  9.70 10.90 10.10 11.80  9.70  7.60  8.60
MEAN      3.80  3.82  4.18  4.56  3.98  3.69  3.96  4.03  4.13  4.06  4.20  4.21
STD DEV   1.74  1.63  1.92  2.18  1.80  1.47  1.73  1.62  1.75  1.66  1.86  2.09
SKEW      0.59  0.64  0.75  0.94  0.58  0.39  0.63  0.42  0.58  0.52  0.58  1.06
% WSW     3.50  2.50  2.60  4.40  4.10  5.60  6.90  5.10  5.60  4.80  4.50  5.30
MEAN      4.09  3.76  4.47  4.73  4.46  4.02  4.18  3.97  3.97  4.29  4.29  4.29
STD DEV   1.88  1.28  1.89  2.01  1.99  1.59  1.82  1.66  1.65  1.90  1.88  1.97
SKEW      0.33 -0.45  0.41  0.11  0.45  0.55  0.72  0.82  0.42  0.53  0.57  0.31
% W       4.40  3.20  4.20  4.90  4.60  4.10  6.30  6.90  5.00  3.50  5.20  5.20
MEAN      4.90  4.54  4.77  4.55  4.02  3.82  4.01  4.09  4.07  3.91  3.99  4.79
STD DEV   2.54  1.92  2.19  1.91  1.89  1.69  1.68  1.86  1.48  1.75  1.89  2.30
SKEW      0.27  0.07  0.09  0.26  0.41  0.51  0.49  0.78  0.27  0.58  0.67  0.48
% WNW     9.80 11.40 11.60 10.10  6.20  8.70 11.20 10.40 10.20  8.80  8.60 11.40
MEAN      6.65  7.33  6.73  5.74  4.95  5.55  4.73  4.82  5.19  5.55  5.47  6.44
STD DEV   3.02  3.55  3.42  2.69  2.47  2.47  2.03  2.08  2.20  2.29  2.31  2.89
SKEW      0.63  0.46  1.19  0.60  0.94  0.44  0.59  0.81  0.51  0.45  0.42  0.29
% NW      8.40  8.80 12.90  7.40  6.10  5.50  9.70  9.50  8.90  8.80  8.30 10.60
MEAN      6.46  7.13  6.62  5.59  5.64  5.60  5.11  4.64  5.08  5.67  4.97  5.79
STD DEV   3.42  3.14  3.00  2.59  2.90  2.60  2.15  2.07  2.39  2.52  2.64  2.81
SKEW      0.70 -0.01  0.38  0.47  1.04  0.52  0.40  0.62  0.63  0.46  1.06  0.48
% NNW     7.80  9.10  8.00  9.70  7.10  6.30  6.50  5.80  5.50  6.90  8.20  8.10
MEAN      5.81  6.60  5.64  5.73  5.73  5.46  4.90  4.40  5.17  5.47  5.03  5.26
STD DEV   2.85  2.99  2.60  2.71  2.50  2.44  2.04  1.88  2.37  2.66  2.45  2.54
SKEW      0.56  0.14  0.46  0.64  0.46  0.43  0.57  0.70  0.70  0.64  0.71  0.99
CALM      5.40  4.30  2.00  3.20  4.20  5.00  2.30  2.50  4.20  3.30  4.90  4.30
AUGUSTA/STATE ME    1.000  MILLINOCKET   ME    0.000  CONCORD/MUN   NH    0.000
 BANGOR DOW FIELD ME                     17 355 0
 LATT=  44.80 LONG= -68.82 YEARS= 39. TYPE= 4
 ELEVATION =  200. TP5 = 1.74 TP6= 4.09
 MEAN P   0.28  0.30  0.28  0.30  0.29  0.30  0.33  0.31  0.36  0.33  0.38  0.30
 S DEV P  0.33  0.36  0.33  0.40  0.37  0.37  0.44  0.44  0.57  0.41  0.51  0.47
 SQEW  P  2.29  1.83  1.87  4.00  2.34  2.44  2.80  2.94  4.88  1.92  3.69  3.75
 P(W/W)   0.44  0.46  0.50  0.47  0.49  0.44  0.43  0.37  0.42  0.48  0.48  0.48
 P(W/D)   0.30  0.29  0.30  0.30  0.31  0.32  0.30  0.32  0.28  0.28  0.32  0.36
 TMAX AV 26.90 29.90 38.72 51.26 63.95 72.99 78.15 76.58 67.99 57.00 44.45 31.39
 TMIN AV  9.47 11.31 21.89 33.02 43.08 52.51 58.26 56.69 48.35 38.83 29.90 15.23
 SD TMAX 10.84 10.19  9.06  9.41  9.80  8.72  6.86  6.98  7.99  8.69  9.10 10.80
 SD TMIN 12.82 12.20 10.01  6.46  6.52  5.79  5.08  6.22  7.97  8.12  8.99 11.84
 SOL.RAD  143.  230.  348.  401.  488.  507.  529.  463.  362.  249.  141.  126.
 SD SOL   29.5  33.5  43.4  77.8  88.0  98.8  82.4 145.8  74.7  39.2  36.4  25.7
 MX .5 P  0.50  0.26  0.27  0.38  0.55  0.87  1.16  1.07  0.51  0.66  0.35  0.29
 DEW PT  10.84 11.48 16.88 27.72 36.12 45.96 52.22 52.55 45.81 36.15 26.54 14.80
Time Pk  0.782 0.844 0.866 0.893 0.901 0.908 0.918 0.928 0.937 0.956 0.974 1.000
% N      10.81 11.29 11.05 10.50  7.59  5.90  4.56  5.03  6.57  7.64 10.68 11.59
MEAN      4.47  4.80  4.62  4.82  4.82  4.19  4.19  3.95  3.79  4.41  4.44  4.50
STD DEV   2.46  2.58  2.21  2.16  2.20  1.92  1.96  1.73  1.86  2.47  2.24  2.51
SKEW      1.21  0.67  0.51  0.51  0.39  0.61  0.63  0.63  0.81  1.52  0.91  0.96
% NNE     6.14  4.67  5.58  4.90  3.38  3.08  1.76  2.43  3.54  3.71  5.40  5.42
MEAN      4.96  5.05  4.73  4.88  4.80  4.15  3.57  3.99  3.90  4.18  4.24  4.61
STD DEV   2.24  2.68  2.34  2.21  2.29  1.80  1.59  1.87  1.88  1.93  2.00  2.15
SKEW      0.24  1.57  0.70  0.60  0.60  0.51  0.68  0.66  0.80  0.58  0.73  0.63
% NE      3.28  3.16  4.11  3.24  3.58  2.79  1.39  1.98  2.32  2.67  3.19  2.57
MEAN      4.34  4.39  4.30  4.11  4.05  3.81  2.98  3.20  3.36  3.71  3.47  3.97
STD DEV   2.14  2.56  2.04  1.77  1.82  1.63  1.24  1.43  1.62  1.63  1.57  1.93
SKEW      0.59  1.89  0.51  0.59  0.70  0.53  0.67  0.67  0.73  0.69  0.77  0.81
% ENE     1.14  1.22  1.79  1.72  1.89  1.46  0.61  0.89  0.89  1.43  1.61  1.51
MEAN      3.67  4.13  4.00  3.88  3.26  3.47  2.88  2.94  3.04  3.27  3.60  4.20
STD DEV   1.95  1.97  1.67  1.79  1.30  1.54  1.11  1.04  1.30  1.33  1.81  1.97
SKEW      0.74  0.86  0.28  0.80  0.68  0.55  0.23  0.59  0.33  0.24  0.88  0.59
% E       1.02  1.54  1.98  1.87  2.38  1.65  0.83  1.14  1.00  1.34  1.64  1.15
MEAN      3.36  4.50  3.91  3.84  3.27  3.27  2.70  3.05  2.93  3.65  3.39  3.85
STD DEV   1.64  2.08  1.62  1.64  1.45  1.55  1.02  1.22  1.20  1.79  1.63  1.88
SKEW      0.52  0.38  0.42  0.30  0.58  2.55  0.31  0.52  0.52  0.62  0.84  0.75
% ESE     0.92  1.26  1.58  2.14  2.12  1.79  1.10  1.05  1.14  1.16  1.33  0.82
MEAN      4.24  4.19  4.75  4.39  3.39  3.87  3.01  3.21  3.29  3.82  3.61  4.01
STD DEV   2.47  2.20  2.57  2.37  1.38  1.88  1.25  1.49  1.58  1.97  1.99  1.96
SKEW      0.65  0.55  0.50  0.79  0.56  0.79  0.43  0.98  0.75  0.59  0.76  0.35
% SE      1.53  2.14  2.52  3.13  3.57  3.51  2.67  2.66  2.58  2.88  2.46  1.70
MEAN      3.86  3.25  4.09  3.97  3.57  3.33  3.17  3.18  3.45  4.05  3.83  4.30
STD DEV   2.09  1.90  2.25  1.95  1.70  1.49  1.30  1.59  1.66  2.35  2.14  2.71
SKEW      1.11  1.65  0.73  0.60  0.71  0.96  0.58  1.93  1.69  1.07  0.93  1.02
% SSE     1.93  2.86  3.39  4.85  6.91  7.31  8.59  7.18  5.90  4.89  4.08  2.44
MEAN      4.05  4.05  3.89  4.34  4.16  4.00  3.84  3.94  3.88  3.73  3.71  3.77
STD DEV   2.29  2.20  1.86  2.23  2.08  1.88  1.83  1.88  1.98  2.07  1.90  2.24
SKEW      0.88  0.97  0.48  0.59  0.77  0.69  0.55  0.72  0.82  1.10  0.65  1.10
% S       4.59  6.48  7.46 12.11 17.93 22.35 21.18 18.19 15.72 13.26  8.67  5.22
MEAN      4.11  4.23  4.31  4.57  4.51  4.20  3.98  3.84  4.12  3.86  4.29  4.04
STD DEV   2.40  2.37  2.15  2.13  2.05  1.93  1.86  1.76  1.98  1.96  2.36  2.30
SKEW      1.17  1.89  1.02  0.46  0.47  0.56  0.63  0.52  0.85  0.82  1.31  1.36
% SSW     2.48  2.59  2.19  3.75  4.97  5.81  7.19  6.49  7.29  6.45  3.99  2.94
MEAN      4.10  3.82  3.91  4.34  4.18  3.82  3.65  3.71  3.98  3.93  4.26  3.86
STD DEV   2.22  1.87  1.90  2.07  2.13  1.87  1.72  1.86  1.86  2.08  2.20  1.95
SKEW      1.01  0.97  0.72  0.40  1.03  0.68  0.66  1.17  0.75  1.21  0.96  1.02
% SW      2.53  2.47  2.65  2.97  3.48  4.47  6.21  5.00  3.90  4.32  3.67  3.57
MEAN      3.61  3.44  3.78  3.91  3.82  3.58  3.51  3.28  3.36  3.49  3.82  3.68
STD DEV   1.81  1.68  1.87  1.90  1.89  1.76  1.71  1.60  1.67  1.73  2.07  1.94
SKEW      0.74  0.88  0.76  0.58  0.79  0.76  0.85  0.86  0.80  0.89  0.96  0.99
% WSW     3.30  3.03  3.38  2.99  3.26  3.87  4.23  4.63  3.95  3.94  3.51  3.55
MEAN      3.90  4.11  4.46  4.20  4.26  3.91  3.76  3.57  3.61  4.06  4.22  4.43
STD DEV   2.13  2.21  2.16  2.32  1.98  1.78  1.78  1.63  1.73  1.91  2.20  2.30
SKEW      1.20  0.83  0.77  1.42  0.44  0.63  0.77  0.57  0.62  0.88  0.70  0.95
% W       7.51  7.64  6.93  6.05  5.65  5.02  6.74  6.97  6.51  6.51  6.64  6.83
MEAN      5.16  5.16  5.32  4.77  4.76  4.13  4.00  4.21  4.05  4.54  4.62  4.83
STD DEV   2.62  2.58  2.66  2.31  2.33  1.87  1.89  2.11  1.92  2.15  2.30  2.40
SKEW      0.69  0.71  0.73  0.63  0.62  0.82  0.85  1.07  0.84  0.72  0.79  0.82
% WNW    10.92 10.94 10.67  8.65  6.25  5.30  5.99  6.24  6.86  8.67  8.94 10.78
MEAN      6.06  5.94  6.32  5.89  5.48  4.85  4.59  4.75  4.70  5.47  5.68  5.57
STD DEV   3.03  2.80  2.96  2.86  2.79  2.36  2.10  2.38  2.30  2.58  2.89  2.69
SKEW      0.62  0.60  0.39  0.55  0.69  0.55  0.50  0.73  0.63  0.54  0.67  0.55
% NW     13.05 11.18 12.22  9.51  7.65  5.26  5.65  6.03  6.45  7.18  8.43 11.69
MEAN      6.25  6.13  6.46  6.23  5.77  5.28  4.92  4.68  5.08  5.89  5.54  6.04
STD DEV   2.86  3.05  2.87  2.87  2.74  2.47  2.41  2.34  2.66  2.80  2.68  2.98
SKEW      0.34  0.55  0.41  0.57  0.47  0.56  0.53  0.79  1.06  0.53  0.43  0.53
% NNW     8.13  6.40  6.83  5.90  5.49  4.23  3.95  4.73  4.72  5.21  6.17  6.64
MEAN      5.45  5.53  5.51  5.26  5.31  5.03  4.66  4.60  4.19  5.15  5.05  5.15
STD DEV   2.78  3.01  2.61  2.40  2.48  2.44  2.11  2.28  2.04  2.49  2.62  2.84
SKEW      0.59  0.82  0.62  0.44  0.36  0.61  0.57  0.51  0.60  0.47  0.68  0.76
CALM     20.71 21.07 15.87 15.75 13.89 16.01 17.36 19.45 20.66 18.80 19.46 21.60
BANGOR/INT    ME    1.000  OLD TOWN/DEWI ME    0.000  AUGUSTA/STATE ME    0.000
 CARIBOU WB AIRPORT ME                   171175 0
 LATT=  46.87 LONG= -68.02 YEARS= 53. TYPE= 3
 ELEVATION =  620. TP5 = 1.34 TP6= 3.44
 MEAN P   0.16  0.17  0.19  0.20  0.23  0.26  0.29  0.30  0.27  0.26  0.24  0.21
 S DEV P  0.21  0.21  0.24  0.24  0.29  0.31  0.38  0.40  0.38  0.38  0.31  0.28
 SQEW  P  2.26  1.98  2.24  2.56  2.48  2.33  2.17  3.13  3.02  4.10  2.40  2.90
 P(W/W)   0.54  0.50  0.51  0.55  0.54  0.52  0.48  0.51  0.46  0.50  0.54  0.53
 P(W/D)   0.40  0.37  0.33  0.32  0.34  0.38  0.40  0.35  0.36  0.33  0.41  0.40
 TMAX AV 19.55 23.19 33.28 46.04 61.28 70.65 75.98 73.58 64.15 52.05 37.69 23.96
 TMIN AV  2.04  3.95 15.00 28.49 39.77 49.16 54.47 52.03 43.29 34.38 24.05  8.18
 SD TMAX 11.84 10.70  9.62  9.54 10.64  9.17  7.27  7.51  8.70  9.61  9.44 11.26
 SD TMIN 13.61 13.08 12.04  7.38  7.34  6.99  6.09  6.90  8.23  7.79  9.55 13.01
 SOL.RAD  135.  231.  363.  401.  479.  476.  513.  452.  340.  218.  115.  110.
 SD SOL   25.0  26.3  33.0  74.5  89.8 109.0  87.1 150.4  77.7  42.7  37.6  24.0
 MX .5 P  0.32  0.17  0.18  0.27  0.48  0.58  0.91  1.16  0.49  0.33  0.27  0.21
 DEW PT   7.00  5.00 15.00 28.00 38.00 50.00 56.00 54.00 47.00 36.00 27.00 12.00
Time Pk  0.792 0.860 0.881 0.903 0.908 0.913 0.920 0.927 0.937 0.951 0.970 1.000
% N       6.40  6.93  7.55  7.33  7.15  4.84  3.63  4.71  4.09  6.34  6.13  6.37
MEAN      5.06  4.98  5.05  5.13  4.76  4.46  4.02  3.98  4.12  4.25  4.53  4.58
STD DEV   2.35  2.41  2.18  2.34  2.07  1.91  1.74  1.61  1.75  1.73  1.84  2.07
SKEW      0.59  0.85  0.62  1.09  0.84  0.56  1.05  1.16  1.07  0.71  0.81  0.90
% NNE     3.12  3.71  4.57  4.48  4.09  3.36  2.05  2.31  2.15  3.68  3.83  3.18
MEAN      4.85  4.65  5.17  5.13  4.46  4.28  3.74  3.58  3.62  4.23  4.15  4.40
STD DEV   2.35  2.09  2.34  2.18  1.96  1.75  1.71  1.41  1.41  1.86  1.79  2.24
SKEW      0.87  0.70  0.48  0.64  0.70  0.49  0.89  0.57  0.82  0.91  0.65  0.75
% NE      3.00  3.07  4.71  3.60  3.23  3.27  1.72  2.50  1.95  2.46  3.46  2.69
MEAN      5.03  4.40  5.13  4.82  3.80  3.95  3.20  3.58  3.62  3.64  4.22  3.95
STD DEV   3.04  2.34  2.56  2.40  1.69  1.86  1.44  1.76  1.66  1.62  2.10  2.25
SKEW      0.84  0.59  0.64  0.66  0.76  0.87  0.83  1.01  0.90  0.70  0.73  1.24
% ENE     2.79  2.81  3.24  3.28  2.88  2.36  1.32  1.75  1.65  2.02  2.53  2.39
MEAN      4.38  4.41  4.90  4.57  4.18  4.08  3.32  3.38  3.36  3.89  3.95  4.77
STD DEV   2.57  2.52  2.69  2.40  1.91  2.05  1.32  1.58  1.36  1.95  1.97  2.76
SKEW      0.80  0.82  0.77  0.72  0.60  0.88  0.71  0.74  0.62  1.03  0.87  0.73
% E       2.60  3.66  3.80  3.17  4.19  3.06  1.92  2.00  2.15  2.64  3.18  2.90
MEAN      3.43  3.55  4.10  4.00  4.06  3.60  3.06  2.86  3.03  3.69  3.87  4.13
STD DEV   1.78  2.06  2.20  1.96  1.82  1.64  1.28  1.15  1.17  1.84  2.00  2.64
SKEW      1.31  1.53  0.86  0.82  0.73  0.90  0.84  0.73  0.51  1.14  1.31  1.29
% ESE     2.20  2.89  3.33  3.52  3.34  2.84  2.34  2.04  2.48  2.15  2.72  2.52
MEAN      3.33  3.23  3.54  3.67  3.89  3.47  3.11  2.99  3.04  3.56  4.31  3.62
STD DEV   1.55  1.52  1.65  1.55  1.66  1.34  1.28  1.11  1.16  1.65  2.64  1.89
SKEW      1.48  1.18  0.95  0.83  0.92  1.31  0.81  0.66  0.55  1.04  1.43  1.13
% SE      3.16  3.83  4.01  4.28  5.30  4.96  4.09  3.75  4.27  4.09  3.87  3.68
MEAN      3.83  3.86  3.95  4.25  4.00  3.88  3.59  3.55  3.50  3.98  3.82  4.05
STD DEV   1.81  1.92  1.81  1.78  1.75  1.69  1.51  1.55  1.39  1.95  1.80  2.05
SKEW      0.83  1.18  0.88  0.58  0.92  0.88  0.71  1.12  0.92  0.99  1.15  0.98
% SSE     5.97  5.42  5.28  7.73  9.21 10.10  8.90  7.43  9.01  8.16  7.93  6.83
MEAN      4.76  4.80  5.05  5.03  4.98  4.43  4.17  4.03  4.35  4.50  4.98  4.80
STD DEV   2.13  2.11  2.38  2.07  1.99  1.77  1.63  1.73  1.84  1.91  2.14  2.10
SKEW      0.89  0.77  1.06  0.54  0.71  0.64  0.59  0.95  0.91  0.89  0.71  0.67
% S       5.43  4.70  4.03  5.91  7.87 10.59 11.05  9.43 10.92  9.03  7.38  6.52
MEAN      4.44  4.44  4.60  4.91  5.02  4.84  4.42  4.23  4.89  4.65  4.75  4.56
STD DEV   2.05  1.99  2.03  2.19  2.30  2.06  1.95  1.84  2.37  2.11  2.22  2.08
SKEW      0.81  0.54  0.90  0.70  0.77  0.62  0.81  1.02  1.04  1.04  1.01  0.97
% SSW     4.04  3.40  2.71  3.39  5.51  7.86  9.63  8.32  8.25  6.45  4.72  4.95
MEAN      4.61  4.31  4.54  4.61  5.05  5.04  4.74  4.42  4.81  4.73  4.68  4.51
STD DEV   2.12  1.94  2.34  2.21  2.54  2.22  2.13  1.94  2.16  2.04  2.06  2.05
SKEW      0.95  0.99  0.82  1.22  0.97  0.67  0.93  0.75  0.83  0.96  0.90  0.83
% SW      5.07  4.80  3.74  4.33  5.11  7.45  9.65 10.06  8.58  7.04  7.01  6.15
MEAN      4.61  4.49  4.70  4.47  4.73  4.71  4.45  4.36  4.77  4.60  4.67  4.59
STD DEV   2.31  2.48  2.54  2.13  2.46  2.29  1.96  2.00  2.22  2.14  2.25  2.44
SKEW      1.05  1.74  0.99  0.82  0.93  0.76  0.69  0.88  0.85  1.05  1.17  1.22
% WSW     8.16  8.33  6.79  6.32  7.11  8.71 10.93 10.56 10.26  9.65 10.22 10.14
MEAN      6.07  6.49  6.25  5.49  5.91  5.28  4.98  4.72  5.20  5.51  5.73  6.16
STD DEV   3.31  3.77  3.34  2.78  2.92  2.55  2.34  2.28  2.53  2.55  2.85  3.12
SKEW      1.18  0.95  0.69  0.76  0.55  0.85  0.91  1.06  0.82  0.78  0.95  0.69
% W       9.95 10.27  7.91  7.38  6.77  6.56  8.15  8.60  8.45  8.83 10.60 10.32
MEAN      7.09  7.06  7.01  6.38  6.20  5.52  5.41  5.17  5.63  6.08  6.40  6.54
STD DEV   3.84  3.63  3.66  3.13  2.87  2.60  2.51  2.41  2.58  2.64  3.10  3.14
SKEW      1.17  0.94  0.96  0.75  0.51  0.94  0.77  0.89  0.97  0.69  0.84  1.07
% WNW     9.62  9.21 10.60  8.82  7.28  6.21  6.64  7.37  7.92  7.82  7.16  8.56
MEAN      7.44  7.49  7.94  7.52  6.86  6.41  6.18  5.89  6.38  6.67  6.66  6.86
STD DEV   3.32  3.21  3.25  3.46  3.05  2.60  2.68  2.57  2.61  2.79  2.93  3.14
SKEW      0.64  0.72  0.44  0.73  0.49  0.42  0.59  0.71  0.61  0.51  0.60  0.76
% NW     14.95 13.72 14.89 12.82  9.62  7.97  7.83  8.43  8.25  9.19  9.37 11.07
MEAN      7.25  7.65  8.20  7.07  7.44  6.61  6.07  5.95  6.30  7.03  6.70  7.29
STD DEV   2.95  3.36  2.99  3.10  3.05  2.61  2.35  2.32  2.49  2.75  2.86  3.21
SKEW      0.47  0.66  0.18  0.63  0.61  0.30  0.40  0.38  0.38  0.44  0.63  0.56
% NNW     7.98  6.74  7.90  9.11  7.77  5.89  5.30  5.51  5.15  6.16  5.59  5.89
MEAN      6.30  6.37  6.29  6.30  6.40  5.82  5.55  5.29  5.48  5.93  5.59  6.32
STD DEV   2.92  2.80  2.86  2.78  2.72  2.49  2.45  2.38  2.53  2.61  2.63  3.29
SKEW      0.82  0.55  0.59  0.59  0.49  0.56  0.78  0.79  0.94  0.60  0.68  0.81
CALM      5.52  6.44  4.90  4.59  3.55  4.03  4.81  5.36  4.43  4.23  4.43  5.89
CARIBOU/MUN   ME    1.000  LIMESTONE/LOR ME    0.000  CARIBOU/MUN   ME    0.000
 CLAYTON LAKE2 ME                        171479 0
 LATT=  46.62 LONG= -69.53 YEARS= 22. TYPE= 3
 ELEVATION = 1000. TP5 = 1.42 TP6= 3.56
 MEAN P   0.19  0.22  0.22  0.23  0.24  0.23  0.27  0.27  0.29  0.22  0.26  0.24
 S DEV P  0.21  0.22  0.23  0.28  0.26  0.25  0.35  0.39  0.42  0.30  0.29  0.29
 SQEW  P  1.98  1.48  1.89  2.97  1.92  1.84  2.36  3.44  4.49  2.52  1.94  2.70
 P(W/W)   0.41  0.39  0.44  0.54  0.59  0.54  0.50  0.51  0.47  0.57  0.52  0.47
 P(W/D)   0.31  0.24  0.26  0.25  0.28  0.35  0.38  0.37  0.35  0.31  0.31  0.35
 TMAX AV 19.77 24.26 34.93 46.94 62.36 72.86 77.05 74.11 64.71 51.92 37.51 24.24
 TMIN AV -1.46  0.25 12.24 24.67 36.68 47.43 52.24 50.27 41.44 32.61 22.30  5.17
 SD TMAX 11.47 11.52  9.85  9.71 10.48  7.75  6.03  6.84  8.21  9.60  9.42 10.56
 SD TMIN 16.11 16.76 15.16  9.59  8.96  8.90  7.99  8.88  9.55  8.91 10.61 14.86
 SOL.RAD  129.  227.  329.  403.  470.  480.  506.  451.  323.  220.  118.  104.
 SD SOL   28.7  29.3  45.8  75.2  93.8 108.5  90.2 153.8  84.3  43.8  38.5  27.5
 MX .5 P  0.23  0.14  0.17  0.23  0.43  0.50  0.74  1.05  0.41  0.23  0.23  0.18
 DEW PT   6.14  5.00 12.70 25.70 35.42 47.42 52.84 51.42 43.84 33.70 24.13 10.56
Time Pk  0.812 0.882 0.902 0.929 0.934 0.936 0.938 0.941 0.945 0.954 0.973 1.000
% N       6.58  6.87  7.83  8.14  7.32  5.14  4.00  4.63  4.57  6.18  5.87  6.32
MEAN      4.61  4.58  4.62  4.57  4.30  3.94  3.70  3.79  3.73  3.93  4.16  4.30
STD DEV   2.23  2.32  2.07  2.17  1.93  1.76  1.82  1.80  1.76  1.74  1.91  2.07
SKEW      0.67  0.93  0.64  0.99  0.75  0.72  1.18  1.13  1.08  0.82  0.97  0.82
% NNE     2.97  3.14  4.24  4.22  3.70  2.71  1.77  2.03  2.09  3.22  3.62  3.21
MEAN      4.55  4.41  4.39  4.54  3.93  3.64  3.63  3.38  3.46  3.85  3.88  4.03
STD DEV   2.19  2.02  1.95  1.98  1.83  1.53  1.90  1.53  1.57  1.71  1.84  1.91
SKEW      0.69  0.67  0.56  0.54  0.77  0.41  1.10  0.94  0.90  0.73  0.77  0.66
% NE      3.01  3.29  4.70  3.86  3.42  3.07  1.85  2.40  2.00  2.78  3.80  2.86
MEAN      4.71  4.21  4.56  4.38  3.62  3.54  3.28  3.31  3.42  3.64  3.77  3.82
STD DEV   2.80  2.12  2.25  2.07  1.69  1.66  1.64  1.57  1.57  1.65  1.81  2.09
SKEW      0.94  0.58  0.76  0.51  0.75  0.95  1.09  0.86  0.75  0.80  0.65  1.11
% ENE     2.71  2.80  3.85  3.32  2.75  2.15  1.31  1.63  1.56  1.84  2.80  2.33
MEAN      4.51  4.32  4.69  4.04  3.66  3.61  3.11  3.30  3.06  3.65  3.85  4.45
STD DEV   2.65  2.33  2.59  2.04  1.67  1.72  1.35  1.55  1.37  1.90  1.96  2.40
SKEW      0.87  0.73  0.96  0.54  0.62  0.81  0.58  0.65  0.61  0.97  0.85  0.81
% E       2.99  3.87  4.17  3.52  4.37  3.07  2.15  2.23  2.31  2.77  3.35  3.38
MEAN      3.69  3.64  4.10  3.87  3.76  3.32  2.95  2.97  2.89  3.66  3.71  4.05
STD DEV   2.02  2.05  2.22  1.95  1.74  1.48  1.34  1.33  1.15  1.98  1.96  2.55
SKEW      1.03  1.29  0.87  0.83  0.81  0.79  0.82  1.05  0.54  0.99  1.13  1.30
% ESE     1.95  2.70  3.11  3.01  3.10  2.92  1.96  1.75  2.23  1.94  2.88  2.25
MEAN      3.41  3.33  3.88  3.60  3.83  3.44  3.02  2.93  3.10  3.64  4.01  3.82
STD DEV   1.75  1.70  1.93  1.69  1.76  1.47  1.30  1.23  1.32  1.79  2.36  2.15
SKEW      1.17  1.27  0.83  1.02  0.91  1.09  0.70  1.21  0.55  0.95  1.26  0.96
% SE      2.47  2.96  3.32  3.48  4.42  4.16  3.28  2.88  3.32  3.30  3.14  2.72
MEAN      3.53  3.55  3.86  3.87  3.77  3.60  3.43  3.35  3.28  4.05  3.54  3.88
STD DEV   1.79  1.89  1.74  1.66  1.64  1.59  1.53  1.52  1.41  2.14  1.66  1.97
SKEW      1.29  1.23  0.79  0.66  1.00  0.83  0.67  0.97  0.88  0.91  0.94  0.79
% SSE     4.51  4.45  4.25  6.05  7.12  8.13  7.14  5.80  6.74  6.65  6.19  5.14
MEAN      4.74  4.88  4.70  4.91  4.58  4.23  4.01  3.94  4.14  4.52  4.87  4.73
STD DEV   2.31  2.46  2.28  2.12  1.87  1.78  1.73  1.83  1.84  2.00  2.26  2.32
SKEW      0.74  1.11  1.16  0.61  0.53  0.57  0.59  0.97  0.79  0.65  0.65  0.74
% S       6.29  6.34  5.10  8.03  9.75 12.57 12.62 10.41 12.13 10.43  9.44  7.51
MEAN      4.56  4.60  4.82  4.99  4.91  4.69  4.42  4.15  4.66  4.59  4.70  4.59
STD DEV   2.21  2.23  2.23  2.21  2.24  2.00  1.98  1.84  2.22  2.12  2.18  2.06
SKEW      0.81  0.93  0.71  0.54  0.72  0.55  0.80  0.76  0.90  0.85  0.77  0.74
% SSW     4.16  3.50  2.63  3.84  5.26  7.39  9.02  8.10  8.42  6.37  4.76  4.66
MEAN      4.41  4.23  4.43  4.40  4.75  4.79  4.42  4.37  4.60  4.49  4.42  4.48
STD DEV   1.93  2.00  2.17  2.00  2.25  2.16  2.05  2.02  2.01  1.98  1.98  1.93
SKEW      0.84  1.03  0.65  0.98  0.81  0.63  0.93  0.89  0.72  0.88  0.77  0.65
% SW      4.88  4.80  3.63  4.49  4.96  7.23  9.49  9.65  8.59  7.14  6.77  5.78
MEAN      4.24  4.27  4.28  4.08  4.29  4.29  4.08  4.03  4.31  4.25  4.28  4.30
STD DEV   2.08  2.18  2.16  1.94  2.10  2.02  1.85  1.87  1.98  1.92  2.05  2.15
SKEW      1.09  1.39  0.98  0.83  0.87  0.80  0.74  0.92  0.81  0.92  1.21  0.99
% WSW     6.55  6.86  5.45  5.14  5.96  7.15  8.85  8.75  8.39  7.88  8.46  8.29
MEAN      5.34  5.75  5.47  4.75  5.17  4.58  4.47  4.27  4.72  4.98  5.08  5.44
STD DEV   2.73  3.13  2.86  2.38  2.49  2.24  2.14  2.02  2.29  2.35  2.50  2.76
SKEW      0.98  1.00  0.79  0.84  0.52  0.82  0.90  0.95  0.74  0.81  0.98  0.69
% W       9.01  9.55  7.16  6.57  6.95  6.55  7.83  8.02  7.92  8.32  9.47  9.81
MEAN      6.00  6.16  6.06  5.49  5.35  4.79  4.65  4.36  4.86  5.20  5.38  5.70
STD DEV   3.16  3.23  3.16  2.69  2.57  2.30  2.16  2.01  2.29  2.40  2.62  2.70
SKEW      0.92  1.00  0.92  0.73  0.55  0.89  0.93  0.83  0.96  0.81  0.77  0.89
% WNW     9.38  8.83  9.20  7.94  6.71  5.69  6.16  7.10  6.95  7.34  7.16  8.07
MEAN      6.75  6.79  7.05  6.73  5.96  5.64  5.29  5.06  5.54  5.85  5.89  6.19
STD DEV   3.00  3.03  3.01  3.22  2.70  2.43  2.34  2.19  2.43  2.50  2.67  2.90
SKEW      0.63  0.66  0.46  0.76  0.55  0.58  0.94  0.66  0.71  0.60  0.63  0.77
% NW     14.55 13.27 15.15 12.02  9.63  8.04  8.19  8.89  8.56  9.22  9.18 11.27
MEAN      6.72  6.94  7.33  6.61  6.48  5.84  5.46  5.24  5.50  6.14  6.12  6.54
STD DEV   2.85  3.11  2.79  2.95  2.73  2.42  2.27  2.16  2.24  2.51  2.75  2.91
SKEW      0.50  0.62  0.24  0.65  0.56  0.44  0.57  0.57  0.45  0.45  0.68  0.52
% NNW     9.30  7.06  8.59  9.10  8.13  6.35  5.17  5.75  5.59  6.35  5.74  7.15
MEAN      5.87  5.89  5.92  5.68  5.73  5.09  5.00  4.80  4.80  5.27  4.93  5.77
STD DEV   2.76  2.83  2.73  2.55  2.52  2.17  2.35  2.27  2.21  2.41  2.31  2.99
SKEW      0.65  0.62  0.52  0.52  0.44  0.43  0.74  0.79  0.72  0.63  0.60  0.66
CALM      8.73  9.69  7.60  7.32  6.43  7.76  9.23 10.15  8.65  8.18  7.42  9.26
CARIBOU/MUN   ME    0.529  LIMESTONE/LOR ME    0.471  PRESQUE ISLE  ME    0.000
 FORT KENT ME                            172878 0
 LATT=  47.25 LONG= -68.60 YEARS= 47. TYPE= 3
 ELEVATION =  520. TP5 = 1.38 TP6= 3.49
 MEAN P   0.23  0.23  0.26  0.27  0.25  0.28  0.30  0.33  0.29  0.26  0.29  0.26
 S DEV P  0.24  0.26  0.30  0.27  0.29  0.34  0.36  0.47  0.40  0.35  0.35  0.32
 SQEW  P  1.74  1.80  2.60  1.80  1.93  2.87  2.48  3.05  3.04  2.51  2.48  2.64
 P(W/W)   0.40  0.35  0.41  0.43  0.52  0.49  0.49  0.50  0.46  0.48  0.48  0.46
 P(W/D)   0.27  0.25  0.21  0.24  0.26  0.28  0.30  0.32  0.31  0.31  0.29  0.26
 TMAX AV 20.76 24.57 35.47 47.63 62.81 72.64 77.35 74.91 65.50 53.81 38.80 25.10
 TMIN AV  0.15  0.65 12.46 26.38 37.64 47.57 52.95 50.50 41.91 32.94 23.05  6.63
 SD TMAX 11.75 10.88 10.12  9.59 11.04  9.21  7.22  7.52  8.95  9.96  9.36 10.96
 SD TMIN 15.97 15.50 13.96  8.41  7.95  7.99  6.89  7.56  8.67  8.52 10.07 13.91
 SOL.RAD  130.  229.  340.  402.  472.  477.  506.  450.  327.  217.  116.  105.
 SD SOL   27.4  28.1  41.3  74.9  92.8 109.3  89.6 153.2  82.4  43.7  38.3  26.4
 MX .5 P  0.25  0.15  0.16  0.24  0.44  0.51  0.79  1.10  0.43  0.23  0.23  0.18
 DEW PT   8.93  7.63 16.75 28.88 38.35 49.47 55.82 54.53 47.88 37.05 28.05 13.75
Time Pk  0.785 0.852 0.872 0.893 0.900 0.905 0.913 0.918 0.934 0.948 0.967 1.000
% N       7.35  7.10  8.28  8.03  7.21  5.91  4.14  4.76  4.00  5.94  6.12  6.01
MEAN      4.88  5.05  4.70  4.70  4.63  4.49  4.21  4.16  4.30  4.24  4.52  4.47
STD DEV   2.28  2.50  2.08  2.03  2.01  1.91  1.83  1.72  1.87  1.83  2.27  2.26
SKEW      0.68  0.73  0.64  0.84  0.70  0.67  0.82  0.83  0.86  0.69  1.34  1.31
% NNE     3.29  3.79  5.61  4.55  4.09  3.14  1.75  2.24  1.82  3.23  3.86  2.64
MEAN      4.29  4.74  4.60  4.69  4.48  4.19  3.58  3.60  3.61  4.04  4.02  4.48
STD DEV   2.19  2.56  2.12  1.93  1.95  1.82  1.75  1.48  1.59  1.88  1.67  2.37
SKEW      1.35  1.03  0.74  0.42  0.65  0.84  1.33  0.81  0.88  1.34  0.60  1.16
% NE      3.43  3.19  4.77  3.68  3.21  3.28  1.66  2.05  1.56  2.47  3.14  2.96
MEAN      4.39  3.87  4.42  4.15  3.77  3.65  3.20  3.34  3.32  3.43  3.88  3.95
STD DEV   2.38  2.17  2.15  1.97  1.69  1.63  1.40  1.46  1.58  1.47  1.73  2.09
SKEW      0.77  1.02  0.74  0.86  0.96  1.02  1.12  0.68  1.36  0.70  0.73  0.99
% ENE     2.30  2.20  2.91  2.10  2.14  1.96  0.89  1.39  1.13  1.48  1.74  1.57
MEAN      4.47  3.98  4.49  4.07  3.86  3.79  3.08  3.35  2.97  3.72  3.56  4.64
STD DEV   2.22  2.22  2.40  2.05  1.81  1.79  1.23  1.71  1.18  1.84  1.64  2.76
SKEW      0.52  1.05  0.74  0.85  0.74  1.07  1.09  1.11  0.90  0.82  0.86  0.75
% E       2.21  3.05  3.26  2.58  3.24  2.72  1.40  1.48  1.54  2.03  2.53  2.23
MEAN      3.15  3.26  3.71  3.47  3.71  3.52  2.89  3.08  2.91  3.28  3.56  3.70
STD DEV   1.55  1.76  1.89  1.53  1.56  1.58  1.10  1.50  1.20  1.52  1.71  2.05
SKEW      1.13  1.31  0.88  0.91  0.73  1.00  1.33  1.48  0.81  1.27  1.29  1.09
% ESE     1.83  2.33  2.91  2.90  3.14  2.74  1.85  1.56  1.86  1.96  2.13  2.11
MEAN      3.44  3.41  3.55  3.74  4.02  3.51  3.18  3.17  3.27  3.74  3.89  3.53
STD DEV   1.66  1.70  1.68  1.60  1.70  1.41  1.24  1.33  1.33  1.70  2.03  1.82
SKEW      1.13  1.19  1.02  0.83  0.84  1.06  0.70  1.24  0.54  1.11  1.08  1.13
% SE      2.91  4.43  4.54  5.76  6.33  6.47  4.79  3.86  4.63  5.38  4.88  4.51
MEAN      3.80  3.79  3.82  4.26  4.02  3.89  3.61  3.64  3.60  3.99  3.80  4.11
STD DEV   1.91  1.86  1.70  1.85  1.70  1.60  1.51  1.65  1.45  1.86  1.68  2.11
SKEW      1.01  1.05  1.06  0.59  0.87  0.76  0.83  1.19  0.80  0.93  1.02  1.23
% SSE     4.75  4.25  4.87  7.04  7.34  9.09  8.11  6.73  7.94  7.27  6.81  6.60
MEAN      4.57  4.50  4.70  5.12  4.82  4.33  4.09  3.90  4.23  4.31  4.76  4.60
STD DEV   2.16  2.05  2.08  2.22  2.04  1.75  1.69  1.69  1.82  1.83  2.01  2.08
SKEW      0.86  1.01  0.88  0.55  0.65  0.61  0.70  1.03  0.80  0.87  0.59  0.69
% S       5.58  4.53  3.60  6.34  7.23  9.81 10.35  9.50 11.06  8.94  7.45  7.29
MEAN      4.43  4.26  4.31  4.74  4.61  4.48  4.01  4.01  4.60  4.32  4.41  4.33
STD DEV   2.06  2.03  2.08  2.18  2.26  1.98  1.77  1.88  2.29  2.05  2.09  2.02
SKEW      0.71  0.78  0.93  0.71  0.88  0.61  0.90  1.06  1.00  0.96  0.94  0.93
% SSW     3.53  3.10  2.04  3.19  4.14  6.18  8.08  7.36  7.64  5.71  3.87  3.77
MEAN      4.47  4.67  4.16  4.49  4.66  4.80  4.47  4.30  4.65  4.48  4.55  4.07
STD DEV   2.22  2.56  2.17  2.13  2.34  2.18  2.04  2.02  2.20  2.02  2.11  1.85
SKEW      1.15  0.90  0.90  0.99  0.97  0.69  0.78  0.89  0.83  0.88  0.84  0.69
% SW      3.89  3.85  3.55  3.67  5.42  6.08  8.46  8.08  8.03  6.56  6.20  5.10
MEAN      4.10  4.20  4.56  4.11  4.52  4.26  4.08  4.08  4.44  4.12  4.29  4.07
STD DEV   2.01  2.22  2.47  2.01  2.18  2.11  1.80  1.91  2.03  1.89  2.09  2.07
SKEW      1.37  1.37  0.98  0.96  0.74  0.93  0.84  0.89  0.87  1.17  1.30  1.09
% WSW     6.15  6.36  4.72  4.66  5.52  6.33  8.81  8.17  8.10  7.47  7.49  7.47
MEAN      5.33  5.52  5.56  5.15  5.56  4.90  4.72  4.51  4.82  4.95  5.11  5.42
STD DEV   2.74  3.11  2.94  2.48  2.66  2.30  2.10  2.05  2.24  2.23  2.50  2.77
SKEW      1.02  1.02  0.64  0.83  0.59  0.87  0.77  0.86  0.75  0.73  0.72  0.64
% W      10.31  9.64  7.42  6.91  6.90  5.92  8.40  7.61  8.09  8.45 10.98  9.63
MEAN      6.02  6.19  6.20  5.78  5.53  4.93  4.98  4.73  5.00  5.50  5.51  5.74
STD DEV   3.08  3.32  3.03  2.78  2.44  2.33  2.28  2.19  2.22  2.40  2.59  2.85
SKEW      1.06  1.07  0.79  0.83  0.52  0.91  0.77  0.84  0.85  0.65  0.89  1.00
% WNW     8.39  8.82  9.16  7.61  6.31  5.04  5.99  6.80  6.57  7.05  7.97  7.83
MEAN      6.48  6.58  7.13  6.81  6.13  5.80  5.62  5.33  5.80  5.88  5.97  5.86
STD DEV   2.92  2.91  3.02  3.02  2.63  2.45  2.43  2.35  2.52  2.49  2.59  2.65
SKEW      0.77  0.68  0.59  0.51  0.36  0.55  0.67  0.97  0.85  0.53  0.71  0.77
% NW     13.90 12.75 13.28 12.39  9.30  8.07  7.35  8.26  8.59  9.39 10.46 11.20
MEAN      6.41  6.77  7.07  6.45  6.40  5.77  5.33  5.16  5.69  6.22  5.83  6.45
STD DEV   2.72  2.99  2.77  2.78  2.75  2.47  2.18  2.11  2.37  2.58  2.53  2.92
SKEW      0.54  0.56  0.32  0.46  0.60  0.66  0.50  0.59  0.57  0.64  0.71  0.53
% NNW     8.79  7.62  8.36  8.44  8.58  5.94  5.06  5.47  5.29  6.61  4.85  6.84
MEAN      6.09  6.27  5.85  6.04  6.09  5.74  5.31  5.12  5.24  5.72  5.36  5.89
STD DEV   2.72  2.95  2.58  2.63  2.55  2.45  2.32  2.27  2.40  2.50  2.54  3.00
SKEW      0.68  0.53  0.48  0.46  0.33  0.43  0.77  0.78  0.99  0.46  0.67  1.22
CALM     11.34 12.97 10.70 10.19  9.87 11.39 12.88 14.75 12.14 10.02  9.60 12.29
CARIBOU/MUN   ME    0.552  PRESQUE ISLE  ME    0.448  CARIBOU/MUN   ME    0.000
 JONESBORO ME                            174183 0
 LATT=  44.65 LONG= -67.65 YEARS= 44. TYPE= 4
 ELEVATION =  180. TP5 = 1.86 TP6= 4.33
 MEAN P   0.46  0.42  0.40  0.39  0.38  0.31  0.31  0.32  0.41  0.39  0.46  0.47
 S DEV P  0.53  0.50  0.48  0.54  0.47  0.40  0.45  0.43  0.58  0.47  0.55  0.58
 SQEW  P  2.06  1.74  2.07  3.26  2.17  2.38  2.85  2.27  2.76  1.84  1.81  2.36
 P(W/W)   0.33  0.35  0.39  0.49  0.47  0.46  0.45  0.37  0.43  0.44  0.49  0.41
 P(W/D)   0.31  0.29  0.28  0.28  0.29  0.31  0.28  0.27  0.27  0.27  0.31  0.31
 TMAX AV 29.62 31.14 38.72 50.07 61.22 69.99 75.80 75.15 67.49 57.20 46.07 33.95
 TMIN AV  9.32 10.54 20.50 31.04 39.64 48.13 53.72 52.91 45.32 36.61 28.46 14.81
 SD TMAX 11.17  9.78  8.13  8.41  8.98  8.55  7.26  6.74  7.25  7.84  8.46 11.09
 SD TMIN 12.68 12.18 10.01  6.13  5.87  4.98  4.28  5.45  7.49  8.22  9.38 12.12
 SOL.RAD  140.  230.  307.  406.  489.  519.  537.  472.  371.  270.  164.  133.
 SD SOL   32.2  35.4  56.6  75.5  85.4  92.2  77.5 133.1  71.5  34.2  31.1  25.4
 MX .5 P  0.54  0.27  0.32  0.45  0.46  1.12  0.98  0.92  0.52  0.80  0.41  0.40
 DEW PT  16.22 17.31 23.28 32.26 40.11 48.43 55.74 56.83 51.26 41.20 32.08 20.28
Time Pk  0.783 0.844 0.866 0.894 0.903 0.909 0.919 0.929 0.938 0.957 0.973 1.000
% N       9.74  9.78  9.03  8.81  6.83  4.80  3.85  4.59  5.54  6.73  9.21  9.21
MEAN      4.51  4.85  4.74  4.83  4.83  4.01  3.96  3.98  3.82  4.35  4.31  4.41
STD DEV   2.23  2.47  2.09  2.10  2.09  1.70  1.70  1.69  1.70  2.19  1.93  2.16
SKEW      0.99  0.77  0.69  0.85  0.55  0.54  0.66  0.57  0.74  1.18  0.86  0.85
% NNE     5.86  5.14  6.35  4.98  3.95  3.18  1.70  2.92  3.50  3.96  5.09  4.90
MEAN      4.83  5.01  4.71  4.90  4.71  4.16  3.49  3.91  4.01  4.22  4.26  4.51
STD DEV   2.09  2.44  2.10  2.13  2.10  1.68  1.44  1.69  1.74  1.72  1.85  1.96
SKEW      0.42  1.22  0.71  0.96  1.03  0.42  0.60  0.61  0.71  0.35  0.81  0.55
% NE      3.23  3.36  4.12  3.28  3.09  2.61  1.22  1.94  2.11  2.62  3.15  2.81
MEAN      4.16  4.21  4.47  4.08  3.85  3.76  3.01  3.17  3.49  3.80  3.63  3.94
STD DEV   1.81  2.11  1.89  1.67  1.59  1.52  1.10  1.35  1.58  1.52  1.47  1.66
SKEW      0.45  1.22  0.55  0.64  0.67  0.59  0.62  0.80  1.09  0.62  0.65  0.83
% ENE     1.63  1.47  2.58  1.98  2.13  1.54  0.70  0.93  0.92  1.49  1.78  1.29
MEAN      4.06  4.09  4.24  3.85  3.50  3.40  2.99  3.09  3.36  3.54  3.80  3.98
STD DEV   1.87  1.78  1.78  1.73  1.29  1.36  1.12  1.03  1.35  1.38  1.77  1.76
SKEW      0.51  0.55  0.79  1.03  0.69  0.46  0.35  0.44  0.65  0.53  0.92  0.63
% E       1.28  1.61  2.46  1.92  2.50  1.85  1.00  1.18  1.08  1.45  1.61  1.25
MEAN      3.46  4.26  3.92  3.66  3.41  3.23  2.82  3.08  2.95  3.41  3.37  3.62
STD DEV   1.76  2.15  1.66  1.57  1.46  1.33  1.19  1.25  1.18  1.57  1.82  1.81
SKEW      0.76  0.76  0.47  0.66  0.78  1.40  1.84  0.80  0.68  0.53  1.93  0.92
% ESE     1.07  1.32  1.84  2.32  2.24  1.69  1.21  1.02  1.13  1.43  1.44  1.04
MEAN      3.84  4.03  4.29  4.17  3.47  3.72  3.15  3.11  3.27  3.74  3.77  3.70
STD DEV   1.96  2.05  2.05  2.21  1.44  1.52  1.22  1.30  1.34  1.83  2.36  1.77
SKEW      0.55  0.88  0.63  1.23  1.39  0.60  0.32  0.92  0.53  0.89  1.76  0.66
% SE      1.77  2.09  2.45  2.98  3.36  3.39  2.83  2.43  2.42  2.96  2.76  1.84
MEAN      3.62  3.41  3.99  3.82  3.55  3.33  3.19  3.15  3.34  3.80  3.71  3.92
STD DEV   1.86  1.60  1.89  1.79  1.48  1.42  1.26  1.37  1.40  2.02  1.85  2.15
SKEW      1.07  0.89  0.68  0.69  0.53  0.76  0.70  1.30  0.99  1.24  1.23  0.94
% SSE     2.00  2.49  2.82  4.65  5.95  6.23  6.96  5.33  5.15  4.54  3.66  2.52
MEAN      3.90  4.15  4.10  4.18  4.03  3.88  3.72  3.83  3.81  3.71  3.76  3.81
STD DEV   1.92  1.95  1.97  1.92  1.79  1.67  1.62  1.83  1.74  1.80  1.77  2.03
SKEW      0.71  0.86  0.73  0.66  0.88  0.63  0.64  1.43  0.78  0.93  1.12  1.07
% S       4.03  5.17  5.82  9.86 13.91 17.04 16.89 15.06 13.27 10.39  7.39  4.64
MEAN      3.89  4.16  4.20  4.41  4.27  4.06  3.92  3.80  3.99  3.81  4.18  3.87
STD DEV   1.96  2.25  1.94  1.83  1.77  1.69  1.63  1.61  1.74  1.70  2.15  1.96
SKEW      1.04  1.91  0.81  0.48  0.45  0.52  0.60  0.61  0.75  0.69  1.74  1.16
% SSW     2.71  2.76  2.61  4.51  6.76  8.69  8.48  7.37  7.54  6.32  4.22  3.33
MEAN      4.03  3.85  3.97  4.40  4.21  4.00  3.80  3.75  3.87  3.90  4.36  3.88
STD DEV   1.93  1.67  1.76  1.89  1.87  1.72  1.64  1.66  1.62  1.80  2.21  1.77
SKEW      0.83  0.80  0.74  0.42  0.87  0.69  0.60  1.07  0.61  1.00  1.27  0.80
% SW      3.19  3.09  3.32  3.73  4.21  5.52  6.91  5.87  5.11  4.82  4.02  3.93
MEAN      3.56  3.44  3.63  3.77  3.70  3.59  3.47  3.27  3.38  3.44  3.57  3.52
STD DEV   1.64  1.53  1.58  1.67  1.67  1.58  1.55  1.45  1.51  1.50  1.67  1.60
SKEW      0.73  0.62  0.61  0.61  0.82  0.74  0.84  0.89  0.88  0.74  1.05  0.76
% WSW     4.14  3.89  4.34  4.37  4.22  4.76  5.61  5.37  4.62  4.73  4.26  4.55
MEAN      3.84  3.99  4.26  4.12  4.06  3.80  3.71  3.52  3.55  3.85  3.91  4.06
STD DEV   1.89  1.82  1.92  2.01  1.76  1.60  1.58  1.45  1.52  1.63  1.83  1.91
SKEW      1.01  0.65  0.71  1.16  0.52  0.58  0.71  0.55  0.77  0.86  0.78  0.85
% W       7.03  7.39  6.75  5.70  4.99  4.59  6.00  5.92  5.68  6.16  6.39  6.79
MEAN      4.72  4.71  4.81  4.52  4.40  4.00  3.87  3.86  3.81  4.20  4.26  4.45
STD DEV   2.27  2.11  2.21  1.99  1.95  1.70  1.67  1.71  1.64  1.88  1.83  1.98
SKEW      0.95  0.68  0.62  0.61  0.53  0.74  0.78  0.85  0.79  0.70  0.63  0.67
% WNW    11.11 11.15 11.12  8.30  6.16  5.44  6.07  5.84  6.57  7.87  8.78 10.96
MEAN      5.50  5.54  5.85  5.46  5.19  4.84  4.50  4.44  4.52  5.05  5.12  5.16
STD DEV   2.52  2.39  2.52  2.37  2.46  2.24  1.88  2.01  1.99  2.18  2.30  2.31
SKEW      0.80  0.73  0.60  0.47  1.06  0.69  0.51  0.68  0.59  0.60  0.57  0.72
% NW     10.71  9.40 10.09  7.86  6.39  4.75  4.97  5.37  5.46  6.21  7.12  9.01
MEAN      5.46  5.63  5.83  5.62  5.39  4.92  4.63  4.43  4.70  5.18  5.01  5.30
STD DEV   2.46  2.60  2.45  2.47  2.47  2.07  2.04  1.97  2.24  2.30  2.23  2.40
SKEW      0.65  0.65  0.43  0.61  0.96  0.48  0.48  0.67  1.01  0.57  0.50  0.58
% NNW     7.64  6.59  7.08  6.85  5.67  4.10  3.97  4.38  4.26  5.12  5.79  6.17
MEAN      5.14  5.35  5.39  5.21  5.15  4.89  4.55  4.37  4.12  4.83  4.65  4.82
STD DEV   2.45  2.70  2.37  2.34  2.36  2.23  1.96  2.04  1.87  2.18  2.14  2.50
SKEW      0.57  0.68  0.64  0.69  0.77  0.69  0.53  0.58  0.71  0.46  0.66  0.81
CALM     22.93 23.29 17.23 17.89 17.66 19.69 21.66 24.54 25.65 23.28 23.30 25.71
OLD TOWN/DEWI ME    0.519  BANGOR/INT    ME    0.481  OLD TOWN/DEWI ME    0.000
 LONG FALLS DAM ME                       174781 0
 LATT=  45.23 LONG= -70.20 YEARS= 38. TYPE= 3
 ELEVATION =  110. TP5 = 1.68 TP6= 3.81
 MEAN P   0.26  0.28  0.29  0.28  0.27  0.28  0.32  0.32  0.31  0.32  0.34  0.31
 S DEV P  0.35  0.37  0.33  0.37  0.31  0.30  0.37  0.39  0.43  0.40  0.44  0.42
 SQEW  P  2.75  2.46  1.92  3.25  2.07  1.85  1.93  3.27  2.95  2.17  2.43  3.14
 P(W/W)   0.41  0.40  0.46  0.49  0.50  0.50  0.41  0.44  0.42  0.47  0.49  0.43
 P(W/D)   0.30  0.26  0.27  0.28  0.31  0.34  0.32  0.30  0.28  0.27  0.33  0.31
 TMAX AV 22.56 25.53 34.20 46.43 60.63 70.29 75.02 72.96 64.61 53.53 40.16 26.84
 TMIN AV 10.75 10.52 15.07 26.40 37.41 47.64 52.65 50.54 42.57 33.46 24.35 12.28
 SD TMAX 11.07 10.87  9.82 10.08 10.78  8.62  6.76  7.00  8.51  9.89  9.72 10.94
 SD TMIN  8.31  8.54  9.66  7.18  7.75  7.02  6.47  7.15  8.31  7.86  9.16  9.10
 SOL.RAD  122.  219.  285.  396.  460.  492.  505.  454.  313.  229.  125.   99.
 SD SOL   35.2  36.5  64.1  80.6  99.2 105.7  92.1 158.3  90.4  45.0  40.7  33.3
 MX .5 P  0.19  0.14  0.19  0.26  0.45  0.59  0.64  0.91  0.39  0.24  0.21  0.17
 DEW PT   6.90  6.85 12.54 25.28 35.07 46.80 51.59 50.80 42.86 33.28 23.07 10.96
Time Pk  0.804 0.858 0.886 0.907 0.914 0.922 0.929 0.934 0.939 0.958 0.976 1.000
% N       7.84  6.27  5.79  6.75  5.24  4.10  3.75  4.82  3.42  4.74  5.36  5.33
MEAN      4.24  4.41  4.25  4.07  4.04  3.75  3.64  3.61  3.59  3.73  3.88  4.09
STD DEV   2.25  2.37  2.11  1.90  2.08  1.77  1.71  1.67  1.52  1.81  1.99  2.23
SKEW      0.76  0.83  0.69  0.60  0.86  0.67  0.62  0.67  0.50  0.80  0.76  0.97
% NNE     9.17  9.72  8.78  6.96  6.26  4.49  2.78  4.66  3.74  6.40  6.53  6.18
MEAN      4.04  4.25  4.25  4.13  4.22  3.84  3.03  3.63  3.53  3.75  3.64  3.99
STD DEV   2.07  2.25  1.94  1.83  2.01  1.74  1.34  1.57  1.70  1.78  1.55  2.00
SKEW      1.11  1.07  0.76  0.41  0.61  0.60  0.74  0.54  0.86  0.94  0.56  1.09
% NE      5.91  6.94  6.33  4.57  5.13  3.49  2.24  3.72  3.51  4.56  4.95  3.69
MEAN      3.41  3.59  4.00  3.44  3.79  3.41  2.96  3.21  3.40  3.49  3.50  3.44
STD DEV   1.67  1.82  1.70  1.51  1.65  1.45  1.27  1.31  1.68  1.46  1.63  1.72
SKEW      0.70  1.46  0.58  0.68  0.67  0.93  0.60  0.40  1.07  0.60  0.97  0.85
% ENE     2.37  3.31  3.77  2.43  2.90  2.18  1.38  2.16  1.70  2.11  2.36  1.80
MEAN      3.24  3.25  4.09  3.38  3.45  3.63  3.02  3.31  3.32  3.52  3.54  3.52
STD DEV   1.49  1.47  1.79  1.53  1.56  1.48  1.18  1.30  1.36  1.57  1.63  1.93
SKEW      0.61  0.93  0.42  0.87  0.67  0.58  0.83  0.43  0.83  0.67  0.56  0.65
% E       1.32  1.48  1.96  1.28  1.99  1.74  0.91  1.47  1.10  1.09  1.76  1.48
MEAN      2.18  2.25  3.45  2.41  2.70  2.82  2.62  2.67  2.96  2.63  3.28  3.20
STD DEV   0.84  0.86  1.59  0.93  1.05  1.21  0.96  1.18  1.26  0.95  1.88  1.85
SKEW      0.75  0.59  0.55  0.55  0.35  0.55  0.60  0.53  0.81  0.57  1.32  0.80
% ESE     1.12  1.36  2.10  2.42  3.13  1.94  1.29  1.30  1.20  1.61  1.58  1.53
MEAN      2.83  2.98  4.03  3.90  3.41  2.73  2.81  2.78  2.65  3.17  3.52  3.28
STD DEV   1.45  1.56  2.10  1.95  1.54  1.02  1.27  1.34  1.08  1.48  2.75  1.70
SKEW      0.65  1.39  0.75  0.86  0.96  0.65  0.82  1.22  0.20  0.85  2.00  1.04
% SE      1.72  2.49  2.84  3.53  4.60  3.88  2.66  2.35  2.53  3.51  2.95  2.38
MEAN      2.63  2.82  3.63  3.42  3.21  3.18  2.91  2.79  2.72  3.29  2.96  3.29
STD DEV   1.45  1.24  1.59  1.64  1.43  1.25  1.38  1.27  1.16  1.65  1.22  1.46
SKEW      1.64  0.70  0.54  0.70  0.83  0.62  0.99  1.14  0.63  0.79  0.62  1.11
% SSE     4.45  4.36  6.17  6.06  6.32  6.49  5.76  4.57  6.00  5.79  5.54  5.27
MEAN      4.29  3.88  4.70  4.49  4.11  3.74  3.67  3.54  3.95  3.83  4.25  4.45
STD DEV   2.33  1.86  2.15  2.21  1.87  1.51  1.66  1.58  1.81  1.75  2.00  2.39
SKEW      0.90  1.07  0.56  0.80  0.59  0.27  0.64  0.82  0.69  0.88  0.67  1.08
% S       5.95  5.39  4.54  6.46  7.00  8.78  8.28  8.58  9.43  8.16  7.38  6.94
MEAN      4.01  3.93  4.14  4.13  3.91  3.81  3.58  3.67  4.09  3.82  3.90  4.00
STD DEV   2.11  1.95  1.89  1.93  1.80  1.69  1.55  1.80  1.86  1.75  1.86  1.83
SKEW      1.10  0.93  0.49  0.49  0.61  0.33  0.62  0.97  0.64  0.54  0.74  0.69
% SSW     6.59  5.17  4.76  7.30  8.73 12.67 12.24  9.40 11.96  9.61  7.90  7.34
MEAN      4.48  4.31  4.38  4.63  4.45  4.50  4.21  4.15  4.69  4.39  4.68  4.63
STD DEV   2.13  2.09  1.80  2.01  2.02  1.84  1.71  1.79  2.07  1.85  2.24  2.00
SKEW      0.85  0.60  0.65  0.55  0.64  0.38  0.27  0.51  0.54  0.39  0.73  0.55
% SW      4.40  3.95  3.67  5.50  6.23  7.62  9.13  8.07  9.23  7.82  6.46  6.67
MEAN      3.97  3.83  4.19  4.29  3.97  3.80  3.83  3.83  4.10  4.07  4.19  4.19
STD DEV   2.01  1.85  2.10  2.15  1.94  1.75  1.75  1.74  1.83  1.86  2.01  2.08
SKEW      0.95  0.77  0.73  0.90  0.66  0.52  0.71  0.59  0.67  0.72  0.77  0.87
% WSW     3.76  3.26  3.05  4.63  4.10  5.31  6.49  5.03  5.41  4.77  4.41  5.29
MEAN      5.03  4.41  4.76  4.73  4.58  4.25  4.13  4.00  4.22  4.44  4.55  4.82
STD DEV   2.53  1.98  2.20  2.13  2.23  1.82  1.83  1.74  1.90  2.06  2.09  2.25
SKEW      0.62  0.13  0.40  0.46  0.60  0.58  0.62  0.63  0.54  0.48  0.47  0.43
% W       5.30  4.39  4.77  5.06  4.80  4.12  6.27  5.88  5.38  4.49  6.20  5.72
MEAN      5.11  4.55  4.75  4.43  4.09  3.90  3.88  3.84  4.01  4.04  3.90  4.66
STD DEV   2.84  2.29  2.24  2.02  2.00  1.81  1.71  1.80  1.64  1.84  1.89  2.42
SKEW      0.61  0.48  0.32  0.51  0.59  0.63  0.55  0.82  0.42  0.53  0.81  0.58
% WNW     8.13 10.31 10.70  9.21  6.44  7.22  8.98  8.89  8.33  7.96  8.41  9.32
MEAN      6.17  6.63  6.30  5.65  5.05  5.35  4.62  4.68  5.04  5.30  5.30  5.77
STD DEV   2.89  3.19  3.04  2.57  2.45  2.43  2.08  2.10  2.26  2.34  2.33  2.63
SKEW      0.64  0.50  0.89  0.54  0.73  0.48  0.72  0.88  0.68  0.48  0.55  0.40
% NW      9.42 10.53 12.30  8.96  7.44  6.59  8.91  8.91  8.52  9.05  9.53 11.03
MEAN      6.05  6.42  6.08  5.45  5.29  5.20  4.71  4.42  4.93  5.31  4.82  5.49
STD DEV   3.03  2.98  2.78  2.58  2.70  2.51  2.10  2.02  2.27  2.47  2.48  2.64
SKEW      0.57  0.23  0.50  0.43  0.86  0.63  0.47  0.72  0.62  0.58  0.95  0.48
% NNW    10.02  9.63  9.79  8.93  8.33  6.61  6.61  6.23  6.12  7.34  7.19  8.25
MEAN      5.71  6.25  5.46  5.56  5.49  5.40  4.77  4.46  4.97  5.28  4.85  5.18
STD DEV   2.75  3.01  2.50  2.66  2.49  2.50  2.09  1.96  2.31  2.55  2.39  2.47
SKEW      0.58  0.38  0.46  0.57  0.41  0.39  0.61  0.68  0.74  0.59  0.73  1.02
CALM     12.47 11.39  8.71 10.13 11.35 12.84 12.31 14.14 12.38 11.09 11.43 11.94
AUGUSTA/STATE ME    0.514  MONTPELIER/ED VT    0.250  PRESQUE ISLE  ME    0.236
 MILLINOCKET ME                          175304 0
 LATT=  45.65 LONG= -68.70 YEARS= 44. TYPE= 3
 ELEVATION =  390. TP5 = 1.54 TP6= 3.75
 MEAN P   0.29  0.32  0.29  0.32  0.28  0.32  0.31  0.35  0.33  0.32  0.36  0.32
 S DEV P  0.32  0.41  0.32  0.38  0.34  0.38  0.39  0.48  0.48  0.41  0.47  0.42
 SQEW  P  2.01  2.68  2.26  2.26  2.64  2.48  2.46  3.13  3.61  2.47  2.66  2.76
 P(W/W)   0.40  0.37  0.44  0.48  0.52  0.50  0.46  0.47  0.46  0.51  0.52  0.42
 P(W/D)   0.29  0.26  0.25  0.27  0.29  0.33  0.34  0.32  0.28  0.27  0.33  0.34
 TMAX AV 24.48 27.61 37.19 50.03 64.09 73.50 78.80 76.46 67.37 55.50 41.88 28.63
 TMIN AV  4.85  6.10 17.34 30.06 40.72 50.92 56.60 54.28 45.23 35.28 26.67 11.38
 SD TMAX 11.02 10.53  9.58  9.61 10.64  9.07  7.19  7.08  8.40  9.31  9.22 10.87
 SD TMIN 12.92 12.72 10.97  6.73  7.34  6.73  5.89  6.90  8.15  7.93  8.74 12.04
 SOL.RAD  128.  222.  320.  395.  466.  481.  502.  445.  324.  223.  121.  105.
 SD SOL   31.4  33.8  51.0  80.0  96.7 109.3  92.5 162.8  86.0  45.4  40.1  29.6
 MX .5 P  0.24  0.18  0.20  0.26  0.40  0.48  0.75  1.03  0.47  0.34  0.23  0.23
 DEW PT  10.38 10.54 16.87 28.02 36.68 46.84 53.12 53.05 46.34 36.39 26.93 14.55
Time Pk  0.783 0.837 0.859 0.882 0.894 0.899 0.911 0.920 0.936 0.943 0.960 1.000
% N       5.52  5.84  6.74  6.58  5.50  3.98  3.38  3.65  3.44  4.66  5.80  4.10
MEAN      4.35  4.74  4.39  4.57  4.28  4.08  3.71  3.65  3.60  3.92  3.76  4.07
STD DEV   1.94  2.21  1.92  2.01  1.90  1.85  1.62  1.62  1.46  1.70  1.59  1.85
SKEW      0.40  0.86  0.73  0.68  0.74  0.53  0.61  0.57  0.64  0.77  0.73  0.65
% NNE     4.05  3.75  4.80  4.22  3.35  2.38  1.87  2.48  2.10  3.40  4.22  3.55
MEAN      4.18  4.52  4.51  4.56  4.36  4.07  3.99  3.77  3.65  3.99  3.73  4.23
STD DEV   1.72  1.78  1.62  1.63  1.63  1.59  1.37  1.42  1.43  1.62  1.42  1.88
SKEW      0.56  0.38  0.46  0.25  0.46  0.58  0.70 -0.04  0.28  1.09  0.47  1.02
% NE      4.71  4.61  5.25  4.12  3.35  3.10  1.57  2.35  2.43  3.21  4.14  3.43
MEAN      3.81  3.99  4.30  4.10  3.71  3.69  3.22  3.38  3.25  3.51  3.41  3.35
STD DEV   1.45  1.65  1.55  1.67  1.35  1.40  1.17  1.38  1.20  1.31  1.33  1.26
SKEW      0.35  0.73  0.32  0.64  0.21  0.75  0.41  0.78  0.20  0.43  0.90  0.60
% ENE     2.53  3.07  4.30  3.15  2.75  2.47  1.21  2.06  1.73  2.67  2.93  2.19
MEAN      3.88  4.02  4.52  3.78  3.50  3.56  3.31  3.43  3.55  3.53  3.64  3.59
STD DEV   1.77  1.61  1.77  1.44  1.22  1.29  1.15  1.20  1.35  1.23  1.71  1.44
SKEW      0.56  0.83  0.44  0.59  0.44  0.45  0.20  0.49  0.63  0.47  1.04  0.54
% E       1.48  2.06  3.34  2.77  3.20  2.85  1.45  1.64  1.62  1.98  2.16  1.50
MEAN      2.59  2.87  3.65  3.30  3.37  3.11  2.71  2.79  2.83  3.16  3.05  3.04
STD DEV   1.14  1.28  1.49  1.24  1.26  1.12  0.96  1.12  0.98  1.19  1.18  1.22
SKEW      0.99  1.19  0.86  0.53  0.51  0.44  0.67  0.69  0.47  0.39  0.48  0.47
% ESE     1.67  1.96  2.83  2.82  3.45  2.90  1.97  1.63  1.69  2.17  2.36  2.03
MEAN      2.68  3.28  3.63  3.35  3.32  3.08  2.98  2.72  2.69  3.07  3.43  3.15
STD DEV   1.09  1.60  1.50  1.32  1.38  1.15  1.11  0.92  0.97  1.19  2.25  1.46
SKEW      0.72  1.60  0.30  0.67  1.45  0.64  0.50  0.46  0.76  0.59  2.52  0.74
% SE      1.74  1.55  2.29  2.58  3.84  4.22  3.62  2.42  2.86  2.92  2.06  2.45
MEAN      2.63  2.91  3.15  3.05  2.94  2.82  2.68  2.65  2.65  2.97  2.73  3.15
STD DEV   1.04  1.19  1.34  1.11  1.04  1.07  0.96  0.90  0.93  1.16  0.88  1.55
SKEW      0.63  0.80  0.27  0.64  0.60  0.66  0.66  0.71  0.51  0.60  0.52  1.28
% SSE     2.63  2.55  2.29  4.13  4.88  5.14  5.01  4.27  4.91  4.34  3.55  3.00
MEAN      3.01  3.33  3.70  3.44  3.46  3.18  3.11  3.05  3.20  3.12  3.16  3.26
STD DEV   1.13  1.59  1.36  1.31  1.23  1.22  1.17  1.03  1.18  1.07  1.39  1.36
SKEW      0.83  1.25  0.29  0.70  0.66  0.89  0.39  0.50  0.75  0.46  1.25  1.19
% S       2.55  2.63  2.91  5.47  7.39  8.85  7.78  7.31  6.99  5.25  4.71  3.58
MEAN      3.23  3.23  3.34  3.45  3.49  3.39  3.22  3.16  3.32  3.29  3.45  3.14
STD DEV   1.23  1.36  1.20  1.27  1.31  1.24  1.19  1.15  1.18  1.19  1.41  1.06
SKEW      0.47  0.83  0.40  0.54  0.63  0.55  0.47  0.59  0.43  0.53  0.95  0.53
% SSW     3.52  2.42  2.65  4.00  5.68  7.74  7.99  6.90  7.90  5.42  4.02  3.62
MEAN      3.83  4.01  3.69  3.90  4.01  3.92  3.82  3.61  3.70  3.77  3.99  3.77
STD DEV   1.53  1.62  1.30  1.46  1.59  1.42  1.34  1.32  1.40  1.31  1.54  1.39
SKEW      1.20  0.52  0.20  0.51  0.70  0.33  0.45  0.50  0.64  0.45  0.76  0.66
% SW      2.31  1.80  1.97  2.37  3.50  4.95  5.44  4.83  4.37  4.02  2.83  2.76
MEAN      3.54  3.80  3.60  3.58  3.86  3.84  3.45  3.45  3.60  3.53  3.42  3.82
STD DEV   1.35  1.77  1.58  1.47  1.45  1.45  1.37  1.27  1.24  1.21  1.20  1.44
SKEW      0.38  1.01  1.01  0.60  0.50  0.47  0.66  0.69  0.26  0.31  0.31  0.63
% WSW     1.91  2.50  2.56  3.46  3.83  3.81  4.67  4.38  3.92  3.36  2.81  2.50
MEAN      3.85  3.87  4.49  4.08  4.14  3.95  3.65  3.64  4.00  3.93  3.90  4.05
STD DEV   1.47  1.56  1.92  1.61  1.54  1.49  1.46  1.35  1.61  1.67  1.42  1.58
SKEW      0.64  0.89  0.61  0.41  0.70  0.60  0.50  0.51  0.80  0.83  0.59  0.45
% W       6.26  7.17  5.93  6.69  6.10  6.87  7.72  6.07  6.03  5.22  5.86  6.59
MEAN      4.99  4.72  5.11  4.38  4.55  4.23  4.02  3.84  4.13  4.31  4.70  4.97
STD DEV   2.17  2.04  2.10  1.80  1.76  1.63  1.53  1.40  1.48  1.59  1.77  1.95
SKEW      0.57  0.74  0.40  0.47  0.43  0.58  0.55  0.40  0.58  0.46  0.56  0.59
% WNW    25.11 22.84 20.73 15.20 10.71 10.04 11.91 11.86 12.92 14.20 17.96 22.61
MEAN      5.69  5.74  5.74  5.01  4.90  4.71  4.38  4.39  4.58  4.96  5.20  5.46
STD DEV   2.39  2.30  2.27  1.88  1.88  1.83  1.54  1.63  1.67  1.81  1.80  2.16
SKEW      0.80  0.63  0.59  0.20  0.40  0.58  0.30  0.46  0.55  0.37  0.35  0.81
% NW      8.91  8.87  9.20  7.02  7.21  5.30  5.40  5.84  6.20  7.56  7.98  8.41
MEAN      4.52  4.97  4.74  4.24  4.36  4.21  3.72  3.77  3.81  4.30  4.19  4.70
STD DEV   2.24  2.49  2.19  1.95  2.02  1.84  1.57  1.56  1.58  1.95  1.79  2.22
SKEW      1.03  0.91  0.66  0.69  0.94  0.62  0.58  0.64  0.71  0.67  0.60  1.00
% NNW     5.41  5.31  6.28  6.29  5.76  3.79  4.10  4.84  4.14  5.53  5.07  4.25
MEAN      4.61  4.96  4.79  4.62  4.65  4.35  4.10  3.63  3.62  4.35  4.13  4.40
STD DEV   2.21  2.60  2.13  2.01  2.15  1.78  1.76  1.57  1.59  1.95  1.81  2.07
SKEW      0.98  0.96  0.92  0.44  0.91  0.53  0.52  0.48  0.75  0.42  0.77  0.91
CALM     19.63 21.11 15.95 19.17 19.50 21.51 24.94 27.46 26.82 24.12 21.62 23.49
MILLINOCKET   ME    0.949  PRESQUE ISLE  ME    0.029  AUGUSTA/STATE ME    0.021
 PORTLAND WB AIRPORT ME                  176905 0
 LATT=  43.65 LONG= -70.32 YEARS= 72. TYPE= 4
 ELEVATION =   60. TP5 = 1.80 TP6= 4.35
 MEAN P   0.35  0.35  0.34  0.33  0.29  0.28  0.29  0.29  0.33  0.35  0.39  0.35
 S DEV P  0.43  0.45  0.47  0.49  0.42  0.41  0.40  0.51  0.48  0.47  0.55  0.48
 SQEW  P  2.42  2.22  2.69  3.72  3.12  3.64  3.15  6.41  3.12  2.23  2.60  2.53
 P(W/W)   0.45  0.44  0.49  0.51  0.50  0.50  0.41  0.41  0.42  0.46  0.49  0.48
 P(W/D)   0.32  0.33  0.31  0.33  0.32  0.33  0.29  0.28  0.27  0.24  0.32  0.32
 TMAX AV 31.02 33.04 41.07 51.96 62.88 72.34 78.22 76.80 69.21 59.04 47.19 35.11
 TMIN AV 13.09 14.58 24.32 33.99 43.54 52.58 58.42 57.23 49.39 39.47 30.60 18.23
 SD TMAX 10.06  8.97  8.84  9.06  9.71  8.97  7.15  7.32  7.93  8.35  8.74  9.84
 SD TMIN 12.30 11.55  9.55  6.47  6.56  6.06  5.39  6.47  8.22  8.44  8.74 11.28
 SOL.RAD  152.  235.  352.  409.  514.  539.  561.  488.  383.  278.  157.  137.
 SD SOL   29.0  34.6  44.5  77.1  80.8  89.3  73.0 136.2  70.1  32.4  33.6  24.6
 MX .5 P  0.79  0.33  0.34  0.48  0.49  1.22  1.17  0.76  0.56  1.14  0.49  0.44
 DEW PT   8.92  9.43 14.38 25.90 35.89 46.90 51.89 51.39 43.38 33.41 23.39 12.41
Time Pk  0.760 0.822 0.846 0.870 0.879 0.887 0.900 0.910 0.919 0.938 0.957 1.000
% N      13.88 12.39 11.59  8.52  6.02  4.91  4.67  6.30  7.88  9.99 11.70 13.73
MEAN      4.38  4.47  4.74  5.00  4.12  3.73  3.47  3.56  3.62  4.16  3.98  4.22
STD DEV   2.04  2.03  2.05  2.64  1.90  1.73  1.52  1.64  1.62  1.81  1.77  1.85
SKEW      0.82  0.78  0.46  1.32  0.74  0.84  0.81  0.80  0.93  0.75  0.80  0.81
% NNE     7.19  7.44  6.42  5.00  3.73  2.75  1.91  3.01  4.21  5.25  6.30  6.12
MEAN      4.95  4.94  5.18  5.04  4.44  3.96  3.54  3.91  4.04  4.88  4.32  4.68
STD DEV   2.16  2.27  2.38  2.20  1.84  1.72  1.46  1.73  1.75  2.03  1.84  1.97
SKEW      0.26  0.83  0.51  0.59  0.36  0.52  0.76  0.48  0.51  0.35  0.69  0.36
% NE      2.76  3.24  3.79  3.24  3.10  2.73  1.91  2.38  2.57  3.05  2.79  2.77
MEAN      4.83  4.40  4.66  4.32  4.04  3.53  3.30  3.37  3.98  4.41  3.99  4.44
STD DEV   2.55  1.98  2.00  2.02  1.72  1.33  1.11  1.34  1.76  2.07  1.69  1.85
SKEW      0.76  0.78  0.56  0.59  0.66  0.28  0.31  0.47  0.76  0.58  0.77  0.50
% ENE     1.44  2.49  3.42  3.45  4.25  3.51  2.35  2.50  2.80  2.73  2.16  1.20
MEAN      3.76  4.62  5.59  5.05  4.48  4.03  3.61  3.63  4.11  4.83  4.72  4.38
STD DEV   2.06  2.08  2.63  2.27  1.92  1.58  1.51  1.51  1.66  2.17  2.44  2.37
SKEW      0.94  0.58  0.69  0.76  0.66  0.69  0.52  0.49  0.53  0.63  0.68  0.61
% E       1.05  2.30  4.38  5.02  6.81  6.17  4.35  4.27  3.80  3.73  2.51  1.23
MEAN      3.26  4.82  5.22  5.02  4.47  4.08  3.80  3.71  3.80  4.51  5.03  5.79
STD DEV   1.31  2.46  2.49  2.19  1.71  1.53  1.38  1.43  1.27  2.23  2.86  3.53
SKEW      1.02  0.77  0.65  1.03  0.36  0.46  0.46  0.36  0.24  0.92  0.90  0.53
% ESE     0.87  1.70  2.68  3.83  4.90  4.39  3.39  3.49  2.66  2.62  1.81  0.98
MEAN      3.44  3.84  4.30  4.54  4.30  3.78  3.50  3.67  3.62  3.98  3.57  5.27
STD DEV   1.74  1.84  1.73  1.74  1.76  1.47  1.28  1.41  1.41  1.72  1.85  2.89
SKEW      1.14  0.95  0.40  0.46  0.43  0.46  0.16  0.43  0.51  1.07  1.27  0.34
% SE      1.00  1.30  2.02  2.61  2.64  2.90  2.52  2.15  1.99  2.08  1.40  0.80
MEAN      3.52  2.94  4.17  3.90  3.62  3.48  3.52  3.26  3.30  4.18  3.84  3.70
STD DEV   2.05  1.36  2.05  1.63  1.53  1.46  1.33  1.42  1.55  2.09  1.80  2.52
SKEW      0.99  0.99  0.88  0.63  0.76  0.63  0.46  0.49  1.00  0.91  0.95  1.47
% SSE     1.41  2.09  2.41  4.40  5.30  5.17  5.79  4.55  4.07  3.04  2.48  1.28
MEAN      5.19  3.67  4.83  4.74  4.72  4.09  4.01  4.18  4.11  4.21  4.26  5.44
STD DEV   3.06  1.67  2.07  1.88  1.70  1.47  1.43  1.55  1.55  1.85  2.31  3.48
SKEW      0.90  0.92  0.86  0.49  0.12  0.25  0.13  0.29  0.42  0.62  1.42  0.87
% S       2.42  3.95  5.14 10.49 12.72 14.17 15.14 13.39 12.04  8.29  6.11  3.03
MEAN      4.54  4.62  4.76  4.99  5.01  4.86  4.54  4.49  4.59  4.39  4.46  4.37
STD DEV   2.35  2.15  2.00  1.99  1.95  1.87  1.69  1.72  1.84  1.86  2.19  2.26
SKEW      0.84  0.71  0.43  0.40  0.25  0.19  0.30  0.26  0.48  0.54  0.87  0.86
% SSW     4.29  4.52  4.16  5.49  8.14  9.69  9.69  8.80  8.30  6.70  5.53  5.63
MEAN      4.32  4.37  4.21  4.41  4.23  3.95  3.92  3.86  3.94  3.97  4.24  4.15
STD DEV   1.73  1.86  1.80  1.81  1.84  1.67  1.72  1.61  1.64  1.64  1.80  1.75
SKEW      0.50  0.77  0.73  0.51  0.71  0.80  0.83  0.72  0.67  0.87  0.70  0.43
% SW      7.43  5.30  4.44  4.76  5.21  6.37  6.75  6.79  7.10  7.18  7.72  8.72
MEAN      4.19  4.08  3.69  3.70  3.46  3.37  3.18  3.20  3.48  3.59  3.85  4.18
STD DEV   1.68  1.78  1.66  1.54  1.49  1.42  1.33  1.36  1.45  1.50  1.64  1.77
SKEW      0.93  0.88  1.06  0.68  0.92  0.73  0.89  1.07  0.74  0.72  0.64  0.68
% WSW     9.62  8.36  6.74  6.20  6.02  6.86  8.21  7.49  7.34  8.05  8.90 10.53
MEAN      4.36  4.46  4.57  4.22  4.10  3.77  3.59  3.37  3.73  3.60  4.21  4.29
STD DEV   2.09  2.24  2.20  2.04  2.05  1.90  1.67  1.47  1.79  1.56  2.00  2.10
SKEW      1.10  1.03  0.60  0.72  0.92  1.01  0.86  0.89  0.94  0.88  0.89  1.08
% W      11.47 11.10 10.48  8.45  7.75  7.68  9.17  8.75  8.90  9.06 11.94 11.07
MEAN      4.54  4.53  4.73  4.59  4.01  3.32  3.26  3.30  3.29  3.69  4.06  4.12
STD DEV   2.53  2.47  2.52  2.46  2.10  1.66  1.56  1.66  1.66  1.93  2.02  2.20
SKEW      1.32  1.14  0.91  0.95  1.15  1.21  1.15  1.41  1.40  1.53  1.04  1.22
% WNW     9.56  9.96  9.68  9.09  6.65  6.43  6.84  6.95  6.34  6.87  7.71  9.37
MEAN      4.13  4.38  4.50  4.40  3.94  3.29  3.22  3.15  3.32  3.67  3.83  3.99
STD DEV   2.07  2.18  2.06  2.12  1.91  1.49  1.41  1.49  1.71  1.90  1.96  2.04
SKEW      1.02  0.93  0.78  0.91  0.94  0.92  1.08  1.28  1.31  1.24  1.11  1.16
% NW      9.83  9.81  9.84  8.32  6.93  5.71  6.17  6.63  7.20  7.86  7.22  8.59
MEAN      4.30  4.43  4.75  4.52  4.28  3.71  3.20  3.18  3.36  3.67  3.67  4.12
STD DEV   2.07  2.29  2.27  2.23  2.18  1.73  1.56  1.45  1.74  1.91  1.90  2.24
SKEW      0.76  0.92  0.86  0.85  0.95  0.82  1.16  1.20  1.21  1.01  0.99  1.03
% NNW    11.45  9.49  8.99  7.33  5.52  4.35  4.27  5.32  6.22  7.63  8.17  9.68
MEAN      4.52  4.37  4.74  4.86  4.49  3.78  3.59  3.46  3.49  3.97  4.11  4.14
STD DEV   2.05  2.15  2.26  2.33  2.17  1.82  1.69  1.57  1.65  1.97  2.02  2.13
SKEW      0.54  0.74  0.76  0.69  0.67  0.69  0.87  0.84  0.91  0.75  0.78  0.95
CALM      4.36  4.61  3.80  3.86  4.30  6.17  6.91  7.22  6.58  5.91  5.55  5.28
PORTLAND/INT  ME    1.000  PORTSMOUTH/PE NH    0.000  AUGUSTA/STATE ME    0.000
 PRESQUE ISLE ME                         176937 0
 LATT=  46.65 LONG= -68.00 YEARS= 30. TYPE= 3
 ELEVATION =  610. TP5 = 1.32 TP6= 3.38
 MEAN P   0.19  0.18  0.21  0.21  0.25  0.26  0.30  0.32  0.30  0.27  0.26  0.21
 S DEV P  0.24  0.23  0.23  0.24  0.27  0.29  0.39  0.40  0.39  0.38  0.33  0.26
 SQEW  P  2.00  2.60  1.82  2.02  1.76  1.78  2.70  2.30  2.85  3.49  2.44  2.67
 P(W/W)   0.43  0.37  0.41  0.48  0.53  0.52  0.49  0.50  0.47  0.54  0.51  0.46
 P(W/D)   0.29  0.27  0.26  0.27  0.33  0.31  0.38  0.36  0.34  0.29  0.36  0.35
 TMAX AV 21.81 24.76 35.45 48.01 63.76 73.64 77.82 75.14 65.57 53.39 38.60 25.33
 TMIN AV  9.53  9.18 17.14 28.75 39.82 49.71 54.84 52.78 44.00 35.31 24.66 11.95
 SD TMAX 11.04 10.63  9.56  9.61 10.22  8.09  6.53  6.69  8.23  9.25  9.48 11.20
 SD TMIN 10.38 11.19 11.45  7.83  8.06  7.57  6.96  7.82  8.54  8.53  9.70 10.47
 SOL.RAD  132.  230.  359.  400.  475.  471.  508.  448.  334.  213.  112.  107.
 SD SOL   25.2  26.0  33.9  74.4  91.1 110.6  88.7 152.1  79.2  43.7  38.1  24.4
 MX .5 P  0.27  0.15  0.16  0.25  0.47  0.52  0.87  1.18  0.47  0.25  0.25  0.19
 DEW PT   7.92  6.48 15.54 28.04 37.69 49.20 55.28 53.79 46.88 36.14 27.03 12.71
Time Pk  0.794 0.862 0.883 0.906 0.911 0.915 0.922 0.929 0.938 0.952 0.971 1.000
% N       8.25  7.26  8.94  8.87  7.29  6.85  4.67  4.76  4.12  5.55  6.06  5.73
MEAN      4.56  4.96  4.26  4.16  4.36  4.31  4.25  4.25  4.31  4.11  4.37  4.28
STD DEV   2.17  2.55  1.96  1.71  1.91  1.86  1.92  1.88  1.96  1.92  2.63  2.40
SKEW      0.78  0.66  0.68  0.60  0.55  0.82  0.67  0.54  0.68  0.72  1.83  1.61
% NNE     3.44  3.71  6.40  4.53  3.96  2.72  1.39  2.12  1.58  2.72  3.83  2.25
MEAN      3.74  4.73  3.85  4.13  4.31  3.90  3.40  3.56  3.56  3.76  3.83  4.42
STD DEV   1.99  2.91  1.79  1.66  1.89  1.80  1.85  1.58  1.79  1.83  1.60  2.34
SKEW      1.66  1.29  0.99  0.23  0.66  1.09  1.75  1.14  0.96  1.60  0.61  1.44
% NE      3.78  3.37  4.80  3.82  3.25  3.20  1.64  1.63  1.26  2.60  2.99  3.24
MEAN      3.74  3.37  3.64  3.44  3.68  3.26  3.23  3.05  3.02  3.27  3.45  3.90
STD DEV   1.72  1.93  1.69  1.49  1.67  1.37  1.42  1.13  1.49  1.36  1.31  1.88
SKEW      0.74  1.35  0.86  0.97  1.11  1.16  1.44  0.37  1.69  0.74  0.70  0.73
% ENE     1.86  1.67  2.87  1.14  1.49  1.54  0.53  1.03  0.67  0.97  1.19  0.86
MEAN      4.59  3.59  4.07  3.46  3.40  3.37  2.81  3.30  2.56  3.50  3.20  4.39
STD DEV   1.94  1.90  2.12  1.63  1.63  1.44  1.16  1.78  1.04  1.72  1.36  2.59
SKEW      0.30  1.19  0.80  0.90  0.86  1.19  1.34  1.37  1.13  0.62  0.85  0.80
% E       2.01  2.57  2.93  2.20  2.49  2.42  1.03  1.12  1.07  1.57  2.03  1.82
MEAN      3.02  3.07  3.40  2.99  3.30  3.34  2.71  3.29  2.77  2.92  3.23  3.30
STD DEV   1.45  1.52  1.63  1.17  1.32  1.46  0.97  1.84  1.22  1.30  1.47  1.53
SKEW      0.87  1.04  0.89  0.99  0.76  1.02  1.79  2.20  1.06  1.29  1.26  0.92
% ESE     1.42  1.78  2.46  2.19  2.87  2.65  1.30  1.05  1.24  1.73  1.68  1.65
MEAN      3.56  3.61  3.69  3.78  4.10  3.53  3.21  3.29  3.49  3.92  3.44  3.52
STD DEV   1.81  1.92  1.80  1.71  1.77  1.51  1.22  1.55  1.52  1.80  1.45  1.84
SKEW      0.71  1.24  1.02  0.92  0.81  0.76  0.55  1.90  0.53  1.14  0.77  1.06
% SE      2.44  4.55  4.67  6.63  6.78  7.35  5.03  3.61  4.53  6.11  5.41  4.80
MEAN      3.66  3.62  3.68  4.13  3.95  3.79  3.55  3.63  3.59  4.02  3.68  4.09
STD DEV   1.98  1.79  1.58  1.86  1.61  1.47  1.52  1.72  1.50  1.86  1.53  2.13
SKEW      1.33  0.94  1.16  0.64  0.84  0.65  0.92  1.18  0.68  0.87  0.86  1.36
% SSE     3.16  2.89  4.09  5.82  4.99  7.45  6.76  5.49  6.17  5.92  5.17  5.70
MEAN      4.38  4.26  4.29  5.11  4.53  4.16  3.96  3.76  4.04  4.15  4.51  4.39
STD DEV   2.23  2.12  1.80  2.34  2.03  1.72  1.77  1.70  1.80  1.79  1.93  2.13
SKEW      0.77  1.33  0.76  0.59  0.54  0.56  0.80  1.12  0.66  0.77  0.50  0.74
% S       5.95  4.95  3.64  7.48  7.45  9.93 10.39  9.98 11.60  9.33  8.19  8.19
MEAN      4.44  4.16  4.15  4.61  4.21  4.11  3.67  3.79  4.26  4.02  4.11  4.14
STD DEV   2.11  2.14  2.19  2.16  2.19  1.88  1.62  1.90  2.15  1.99  1.96  1.95
SKEW      0.63  1.14  0.87  0.66  0.94  0.57  0.95  1.00  0.92  0.82  0.83  0.82
% SSW     3.13  2.89  1.49  3.23  3.04  4.77  6.63  6.51  7.19  5.09  3.20  2.69
MEAN      4.27  4.92  3.80  4.31  4.23  4.49  4.11  4.17  4.43  4.17  4.34  3.69
STD DEV   2.23  3.07  1.96  1.99  2.06  2.12  1.92  2.09  2.15  1.97  2.13  1.63
SKEW      1.27  0.84  0.90  0.70  0.91  0.70  0.64  1.06  0.78  0.78  0.76  0.51
% SW      2.84  3.06  3.36  3.20  5.62  4.88  7.40  6.25  7.53  6.16  5.39  4.07
MEAN      3.53  3.87  4.26  3.66  4.17  3.72  3.62  3.70  3.97  3.58  3.81  3.53
STD DEV   1.68  1.88  2.25  1.83  1.80  1.85  1.61  1.77  1.77  1.60  1.86  1.64
SKEW      1.64  0.92  0.95  1.08  0.57  1.08  0.99  0.91  0.88  1.21  1.42  0.89
% WSW     3.88  4.17  2.56  2.89  3.79  3.79  6.28  5.49  5.58  4.99  4.55  4.55
MEAN      4.41  4.42  4.67  4.59  4.96  4.31  4.29  4.15  4.30  4.27  4.33  4.52
STD DEV   2.03  2.29  2.40  2.06  2.27  1.96  1.81  1.75  1.89  1.87  2.05  2.32
SKEW      0.81  1.08  0.63  0.92  0.61  0.86  0.65  0.64  0.67  0.70  0.55  0.60
% W      10.18  8.80  6.72  6.19  6.99  5.35  8.41  6.51  7.52  7.89 10.76  8.79
MEAN      4.71  5.10  5.14  4.93  4.63  4.15  4.32  4.05  4.17  4.66  4.38  4.74
STD DEV   2.18  2.88  2.30  2.30  1.95  1.97  1.94  1.85  1.80  2.10  1.96  2.42
SKEW      0.88  1.19  0.63  0.88  0.54  0.86  0.82  0.77  0.75  0.66  0.90  0.86
% WNW     7.36  8.44  7.54  6.31  5.30  3.90  5.30  6.20  5.11  6.25  8.65  7.14
MEAN      5.40  5.55  6.10  5.90  5.18  4.99  4.81  4.54  4.98  4.91  5.09  4.76
STD DEV   2.45  2.56  2.71  2.54  2.14  2.26  2.09  2.03  2.36  2.13  2.20  2.14
SKEW      0.88  0.64  0.73  0.34  0.31  0.72  0.86  1.16  1.07  0.59  0.81  0.79
% NW     12.74 11.65 11.89 11.59  8.93  8.08  7.00  8.18  8.86  9.45 11.18 11.26
MEAN      5.49  5.74  5.78  5.74  5.15  4.77  4.47  4.23  4.86  5.20  4.87  5.44
STD DEV   2.48  2.58  2.49  2.44  2.38  2.27  2.00  1.88  2.18  2.34  2.20  2.54
SKEW      0.61  0.47  0.46  0.32  0.59  1.00  0.65  0.82  0.77  0.81  0.78  0.50
% NNW     9.88  8.44  8.96  7.86  9.31  6.10  4.78  5.48  5.53  7.00  4.31  8.04
MEAN      5.74  5.99  5.34  5.59  5.56  5.40  4.89  4.77  4.77  5.28  4.90  5.31
STD DEV   2.49  3.08  2.29  2.41  2.34  2.29  2.16  2.12  2.16  2.32  2.34  2.63
SKEW      0.50  0.53  0.37  0.35  0.20  0.29  0.74  0.76  0.96  0.36  0.63  1.49
CALM     17.67 19.85 16.66 16.06 16.43 19.11 21.47 24.61 20.50 16.67 15.41 19.24
PRESQUE ISLE  ME    0.807  LIMESTONE/LOR ME    0.165  OLD TOWN/DEWI ME    0.027
 RIPOGENUS DAM ME                        177174 0
 LATT=  45.88 LONG= -69.18 YEARS= 44. TYPE= 3
 ELEVATION =  970. TP5 = 1.54 TP6= 3.61
 MEAN P   0.22  0.23  0.22  0.25  0.24  0.29  0.31  0.33  0.30  0.30  0.28  0.24
 S DEV P  0.25  0.29  0.23  0.29  0.27  0.34  0.39  0.40  0.41  0.39  0.37  0.32
 SQEW  P  2.35  2.99  2.15  2.72  2.12  2.27  2.53  2.35  3.64  3.22  3.33  3.34
 P(W/W)   0.44  0.46  0.51  0.53  0.56  0.52  0.50  0.48  0.48  0.54  0.55  0.50
 P(W/D)   0.33  0.27  0.28  0.30  0.31  0.35  0.34  0.34  0.31  0.29  0.36  0.35
 TMAX AV 22.13 25.38 35.09 46.82 61.22 71.36 76.63 74.65 66.00 53.99 39.80 26.18
 TMIN AV  2.10  2.89 12.48 26.82 38.25 48.80 54.21 52.63 44.16 34.63 25.01  9.07
 SD TMAX 11.44 10.82  9.95  9.46 10.93  9.03  7.25  7.19  8.73  9.68  9.21 10.93
 SD TMIN 13.81 13.46 12.28  7.85  7.35  6.40  5.57  6.14  7.55  7.43  8.74 12.48
 SOL.RAD  126.  223.  318.  395.  466.  483.  506.  451.  324.  222.  119.  102.
 SD SOL   31.0  32.4  50.7  78.8  95.9 108.0  90.6 155.9  85.1  44.7  39.9  29.6
 MX .5 P  0.23  0.15  0.18  0.26  0.48  0.58  0.77  1.04  0.45  0.26  0.23  0.18
 DEW PT   9.60  9.58 16.02 27.49 36.32 46.80 52.90 52.63 45.73 35.80 26.29 13.78
Time Pk  0.798 0.858 0.880 0.902 0.909 0.912 0.922 0.930 0.938 0.949 0.968 1.000
% N       6.12  6.02  7.00  6.83  5.71  4.61  3.62  3.80  3.44  4.60  5.55  4.26
MEAN      4.31  4.66  4.30  4.35  4.20  4.09  3.79  3.78  3.74  3.91  3.85  4.04
STD DEV   1.98  2.23  1.93  1.90  1.88  1.86  1.67  1.68  1.59  1.74  1.83  1.95
SKEW      0.50  0.80  0.73  0.64  0.70  0.62  0.58  0.56  0.64  0.70  0.99  0.90
% NNE     3.54  3.50  4.99  4.11  3.45  2.42  1.72  2.33  1.89  3.05  3.88  2.94
MEAN      3.91  4.43  4.18  4.33  4.26  3.93  3.72  3.65  3.55  3.81  3.66  4.11
STD DEV   1.77  2.04  1.62  1.61  1.70  1.63  1.45  1.43  1.52  1.64  1.44  1.93
SKEW      0.97  0.68  0.63  0.26  0.52  0.72  0.97  0.25  0.50  1.22  0.54  1.18
% NE      4.17  4.02  4.72  3.85  3.22  3.04  1.56  2.17  1.99  2.85  3.53  3.22
MEAN      3.60  3.66  3.91  3.74  3.57  3.46  3.08  3.17  3.08  3.29  3.37  3.34
STD DEV   1.41  1.66  1.49  1.55  1.39  1.37  1.15  1.26  1.23  1.25  1.34  1.36
SKEW      0.43  1.01  0.47  0.79  0.51  0.91  0.63  0.71  0.67  0.49  0.93  0.71
% ENE     2.22  2.56  3.63  2.42  2.32  2.18  1.08  1.79  1.44  2.17  2.28  1.71
MEAN      3.85  3.70  4.19  3.57  3.36  3.42  3.06  3.25  3.15  3.39  3.35  3.66
STD DEV   1.69  1.58  1.76  1.45  1.29  1.31  1.09  1.29  1.22  1.30  1.49  1.68
SKEW      0.49  0.94  0.54  0.79  0.62  0.66  0.56  0.70  0.85  0.53  0.89  0.58
% E       1.55  2.05  3.00  2.47  2.80  2.61  1.31  1.45  1.40  1.80  2.02  1.44
MEAN      2.56  2.81  3.40  3.06  3.19  3.05  2.61  2.82  2.70  2.95  3.00  2.93
STD DEV   1.12  1.24  1.41  1.12  1.19  1.16  0.90  1.25  0.99  1.13  1.30  1.16
SKEW      0.89  1.07  0.87  0.57  0.53  0.59  0.91  1.03  0.57  0.60  0.93  0.53
% ESE     1.52  1.83  2.61  2.58  3.20  2.73  1.74  1.46  1.51  2.02  2.05  1.85
MEAN      2.79  3.25  3.52  3.37  3.40  3.07  2.95  2.80  2.80  3.19  3.43  3.10
STD DEV   1.20  1.57  1.54  1.40  1.42  1.20  1.10  1.05  1.05  1.30  2.01  1.48
SKEW      0.67  1.35  0.55  0.71  1.25  0.68  0.54  0.81  0.64  0.77  1.94  0.87
% SE      1.85  2.37  2.82  3.59  4.58  4.95  3.87  2.71  3.23  3.76  2.94  3.04
MEAN      2.83  3.03  3.24  3.28  3.18  2.99  2.82  2.86  2.85  3.18  2.99  3.33
STD DEV   1.27  1.31  1.38  1.32  1.22  1.15  1.10  1.11  1.07  1.30  1.08  1.65
SKEW      0.81  0.81  0.48  0.66  0.66  0.67  0.77  0.86  0.62  0.65  0.58  1.29
% SSE     3.05  3.12  3.47  4.93  5.23  5.81  5.48  4.68  5.66  5.10  4.40  4.12
MEAN      3.49  3.65  3.95  3.96  3.82  3.44  3.36  3.26  3.52  3.49  3.61  3.65
STD DEV   1.47  1.73  1.51  1.65  1.50  1.37  1.37  1.22  1.42  1.30  1.55  1.56
SKEW      0.81  1.19  0.37  0.65  0.61  0.79  0.51  0.66  0.72  0.53  0.99  1.00
% S       3.82  3.45  3.23  5.92  7.18  8.92  8.12  7.88  8.40  6.45  5.91  5.14
MEAN      3.64  3.49  3.59  3.78  3.70  3.56  3.34  3.35  3.64  3.54  3.66  3.48
STD DEV   1.49  1.57  1.46  1.54  1.57  1.42  1.32  1.40  1.49  1.44  1.58  1.33
SKEW      0.49  0.82  0.50  0.57  0.67  0.55  0.59  0.74  0.58  0.59  0.88  0.58
% SSW     4.12  2.90  2.68  4.02  5.01  6.98  7.61  6.66  7.75  5.46  4.14  3.81
MEAN      4.02  4.28  3.74  4.02  4.06  4.09  3.92  3.73  3.94  3.95  4.11  3.79
STD DEV   1.75  2.03  1.50  1.64  1.75  1.63  1.51  1.54  1.65  1.52  1.71  1.49
SKEW      1.19  0.59  0.41  0.55  0.74  0.42  0.46  0.63  0.68  0.54  0.73  0.59
% SW      2.45  2.11  2.28  2.67  4.03  4.89  5.90  5.07  5.06  4.53  3.53  3.16
MEAN      3.64  3.82  3.80  3.66  3.93  3.84  3.51  3.51  3.73  3.62  3.60  3.83
STD DEV   1.56  1.85  1.82  1.63  1.61  1.62  1.47  1.45  1.43  1.41  1.46  1.57
SKEW      0.74  0.99  0.95  0.72  0.55  0.60  0.73  0.74  0.43  0.56  0.59  0.67
% WSW     2.52  2.99  2.68  3.58  3.84  3.94  5.10  4.59  4.34  3.78  3.24  3.19
MEAN      4.32  4.16  4.62  4.28  4.37  4.11  3.82  3.79  4.14  4.09  4.13  4.35
STD DEV   1.86  1.87  2.10  1.79  1.82  1.66  1.57  1.49  1.75  1.79  1.67  1.86
SKEW      0.72  0.91  0.57  0.56  0.71  0.64  0.51  0.50  0.76  0.74  0.52  0.49
% W       6.90  7.18  5.97  6.40  6.05  6.18  7.60  5.87  6.22  5.68  6.88  6.85
MEAN      5.02  4.75  5.05  4.46  4.51  4.19  4.03  3.83  4.11  4.35  4.51  4.86
STD DEV   2.34  2.28  2.15  1.93  1.84  1.74  1.63  1.53  1.58  1.72  1.81  2.13
SKEW      0.70  0.85  0.46  0.59  0.51  0.65  0.59  0.53  0.60  0.48  0.69  0.65
% WNW    19.42 18.53 17.04 12.77  9.28  8.38 10.04 10.26 10.67 11.87 15.09 17.81
MEAN      5.62  5.71  5.80  5.22  4.99  4.82  4.48  4.44  4.70  4.96  5.17  5.25
STD DEV   2.45  2.41  2.38  2.05  2.01  1.98  1.72  1.78  1.88  1.95  1.95  2.17
SKEW      0.79  0.62  0.60  0.25  0.38  0.59  0.46  0.66  0.69  0.42  0.48  0.76
% NW      9.71  9.88  9.88  8.33  7.76  6.14  6.01  6.53  6.89  8.14  9.02  9.34
MEAN      4.81  5.16  4.98  4.61  4.55  4.36  3.90  3.89  4.12  4.52  4.34  4.86
STD DEV   2.32  2.54  2.28  2.11  2.14  2.00  1.70  1.67  1.76  2.08  1.92  2.30
SKEW      0.87  0.78  0.63  0.58  0.84  0.71  0.58  0.70  0.71  0.71  0.66  0.85
% NNW     7.24  6.61  7.61  6.75  6.97  4.63  4.64  5.24  4.78  6.15  5.06  5.47
MEAN      4.94  5.27  4.93  4.89  4.88  4.69  4.31  3.95  3.98  4.62  4.34  4.64
STD DEV   2.32  2.74  2.19  2.17  2.24  2.00  1.88  1.73  1.79  2.08  1.98  2.20
SKEW      0.85  0.85  0.76  0.43  0.71  0.46  0.58  0.55  0.80  0.42  0.75  1.04
CALM     19.74 20.94 16.39 18.81 19.37 21.54 24.62 27.49 25.39 22.60 20.50 22.68
MILLINOCKET   ME    0.660  PRESQUE ISLE  ME    0.246  MONTPELIER/ED VT    0.094
 RUMFORD 3 SW ME                         177325 0
 LATT=  44.52 LONG= -70.57 YEARS= 44. TYPE= 3
 ELEVATION =  670. TP5 = 1.70 TP6= 4.10
 MEAN P   0.31  0.33  0.35  0.32  0.30  0.32  0.31  0.35  0.34  0.35  0.41  0.37
 S DEV P  0.39  0.41  0.44  0.39  0.39  0.42  0.37  0.47  0.48  0.48  0.55  0.50
 SQEW  P  2.70  2.14  3.31  2.53  2.44  3.27  2.09  2.81  3.30  2.57  2.67  2.91
 P(W/W)   0.39  0.38  0.43  0.52  0.53  0.49  0.45  0.45  0.44  0.50  0.49  0.41
 P(W/D)   0.25  0.24  0.25  0.30  0.31  0.36  0.31  0.30  0.28  0.29  0.32  0.28
 TMAX AV 27.42 30.79 39.24 52.19 65.67 74.28 79.39 77.02 68.50 57.54 43.45 30.69
 TMIN AV  7.06  8.62 19.14 30.92 41.11 50.23 55.42 53.68 45.42 35.91 27.40 13.10
 SD TMAX 10.29 10.07  9.76 10.75 10.88  9.03  7.00  7.55  8.82  9.69  9.49  9.85
 SD TMIN 12.90 12.57 10.81  6.83  7.70  6.96  6.24  6.95  8.09  8.06  8.47 11.95
 SOL.RAD  131.  225.  292.  409.  478.  513.  522.  468.  327.  250.  140.  111.
 SD SOL   34.1  36.0  63.2  77.0  93.3  98.8  86.4 150.3  86.9  39.9  37.5  31.2
 MX .5 P  0.36  0.20  0.23  0.30  0.38  0.72  0.69  0.76  0.37  0.51  0.29  0.25
 DEW PT   7.69  8.63 12.30 24.36 33.48 44.54 49.33 49.42 41.42 32.51 22.01 11.25
Time Pk  0.794 0.860 0.878 0.905 0.920 0.928 0.931 0.935 0.944 0.953 0.966 1.000
% N       8.52  7.34  6.36  7.28  5.40  3.83  3.75  4.96  4.13  5.39  6.62  6.94
MEAN      4.24  4.39  4.36  4.27  4.17  3.70  3.62  3.52  3.43  3.81  3.90  4.17
STD DEV   2.34  2.40  2.18  2.03  2.17  1.77  1.73  1.63  1.48  1.95  1.88  2.27
SKEW      0.87  0.85  0.64  0.59  0.82  0.61  0.65  0.71  0.54  1.04  0.51  0.78
% NNE    10.16 10.22  8.71  7.21  6.21  4.64  2.92  4.83  4.34  6.83  7.10  7.23
MEAN      4.43  4.37  4.53  4.36  4.34  3.91  3.11  3.75  3.64  3.89  3.78  4.07
STD DEV   2.14  2.17  2.10  1.98  2.11  1.73  1.30  1.66  1.72  1.81  1.67  1.96
SKEW      0.67  1.10  0.67  0.51  0.60  0.42  0.45  0.44  0.81  0.64  0.59  0.83
% NE      5.95  7.10  6.38  4.54  5.32  3.42  2.21  3.88  3.91  4.73  5.22  3.60
MEAN      3.65  3.94  4.28  3.70  3.94  3.59  2.96  3.30  3.56  3.69  3.52  3.52
STD DEV   1.85  2.00  1.84  1.62  1.72  1.53  1.28  1.41  1.74  1.57  1.71  1.77
SKEW      0.69  1.53  0.49  0.53  0.53  0.74  0.42  0.47  0.78  0.60  0.95  0.85
% ENE     2.28  3.32  3.69  2.74  3.10  2.20  1.42  2.16  1.80  2.27  2.61  2.06
MEAN      3.08  3.48  4.17  3.54  3.46  3.69  3.10  3.28  3.52  3.52  3.74  3.51
STD DEV   1.56  1.53  1.73  1.58  1.49  1.52  1.20  1.13  1.46  1.50  1.81  1.78
SKEW      0.74  0.82  0.30  0.78  0.59  0.39  0.50  0.21  0.58  0.58  0.60  0.62
% E       1.13  1.31  1.84  1.27  2.09  1.59  0.90  1.54  1.15  1.08  1.74  1.43
MEAN      2.34  2.65  3.68  2.69  2.75  2.83  2.67  2.64  3.05  2.88  3.38  3.45
STD DEV   0.94  1.05  1.66  1.11  1.13  1.24  1.02  1.04  1.29  1.12  1.93  2.04
SKEW      0.68  0.45  0.41  0.41  0.32  0.91  0.22  0.09  0.69  0.39  1.12  0.80
% ESE     1.02  1.27  1.93  2.44  2.99  1.75  1.26  1.31  1.22  1.47  1.58  1.35
MEAN      3.05  3.16  4.38  4.09  3.27  2.85  2.78  2.77  2.62  3.17  3.58  3.48
STD DEV   1.66  1.67  2.33  2.14  1.48  1.12  1.30  1.33  1.11  1.55  2.94  1.78
SKEW      0.66  1.29  0.59  0.86  0.91  0.66  0.79  1.01  0.26  0.69  2.07  0.84
% SE      1.49  1.79  2.26  2.53  3.69  2.78  1.99  2.04  1.96  2.56  2.10  1.48
MEAN      2.68  2.73  3.77  3.38  3.10  3.09  2.83  2.68  2.67  3.33  2.97  3.36
STD DEV   1.48  1.27  1.77  1.65  1.44  1.26  1.34  1.24  1.20  1.81  1.35  1.61
SKEW      1.62  0.89  0.42  0.69  0.81  0.70  0.88  1.31  0.86  0.86  0.64  1.00
% SSE     4.06  4.21  5.75  5.64  6.69  6.38  6.16  4.88  5.70  5.37  5.09  4.23
MEAN      4.19  3.83  4.58  4.25  3.98  3.70  3.62  3.59  3.88  3.71  4.02  4.28
STD DEV   2.35  1.90  2.17  2.16  1.86  1.55  1.66  1.63  1.83  1.82  2.01  2.46
SKEW      0.93  1.02  0.53  0.83  0.65  0.29  0.57  0.72  0.73  0.96  0.73  1.21
% S       5.54  5.82  5.54  7.72  9.82 12.08 11.21 10.73 10.43  9.18  7.50  6.09
MEAN      3.90  3.97  4.21  4.13  3.99  3.85  3.68  3.69  4.04  3.78  3.95  3.97
STD DEV   2.18  2.02  1.89  1.92  1.75  1.70  1.61  1.75  1.80  1.73  1.96  1.92
SKEW      1.27  1.16  0.52  0.43  0.49  0.32  0.54  0.83  0.61  0.54  0.87  0.83
% SSW     6.25  5.04  4.91  7.49  9.41 13.21 12.60  9.59 12.16 10.07  8.14  7.40
MEAN      4.41  4.00  4.43  4.64  4.45  4.33  4.09  4.06  4.58  4.32  4.66  4.70
STD DEV   2.10  1.74  1.77  2.01  2.02  1.76  1.65  1.73  1.97  1.86  2.26  2.08
SKEW      0.77  0.64  0.59  0.48  0.66  0.37  0.29  0.55  0.52  0.49  0.79  0.69
% SW      4.44  3.92  3.56  5.54  5.74  7.70  9.01  8.00  8.53  7.51  6.13  6.67
MEAN      3.97  3.73  4.05  4.35  3.87  3.76  3.80  3.73  3.93  4.03  4.18  4.22
STD DEV   2.01  1.78  1.97  2.15  1.93  1.69  1.77  1.68  1.79  1.87  2.03  2.15
SKEW      0.69  0.76  0.69  0.78  0.72  0.44  0.67  0.58  0.65  0.62  0.66  0.90
% WSW     3.64  3.00  3.27  4.61  4.00  5.37  6.02  4.90  5.06  4.57  4.26  5.08
MEAN      4.79  4.29  4.67  4.60  4.38  4.11  3.99  3.84  4.02  4.37  4.48  4.73
STD DEV   2.47  1.91  2.12  2.17  2.13  1.76  1.83  1.70  1.84  2.06  2.11  2.22
SKEW      0.69  0.05  0.45  0.57  0.54  0.53  0.67  0.64  0.52  0.55  0.54  0.51
% W       4.65  4.17  4.83  5.03  4.54  4.13  5.89  6.14  5.16  4.18  5.15  5.32
MEAN      5.18  4.59  4.80  4.40  4.12  3.89  3.81  3.88  3.98  4.00  3.98  4.70
STD DEV   2.90  2.19  2.33  2.02  2.09  1.78  1.69  1.86  1.67  1.86  1.97  2.39
SKEW      0.54  0.34  0.35  0.43  0.59  0.62  0.57  0.88  0.45  0.57  0.77  0.57
% WNW     9.23 10.96 11.46  9.79  6.64  7.62  9.22  8.94  8.84  8.60  8.45 10.36
MEAN      6.36  6.76  6.37  5.66  5.11  5.31  4.56  4.71  4.97  5.45  5.45  6.02
STD DEV   3.03  3.26  3.12  2.67  2.61  2.44  2.07  2.17  2.23  2.44  2.50  2.78
SKEW      0.58  0.49  0.82  0.61  0.84  0.45  0.65  0.75  0.56  0.47  0.51  0.35
% NW      9.57 10.32 12.54  8.35  7.07  5.83  8.61  8.43  7.95  8.44  8.68 11.08
MEAN      6.27  6.56  6.30  5.61  5.48  5.35  4.86  4.55  4.98  5.50  5.03  5.66
STD DEV   3.15  3.10  2.88  2.69  2.79  2.55  2.20  2.13  2.39  2.58  2.62  2.76
SKEW      0.51  0.24  0.47  0.51  0.84  0.51  0.45  0.71  0.69  0.49  0.86  0.49
% NNW     9.39  8.97  9.07  8.52  7.26  6.11  6.32  5.99  5.85  6.81  7.70  7.89
MEAN      5.63  6.12  5.52  5.47  5.43  5.26  4.71  4.40  4.80  5.23  4.88  5.14
STD DEV   2.82  2.98  2.59  2.65  2.52  2.50  2.08  2.00  2.27  2.58  2.44  2.54
SKEW      0.59  0.44  0.52  0.60  0.46  0.47  0.57  0.62  0.64  0.62  0.73  0.81
CALM     12.61 11.16  7.99  9.45 10.02 11.34 10.49 11.89 11.78 11.03 11.88 11.94
AUGUSTA/STATE ME    0.537  BANGOR/INT    ME    0.247  MONTPELIER/ED VT    0.216
 SQUA PAN DAM ME                         178398 0
 LATT=  46.55 LONG= -68.33 YEARS= 44. TYPE= 3
 ELEVATION =  610. TP5 = 1.33 TP6= 3.40
 MEAN P   0.22  0.22  0.23  0.25  0.25  0.28  0.31  0.32  0.31  0.32  0.30  0.26
 S DEV P  0.23  0.24  0.25  0.26  0.28  0.34  0.38  0.41  0.42  0.58  0.33  0.34
 SQEW  P  1.82  2.14  1.96  2.05  2.29  2.99  2.86  2.52  3.71 10.41  2.23  3.38
 P(W/W)   0.42  0.44  0.45  0.50  0.56  0.49  0.45  0.49  0.44  0.48  0.51  0.48
 P(W/D)   0.32  0.29  0.27  0.27  0.28  0.32  0.35  0.34  0.31  0.30  0.32  0.32
 TMAX AV 21.18 24.97 35.63 47.22 62.58 72.42 77.41 74.78 65.51 52.95 39.10 25.27
 TMIN AV -1.79 -1.28 10.10 24.32 35.44 45.47 50.15 47.62 39.06 30.88 21.37  5.13
 SD TMAX 11.34 10.71  9.88  9.55 11.26  9.32  7.46  7.33  8.65  9.60  9.36 10.98
 SD TMIN 16.93 16.87 14.81  8.80  8.36  8.18  7.38  8.60  9.31  8.52 10.71 15.10
 SOL.RAD  132.  230.  355.  401.  475.  472.  507.  449.  333.  214.  113.  106.
 SD SOL   25.6  26.4  35.3  74.5  91.5 110.3  88.9 152.3  79.8  43.7  38.1  24.8
 MX .5 P  0.27  0.15  0.16  0.25  0.47  0.52  0.85  1.16  0.46  0.24  0.24  0.19
 DEW PT   8.40  7.29 15.78 28.01 37.46 48.70 54.81 53.61 46.73 36.17 26.98 13.06
Time Pk  0.796 0.864 0.886 0.908 0.913 0.917 0.924 0.932 0.939 0.953 0.972 1.000
% N       7.63  7.07  8.36  8.13  7.09  6.19  4.28  4.71  3.91  5.65  5.98  5.76
MEAN      4.75  5.00  4.54  4.49  4.52  4.45  4.23  4.20  4.32  4.19  4.46  4.39
STD DEV   2.24  2.50  2.04  1.90  1.98  1.91  1.85  1.76  1.90  1.86  2.39  2.30
SKEW      0.71  0.69  0.66  0.74  0.65  0.72  0.72  0.71  0.78  0.67  1.51  1.43
% NNE     3.29  3.78  5.90  4.52  4.06  3.02  1.64  2.22  1.71  3.03  3.81  2.41
MEAN      4.03  4.70  4.31  4.47  4.43  4.10  3.48  3.58  3.58  3.92  3.93  4.43
STD DEV   2.11  2.69  2.00  1.83  1.93  1.83  1.75  1.49  1.65  1.86  1.62  2.36
SKEW      1.53  1.15  0.84  0.35  0.64  0.95  1.47  0.88  0.91  1.47  0.60  1.31
% NE      3.51  3.20  4.66  3.66  3.19  3.25  1.64  1.92  1.41  2.45  2.96  3.02
MEAN      4.07  3.62  4.07  3.83  3.71  3.49  3.15  3.21  3.18  3.30  3.72  3.87
STD DEV   2.08  2.06  1.95  1.77  1.66  1.53  1.35  1.32  1.53  1.39  1.59  1.99
SKEW      0.73  1.20  0.77  0.94  1.03  1.09  1.19  0.58  1.52  0.70  0.76  0.92
% ENE     2.08  1.96  2.74  1.64  1.86  1.80  0.77  1.28  0.96  1.29  1.43  1.25
MEAN      4.41  3.75  4.26  3.82  3.68  3.63  2.95  3.29  2.79  3.61  3.35  4.50
STD DEV   2.04  2.06  2.25  1.89  1.74  1.67  1.17  1.71  1.11  1.76  1.48  2.69
SKEW      0.42  1.13  0.73  0.92  0.81  1.13  1.22  1.21  1.03  0.75  0.82  0.75
% E       2.04  2.76  2.99  2.33  2.82  2.55  1.21  1.29  1.30  1.79  2.26  1.94
MEAN      2.99  3.10  3.51  3.21  3.50  3.42  2.79  3.11  2.83  3.07  3.39  3.46
STD DEV   1.43  1.60  1.73  1.33  1.43  1.52  1.01  1.59  1.19  1.37  1.62  1.78
SKEW      1.02  1.19  0.89  0.90  0.71  1.01  1.47  1.70  0.88  1.27  1.36  0.98
% ESE     1.65  2.09  2.70  2.63  3.03  2.66  1.64  1.38  1.61  1.88  1.88  1.92
MEAN      3.41  3.43  3.53  3.73  4.00  3.46  3.16  3.19  3.31  3.75  3.72  3.44
STD DEV   1.66  1.73  1.69  1.62  1.70  1.42  1.21  1.39  1.36  1.70  1.82  1.76
SKEW      0.97  1.15  1.05  0.83  0.82  0.96  0.66  1.43  0.51  1.14  0.95  1.13
% SE      2.75  4.54  4.61  6.15  6.57  6.86  4.91  3.82  4.65  5.73  5.14  4.70
MEAN      3.72  3.71  3.74  4.21  3.99  3.83  3.55  3.62  3.58  3.95  3.77  4.08
STD DEV   1.92  1.81  1.65  1.86  1.68  1.54  1.50  1.67  1.46  1.81  1.63  2.10
SKEW      1.09  0.99  1.09  0.61  0.84  0.72  0.89  1.21  0.78  0.90  0.95  1.31
% SSE     4.35  3.96  4.92  6.82  6.69  8.60  7.70  6.40  7.58  6.97  6.45  6.53
MEAN      4.52  4.39  4.59  5.14  4.75  4.27  4.05  3.84  4.20  4.26  4.68  4.54
STD DEV   2.18  2.03  1.98  2.28  2.07  1.74  1.72  1.68  1.83  1.81  1.96  2.07
SKEW      0.84  1.08  0.79  0.55  0.61  0.60  0.74  1.04  0.75  0.85  0.54  0.69
% S       5.75  4.58  3.54  6.52  7.00  9.52  9.98  9.47 11.14  8.94  7.60  7.65
MEAN      4.44  4.19  4.22  4.66  4.44  4.32  3.86  3.92  4.49  4.21  4.29  4.26
STD DEV   2.07  2.04  2.09  2.17  2.24  1.94  1.70  1.90  2.25  2.03  2.03  1.99
SKEW      0.67  0.85  0.91  0.71  0.89  0.59  0.91  1.08  0.98  0.91  0.89  0.89
% SSW     3.64  3.15  1.97  3.27  3.76  5.71  7.57  6.99  7.49  5.54  3.75  3.55
MEAN      4.43  4.79  4.03  4.44  4.51  4.70  4.36  4.23  4.60  4.40  4.49  3.93
STD DEV   2.25  2.77  2.10  2.10  2.26  2.16  1.99  2.04  2.21  2.01  2.13  1.78
SKEW      1.21  0.86  0.91  0.88  0.95  0.69  0.70  0.92  0.82  0.84  0.80  0.63
% SW      3.46  3.48  3.44  3.48  5.49  5.59  7.99  7.28  7.74  6.35  5.87  4.72
MEAN      3.94  4.08  4.48  3.99  4.42  4.09  3.93  3.95  4.30  3.96  4.16  3.91
STD DEV   1.94  2.13  2.43  1.98  2.08  2.05  1.74  1.88  1.96  1.83  2.04  1.95
SKEW      1.47  1.22  0.95  1.00  0.68  0.97  0.89  0.88  0.87  1.19  1.32  1.02
% WSW     5.34  5.56  3.97  4.13  4.90  5.46  7.93  7.16  7.20  6.57  6.38  6.44
MEAN      5.14  5.18  5.30  5.01  5.38  4.75  4.58  4.41  4.68  4.75  4.89  5.18
STD DEV   2.58  2.86  2.78  2.36  2.57  2.20  2.00  1.96  2.14  2.12  2.37  2.64
SKEW      0.96  1.03  0.60  0.85  0.62  0.86  0.71  0.76  0.72  0.69  0.62  0.62
% W      10.14  9.14  7.11  6.64  6.80  5.59  8.33  7.09  7.81  8.12 10.83  9.16
MEAN      5.63  5.79  5.83  5.48  5.21  4.67  4.75  4.50  4.72  5.21  5.10  5.40
STD DEV   2.84  3.17  2.77  2.61  2.27  2.21  2.16  2.09  2.08  2.29  2.37  2.73
SKEW      1.02  1.10  0.72  0.85  0.54  0.89  0.75  0.83  0.80  0.62  0.91  0.95
% WNW     7.84  8.72  8.73  7.27  6.02  4.70  5.83  6.65  6.12  6.80  8.25  7.54
MEAN      6.11  6.24  6.78  6.49  5.82  5.55  5.36  5.09  5.54  5.56  5.68  5.47
STD DEV   2.78  2.80  2.91  2.84  2.48  2.40  2.33  2.27  2.48  2.39  2.47  2.47
SKEW      0.80  0.66  0.64  0.44  0.33  0.59  0.71  1.05  0.93  0.54  0.75  0.76
% NW     13.31 12.41 12.64 12.13  9.17  8.08  7.25  8.21  8.66  9.45 10.85 11.27
MEAN      6.08  6.40  6.59  6.17  5.95  5.42  5.01  4.83  5.42  5.87  5.46  6.09
STD DEV   2.64  2.86  2.68  2.66  2.64  2.42  2.11  2.04  2.32  2.52  2.40  2.79
SKEW      0.55  0.52  0.39  0.39  0.60  0.78  0.54  0.67  0.64  0.71  0.74  0.52
% NNW     9.31  8.09  8.75  8.20  8.92  6.03  5.10  5.54  5.45  6.84  4.70  7.26
MEAN      5.99  6.21  5.67  5.91  5.92  5.69  5.18  5.02  5.12  5.61  5.23  5.70
STD DEV   2.65  3.01  2.47  2.58  2.50  2.44  2.27  2.22  2.35  2.46  2.50  2.86
SKEW      0.63  0.53  0.44  0.43  0.28  0.39  0.76  0.76  1.00  0.42  0.67  1.34
CALM     13.85 15.51 12.95 12.54 12.58 14.48 16.23 18.65 15.28 12.57 11.91 14.92
PRESQUE ISLE  ME    0.597  CARIBOU/MUN   ME    0.366  MONTPELIER/ED VT    0.037
