 CONCORD WB AIRPORT NH                   271683 0
 LATT=  43.20 LONG= -71.50 YEARS= 71. TYPE= 4
 ELEVATION =  340. TP5 = 1.95 TP6= 4.30
 MEAN P   0.26  0.26  0.28  0.28  0.27  0.30  0.33  0.32  0.35  0.33  0.34  0.28
 S DEV P  0.30  0.31  0.34  0.34  0.34  0.40  0.42  0.48  0.53  0.44  0.44  0.36
 SQEW  P  1.94  2.22  2.22  2.68  2.65  2.86  2.09  3.43  4.07  2.64  2.69  2.10
 P(W/W)   0.40  0.42  0.45  0.47  0.48  0.47  0.40  0.41  0.40  0.42  0.47  0.45
 P(W/D)   0.31  0.29  0.29  0.31  0.30  0.30  0.29  0.28  0.26  0.22  0.31  0.29
 TMAX AV 31.07 33.47 42.67 55.96 68.64 77.29 82.25 79.83 71.92 61.08 47.50 34.63
 TMIN AV 13.97 14.75 23.04 32.35 42.28 51.86 57.07 54.95 46.91 36.15 28.16 17.03
 SD TMAX 10.29  9.73 10.39 11.25 10.53  9.06  6.96  7.60  8.70  9.90 10.20 10.22
 SD TMIN  9.64  9.60  9.52  7.83  8.27  7.69  6.99  7.70  9.44  9.50  9.69 10.26
 SOL.RAD  122.  223.  243.  402.  453.  489.  503.  450.  354.  258.  173.  128.
 SD SOL   36.8  36.6  74.1  73.1  92.1  96.3  83.9 128.6  73.5  36.9  27.4  26.6
 MX .5 P  0.18  0.18  0.29  0.40  0.42  0.98  0.71  1.16  0.47  0.32  0.30  0.34
 DEW PT  14.00 14.00 22.00 32.00 43.00 53.00 59.00 58.00 51.00 39.00 30.00 18.00
Time Pk  0.755 0.817 0.844 0.872 0.881 0.889 0.903 0.912 0.922 0.943 0.961 1.000
% N       4.53  4.83  4.43  4.61  4.12  3.27  3.67  4.23  4.06  4.01  3.66  4.53
MEAN      3.33  3.16  3.59  3.64  3.61  3.27  3.10  3.03  3.00  3.04  2.90  2.93
STD DEV   1.73  1.67  1.88  1.90  2.02  1.58  1.54  1.46  1.54  1.60  1.36  1.30
SKEW      0.90  0.89  0.74  0.91  0.82  0.92  0.96  0.93  0.98  1.02  0.86  0.86
% NNE     2.90  3.13  2.86  3.07  2.55  1.93  1.95  2.17  2.47  3.43  2.67  2.83
MEAN      3.41  3.31  3.44  3.15  2.98  2.59  2.41  2.45  2.83  2.94  2.86  3.34
STD DEV   1.73  1.79  1.77  1.54  1.47  1.05  1.05  1.05  1.35  1.43  1.43  1.54
SKEW      0.79  0.95  0.66  0.85  1.00  0.46  0.71  0.68  0.93  0.60  1.26  0.80
% NE      3.46  4.15  4.75  4.49  4.29  3.35  2.84  3.43  3.63  4.30  3.41  3.41
MEAN      3.17  3.40  3.66  3.35  2.93  2.74  2.23  2.37  2.56  2.91  2.68  3.02
STD DEV   1.69  1.98  1.84  1.84  1.53  1.30  0.94  1.09  1.32  1.44  1.27  1.44
SKEW      0.88  1.49  0.72  1.05  1.15  0.94  0.70  0.94  0.80  0.57  0.94  0.52
% ENE     2.04  2.27  3.31  3.44  3.42  2.75  2.02  2.16  2.47  3.00  2.74  1.97
MEAN      3.81  2.89  4.01  3.44  3.14  2.92  2.25  2.55  2.44  3.29  3.21  2.92
STD DEV   2.24  1.56  1.98  1.79  1.55  1.48  1.00  1.27  1.20  1.77  1.78  1.63
SKEW      0.52  0.64  0.49  0.69  0.80  0.87  0.59  0.66  0.78  0.70  0.84  0.74
% E       1.97  2.64  4.04  4.19  4.74  3.59  3.09  3.18  3.60  3.21  3.66  1.96
MEAN      2.79  3.10  3.66  3.58  3.40  2.92  2.58  2.50  2.58  2.97  3.01  2.50
STD DEV   1.71  1.79  2.00  1.92  1.60  1.48  1.35  1.16  1.27  1.92  1.68  1.36
SKEW      1.38  1.01  0.58  0.83  0.74  1.13  1.10  0.84  1.12  1.50  0.95  1.56
% ESE     1.47  1.92  2.74  3.37  4.50  3.83  3.00  2.63  2.83  2.93  2.06  1.68
MEAN      2.68  3.33  3.84  3.83  3.61  3.16  2.80  2.78  2.69  2.85  2.82  3.38
STD DEV   1.21  1.56  1.69  1.73  1.68  1.47  1.35  1.23  1.28  1.26  1.38  2.47
SKEW      0.80  0.52  0.35  0.49  0.72  0.62  0.90  0.49  0.78  0.58  0.92  1.71
% SE      2.96  3.69  4.40  6.46  7.46  7.61  6.48  5.91  6.04  5.59  4.41  3.55
MEAN      2.71  2.88  3.52  3.41  3.28  3.08  2.82  2.73  2.70  2.94  2.80  2.90
STD DEV   1.27  1.35  1.72  1.50  1.48  1.40  1.21  1.18  1.08  1.40  1.15  1.50
SKEW      0.98  0.76  0.69  0.50  0.83  0.72  0.87  0.88  0.66  1.02  0.57  1.30
% SSE     3.27  3.66  3.69  5.22  6.27  6.89  6.40  5.85  6.26  5.26  4.89  3.94
MEAN      3.04  3.27  3.43  3.65  3.41  3.21  3.08  3.02  3.14  3.16  3.15  3.16
STD DEV   1.32  1.38  1.41  1.58  1.45  1.36  1.22  1.30  1.28  1.34  1.20  1.35
SKEW      0.63  0.82  0.74  0.60  0.82  0.93  0.50  0.82  0.58  0.81  0.50  0.71
% S       3.63  3.44  3.46  4.43  5.80  8.24  7.73  6.95  6.78  6.07  5.44  4.16
MEAN      2.89  3.24  3.40  3.33  3.54  3.42  3.19  2.98  3.17  3.07  3.14  2.90
STD DEV   1.46  1.55  1.64  1.48  1.66  1.51  1.43  1.29  1.48  1.41  1.48  1.25
SKEW      1.71  1.21  0.78  0.70  0.76  0.83  1.04  0.82  0.88  1.09  1.23  0.92
% SSW     2.14  1.67  1.65  2.86  3.40  5.22  4.55  3.92  3.74  2.57  3.00  2.88
MEAN      3.00  3.15  3.19  3.30  3.63  3.58  3.20  3.00  3.23  3.14  2.98  2.80
STD DEV   1.35  1.57  1.52  1.46  1.83  1.56  1.40  1.23  1.48  1.39  1.47  1.22
SKEW      0.64  1.08  0.95  0.74  0.98  0.71  0.75  0.76  0.88  0.93  1.25  0.54
% SW      2.75  2.45  2.40  3.51  4.53  5.84  5.99  4.79  4.50  3.41  3.61  3.48
MEAN      3.16  3.00  3.31  3.49  3.36  3.36  3.09  3.05  3.01  3.01  2.97  2.99
STD DEV   1.76  1.31  1.62  1.56  1.61  1.54  1.45  1.37  1.43  1.39  1.36  1.41
SKEW      1.40  0.76  0.95  0.73  0.89  0.64  0.90  0.86  1.12  0.98  0.90  0.93
% WSW     3.18  2.67  2.93  3.12  3.38  3.83  4.25  3.13  3.11  3.12  3.60  3.48
MEAN      3.79  4.09  4.02  4.01  3.83  3.53  3.24  3.35  3.12  3.19  3.41  3.40
STD DEV   1.88  2.13  1.89  1.81  1.77  1.49  1.45  1.43  1.45  1.38  1.53  1.49
SKEW      0.82  1.04  0.72  0.70  0.75  0.67  0.67  0.87  0.78  0.86  0.88  0.78
% W       5.09  5.16  5.31  5.34  4.68  4.69  5.39  4.67  4.30  4.52  6.42  5.46
MEAN      4.44  4.59  4.58  4.17  4.06  3.66  3.42  3.48  3.43  3.72  4.01  4.23
STD DEV   2.15  2.18  2.21  2.04  1.98  1.61  1.55  1.59  1.49  1.77  1.88  2.13
SKEW      0.63  0.50  0.51  0.89  0.61  0.52  0.61  0.64  0.65  0.59  0.55  0.74
% WNW    11.54 11.30 11.73  9.47  6.69  5.60  6.18  6.03  6.27  6.58  9.52 10.86
MEAN      4.76  5.01  5.23  5.02  4.46  4.08  3.67  3.71  3.73  4.13  4.45  4.70
STD DEV   2.35  2.36  2.38  2.30  2.09  1.88  1.66  1.73  1.79  2.01  2.11  2.26
SKEW      0.69  0.53  0.44  0.52  0.53  0.57  0.54  0.68  0.69  0.55  0.55  0.65
% NW     18.86 18.42 17.46 12.81 10.25  9.20  9.42  9.02  9.42 11.42 12.69 16.09
MEAN      4.72  4.86  5.06  5.07  4.57  4.12  3.85  3.66  3.87  4.22  4.27  4.71
STD DEV   2.39  2.44  2.31  2.47  2.14  2.02  1.82  1.80  1.94  2.13  2.09  2.38
SKEW      0.73  0.69  0.40  0.51  0.42  0.66  0.61  0.71  0.64  0.60  0.69  0.85
% NNW    11.64 10.75 10.93  8.37  7.40  5.68  5.74  6.50  6.38  7.61  7.34  9.29
MEAN      4.35  4.43  4.76  4.67  4.47  4.01  3.67  3.58  3.73  4.10  4.02  4.19
STD DEV   2.14  2.35  2.33  2.18  2.26  1.94  1.73  1.78  1.86  2.13  1.99  2.02
SKEW      0.45  0.61  0.59  0.43  0.59  0.55  0.64  0.74  0.68  0.50  0.55  0.81
CALM     18.53 17.59 13.67 15.16 16.53 18.53 21.24 25.42 24.30 23.10 20.95 20.37
CONCORD/MUN   NH    1.000  MANCHESTER/GR NH    0.000  LEBANON/REG   NH    0.000
 FIRST CONN LAKE NH                      272999 0
 LATT=  45.08 LONG= -71.28 YEARS= 44. TYPE= 3
 ELEVATION = 1660. TP5 = 1.73 TP6= 3.89
 MEAN P   0.15  0.15  0.17  0.22  0.26  0.33  0.32  0.33  0.30  0.26  0.23  0.18
 S DEV P  0.20  0.21  0.20  0.25  0.28  0.39  0.38  0.38  0.36  0.30  0.27  0.25
 SQEW  P  3.46  2.91  2.18  1.89  1.73  2.72  1.99  1.81  2.13  2.40  2.29  2.93
 P(W/W)   0.61  0.65  0.60  0.58  0.59  0.56  0.50  0.53  0.49  0.57  0.63  0.65
 P(W/D)   0.54  0.44  0.41  0.36  0.35  0.42  0.42  0.39  0.39  0.36  0.50  0.59
 TMAX AV 21.34 24.02 33.22 45.99 60.34 69.25 73.98 71.66 63.49 52.71 38.71 25.43
 TMIN AV -0.07  0.38 10.33 24.97 36.43 46.27 50.94 48.60 40.78 31.60 22.20  7.45
 SD TMAX 12.53 12.21 11.46 11.12 11.18  8.52  6.73  7.16  9.11 11.13 10.92 11.99
 SD TMIN 16.48 16.21 14.14  9.35  8.18  7.91  7.16  7.69  8.72  8.57 10.32 14.24
 SOL.RAD  120.  217.  270.  396.  457.  496.  504.  455.  308.  232.  127.   98.
 SD SOL   36.9  38.2  69.9  81.1 100.5 104.8  92.8 159.2  92.8  45.1  40.9  34.8
 MX .5 P  0.17  0.14  0.19  0.25  0.43  0.59  0.58  0.85  0.37  0.24  0.20  0.16
 DEW PT   6.89  7.12 12.18 24.87 34.63 46.33 50.94 50.33 42.24 32.87 22.48 10.80
Time Pk  0.783 0.847 0.880 0.902 0.907 0.913 0.923 0.928 0.935 0.949 0.969 1.000
% N       8.09  7.85  7.28  7.39  5.92  4.03  3.09  3.85  4.50  5.72  7.87  8.55
MEAN      4.61  5.23  5.13  5.02  5.01  4.31  4.25  4.24  4.17  4.46  4.52  4.56
STD DEV   2.15  2.52  2.13  2.02  2.04  1.76  1.80  1.70  1.77  1.97  2.13  2.14
SKEW      0.67  0.62  0.52  0.49  0.45  0.31  0.49  0.28  0.57  0.69  1.15  0.79
% NNE     4.49  4.59  5.46  4.23  3.81  3.08  1.55  2.42  2.89  3.14  3.57  4.01
MEAN      4.15  4.34  4.41  4.74  4.49  4.24  3.44  3.71  3.94  4.12  3.95  4.19
STD DEV   1.78  1.96  1.84  1.97  1.92  1.62  1.32  1.47  1.64  1.79  1.71  1.76
SKEW      0.54  0.65  0.49  0.81  0.90  0.22  0.28  0.46  0.62  0.47  0.80  0.39
% NE      3.03  3.68  4.31  4.12  3.81  2.71  1.71  1.94  2.10  2.13  2.37  2.34
MEAN      3.59  3.79  4.17  4.05  3.97  3.70  3.27  3.19  3.47  3.45  3.48  3.54
STD DEV   1.50  1.62  1.70  1.64  1.54  1.49  1.14  1.37  1.48  1.31  1.40  1.52
SKEW      0.55  0.60  0.55  0.63  0.54  0.60  0.43  0.62  0.74  0.40  0.64  0.79
% ENE     1.74  1.75  2.90  2.38  2.48  1.87  1.26  1.47  1.17  1.30  1.17  0.92
MEAN      3.61  3.51  3.93  3.85  3.79  3.47  3.33  3.24  3.42  3.32  3.50  3.19
STD DEV   1.46  1.42  1.61  1.61  1.34  1.30  1.27  1.18  1.29  1.31  1.53  1.49
SKEW      0.28  0.41  0.62  0.70  0.52  0.35  0.33  0.30  0.45  0.49  0.64  0.67
% E       1.21  1.63  2.28  2.31  2.72  2.31  1.86  1.74  1.54  1.35  1.00  1.05
MEAN      3.10  3.42  3.46  3.41  3.57  3.12  3.09  3.06  2.94  3.17  2.97  3.08
STD DEV   1.54  1.74  1.50  1.40  1.45  1.18  1.29  1.23  1.21  1.38  1.58  1.63
SKEW      1.06  0.79  0.56  0.63  0.57  0.47  1.88  0.59  0.61  0.36  1.41  0.95
% ESE     0.88  1.27  1.74  2.03  2.25  2.22  2.15  1.49  1.35  1.28  1.06  0.82
MEAN      3.00  3.44  3.53  3.73  3.45  3.42  3.17  3.01  3.01  3.34  3.38  3.00
STD DEV   1.26  1.69  1.49  1.69  1.49  1.22  1.21  1.16  1.12  1.43  1.93  1.51
SKEW      0.26  1.33  0.60  0.85  1.25  0.33  0.25  0.54  0.52  0.55  1.64  1.18
% SE      2.27  3.67  4.09  5.16  7.10  6.63  5.74  5.05  4.08  4.61  3.36  1.94
MEAN      3.85  4.21  4.35  4.53  4.49  4.10  3.81  3.90  3.95  4.27  4.16  3.89
STD DEV   1.96  1.77  1.93  2.10  1.89  1.75  1.60  1.61  1.57  1.98  1.91  2.01
SKEW      1.02  0.35  0.55  0.68  0.35  0.48  0.79  0.54  0.25  0.84  0.92  0.81
% SSE     4.46  4.92  4.93  6.57  7.33  8.50  7.97  6.56  7.37  6.61  5.89  5.07
MEAN      4.61  5.03  5.02  5.25  4.91  4.50  4.29  4.29  4.63  4.64  4.70  4.59
STD DEV   2.08  2.26  2.38  2.31  2.20  1.94  1.89  2.04  2.00  2.03  2.10  2.28
SKEW      0.48  0.59  0.57  0.47  0.65  0.46  0.54  1.23  0.50  0.48  0.95  0.82
% S       5.69  4.94  4.49  6.80  7.98  9.46 10.16  9.67  9.79  8.60  8.47  6.89
MEAN      4.24  4.41  4.40  4.55  4.06  3.76  3.78  3.66  4.05  4.12  4.59  4.19
STD DEV   2.16  2.43  2.32  2.22  2.01  1.74  1.87  1.73  1.98  2.00  2.37  2.08
SKEW      0.94  1.32  0.74  0.60  0.86  0.74  0.83  0.81  0.68  0.64  1.37  0.81
% SSW     2.82  2.67  2.28  3.48  5.21  6.81  6.71  5.95  5.36  4.85  4.32  3.68
MEAN      3.60  3.43  3.52  3.69  3.58  3.36  3.24  3.17  3.17  3.33  3.82  3.43
STD DEV   1.76  1.62  1.59  1.76  1.76  1.55  1.48  1.42  1.45  1.67  2.06  1.64
SKEW      0.79  0.63  0.69  0.69  1.02  1.18  0.86  0.91  0.90  1.24  1.33  0.73
% SW      4.37  4.06  3.62  3.97  4.74  5.69  6.65  6.06  5.54  5.04  5.48  4.46
MEAN      3.64  3.92  3.74  3.99  3.79  3.46  3.33  3.10  3.33  3.42  3.47  3.40
STD DEV   1.79  1.98  1.82  2.12  2.03  1.63  1.69  1.50  1.72  1.70  1.72  1.70
SKEW      0.69  0.45  0.59  0.77  0.88  0.89  1.03  0.87  0.93  0.84  0.97  0.82
% WSW     5.33  5.38  5.09  5.49  5.56  5.91  6.87  6.13  5.58  5.34  5.67  5.37
MEAN      4.14  4.37  4.40  4.36  4.19  3.78  3.77  3.57  3.53  3.89  3.88  3.84
STD DEV   2.05  1.95  2.11  2.07  2.01  1.71  1.72  1.63  1.67  1.78  1.88  1.99
SKEW      0.66  0.46  0.50  0.66  0.48  0.48  0.64  0.64  0.81  0.76  0.64  0.82
% W       8.88  8.67  7.65  6.95  6.18  6.94  7.42  7.13  6.88  6.86  7.71  7.97
MEAN      4.65  4.70  4.65  4.53  4.34  4.11  3.82  3.53  3.57  3.87  4.20  4.28
STD DEV   2.14  2.12  2.14  2.06  1.98  1.88  1.69  1.56  1.59  1.79  1.97  2.00
SKEW      0.81  0.60  0.59  0.60  0.57  0.62  0.61  0.68  0.73  0.65  0.62  0.61
% WNW     9.07  9.32 10.18  7.66  5.70  5.29  6.19  5.89  6.25  6.84  7.81  9.08
MEAN      5.01  5.18  5.32  5.09  4.72  4.75  4.27  4.01  3.96  4.44  4.76  4.78
STD DEV   2.37  2.27  2.33  2.30  2.20  2.23  1.88  1.84  1.73  1.96  2.22  2.28
SKEW      0.72  0.60  0.60  0.49  0.94  0.67  0.53  0.58  0.58  0.53  0.64  0.69
% NW      6.95  7.19  8.51  7.37  5.90  4.64  4.76  5.28  5.13  6.45  6.23  6.78
MEAN      4.61  5.00  5.23  5.09  4.90  4.57  4.40  4.07  3.98  4.76  4.35  4.58
STD DEV   2.41  2.30  2.26  2.29  2.20  1.96  1.89  1.78  1.87  2.13  2.04  2.20
SKEW      1.01  0.55  0.43  0.68  0.80  0.50  0.43  0.52  0.76  0.53  0.60  0.53
% NNW     6.24  6.07  6.84  6.60  5.15  3.87  3.53  4.36  4.08  5.16  5.69  5.76
MEAN      4.51  5.17  5.12  5.23  5.09  4.71  4.48  4.18  3.98  4.51  4.17  4.31
STD DEV   2.24  2.45  2.19  2.26  2.25  2.24  1.86  1.78  1.81  2.03  1.90  2.24
SKEW      0.68  0.49  0.46  0.57  0.70  0.81  0.36  0.40  0.66  0.48  0.76  0.76
CALM     24.57 22.34 18.25 17.47 18.24 20.05 22.42 25.01 26.49 24.74 22.37 25.24
PLATTSBURGH   NY    0.537  OLD TOWN/DEWI ME    0.463  MONTPELIER/ED VT    0.000
 LANCASTER NH                            274556 0
 LATT=  44.48 LONG= -71.57 YEARS= 42. TYPE= 3
 ELEVATION =  880. TP5 = 1.74 TP6= 3.99
 MEAN P   0.19  0.21  0.22  0.24  0.25  0.32  0.30  0.35  0.30  0.26  0.25  0.22
 S DEV P  0.23  0.23  0.24  0.25  0.30  0.39  0.33  0.41  0.39  0.31  0.29  0.29
 SQEW  P  2.21  1.98  2.43  1.91  2.22  2.82  2.34  2.30  2.43  2.32  2.35  3.64
 P(W/W)   0.45  0.42  0.44  0.51  0.56  0.50  0.45  0.47  0.46  0.54  0.54  0.46
 P(W/D)   0.28  0.24  0.25  0.26  0.25  0.34  0.33  0.28  0.30  0.28  0.33  0.34
 TMAX AV 25.84 30.46 40.57 54.17 68.43 75.70 79.64 77.46 69.26 57.57 42.93 29.78
 TMIN AV  3.19  6.07 17.61 28.69 39.37 47.96 52.52 51.71 43.92 33.62 24.97 11.03
 SD TMAX 10.96 10.97 10.64 11.91 10.08  7.70  6.10  6.32  8.46  9.78 10.26 10.09
 SD TMIN 16.07 15.51 12.10  8.49  8.87  8.19  7.42  7.82  9.29  9.12  9.59 13.59
 SOL.RAD  118.  217.  254.  401.  456.  501.  502.  457.  300.  236.  131.   97.
 SD SOL   38.3  39.0  75.8  80.0 101.4 103.6  93.6 159.4  95.9  44.7  40.6  36.0
 MX .5 P  0.14  0.14  0.19  0.23  0.38  0.54  0.48  0.77  0.31  0.21  0.19  0.16
 DEW PT   5.64  6.44  9.67 22.46 31.87 43.67 47.87 47.67 39.08 30.46 19.67  9.05
Time Pk  0.737 0.816 0.851 0.875 0.881 0.888 0.900 0.909 0.916 0.930 0.954 1.000
% N       6.81  5.82  4.99  5.71  4.51  3.31  3.08  3.83  3.29  4.07  4.98  5.62
MEAN      3.96  4.11  4.36  4.06  3.93  3.71  3.53  3.60  3.47  3.68  3.74  3.94
STD DEV   2.14  2.11  2.12  1.89  1.97  1.80  1.67  1.67  1.56  1.74  1.81  1.98
SKEW      0.67  0.76  0.62  0.44  0.76  0.58  0.50  0.62  0.55  0.57  0.67  0.68
% NNE     5.98  6.61  5.94  5.03  4.85  3.57  2.30  3.44  3.15  4.52  4.44  4.66
MEAN      3.58  3.59  3.75  3.90  3.83  3.51  2.90  3.35  3.33  3.40  3.33  3.32
STD DEV   1.84  1.73  1.68  1.76  1.90  1.55  1.22  1.41  1.62  1.66  1.54  1.52
SKEW      0.99  0.86  0.62  0.52  0.64  0.31  0.41  0.36  0.86  0.65  0.75  0.83
% NE      3.90  5.10  4.36  4.03  4.57  2.95  2.15  3.31  2.84  3.16  3.30  2.62
MEAN      2.90  3.22  3.37  3.18  3.41  3.12  2.66  2.84  3.07  2.96  3.22  2.82
STD DEV   1.37  1.49  1.39  1.39  1.47  1.41  1.05  1.25  1.41  1.19  1.63  1.41
SKEW      0.63  1.35  0.56  0.71  0.65  0.93  0.27  0.63  0.75  0.44  1.15  1.07
% ENE     1.86  2.66  2.90  2.37  2.74  2.13  1.76  2.20  1.73  1.94  1.73  1.46
MEAN      2.52  2.75  3.38  3.14  3.13  3.26  2.82  2.83  2.98  2.92  2.98  2.77
STD DEV   1.17  1.11  1.38  1.40  1.29  1.32  1.08  1.01  1.25  1.26  1.28  1.37
SKEW      0.62  0.75  0.42  0.97  0.74  0.43  0.58  0.11  0.76  0.66  0.26  0.55
% E       1.26  1.35  1.61  1.62  2.03  1.80  1.53  1.78  1.38  1.22  1.42  1.19
MEAN      2.09  2.25  2.92  2.38  2.51  2.43  2.49  2.38  2.58  2.47  2.81  2.60
STD DEV   0.82  0.79  1.25  0.88  0.97  1.00  0.92  0.90  1.02  0.93  1.86  1.42
SKEW      0.64  0.38  0.60  0.21  0.21  0.42  0.29  0.06  0.38  0.25  1.66  0.62
% ESE     0.81  1.22  1.66  2.08  2.60  1.95  1.64  1.54  1.27  1.38  1.27  1.10
MEAN      2.32  2.63  3.48  3.39  2.88  2.48  2.56  2.47  2.30  2.72  3.41  2.71
STD DEV   1.05  1.17  1.81  1.67  1.32  0.94  1.11  1.09  0.85  1.23  2.37  1.42
SKEW      0.36  0.97  0.75  0.64  0.86  0.58  0.73  0.72  0.19  0.65  1.51  1.18
% SE      1.54  2.53  2.67  3.25  5.15  4.13  3.21  3.26  2.64  3.24  2.31  1.47
MEAN      2.70  3.03  3.70  3.54  3.55  3.15  2.89  2.94  2.90  3.44  3.30  3.15
STD DEV   1.48  1.34  1.65  1.77  1.70  1.37  1.43  1.31  1.25  1.67  1.50  1.45
SKEW      1.43  0.61  0.28  0.75  0.69  0.64  0.99  0.88  0.71  0.59  0.45  0.85
% SSE     5.61  6.51  8.02  7.25  7.94  7.40  6.47  5.62  7.81  7.25  7.10  6.24
MEAN      4.83  4.62  5.15  4.97  4.60  3.97  3.97  3.87  4.51  4.51  4.74  4.83
STD DEV   2.42  2.17  2.37  2.44  2.15  1.75  1.89  1.80  2.13  2.02  2.19  2.38
SKEW      0.70  0.68  0.40  0.58  0.47  0.31  0.56  0.67  0.59  0.55  0.54  0.77
% S       7.29  6.35  5.30  6.45  6.93  8.59  7.68  7.99  9.83  8.89  9.30  8.16
MEAN      4.41  4.20  4.43  4.33  4.05  3.72  3.71  3.70  4.28  4.17  4.34  4.38
STD DEV   2.29  2.14  2.07  2.17  1.95  1.74  1.82  1.89  2.03  2.00  2.14  2.01
SKEW      0.94  0.67  0.42  0.49  0.58  0.48  0.63  0.95  0.66  0.47  0.63  0.51
% SSW     7.73  5.44  5.08  6.54  7.43 10.35 10.05  7.60  9.68  8.29  7.96  7.74
MEAN      4.31  3.84  4.14  4.15  4.04  4.02  3.82  3.62  4.18  4.13  4.28  4.40
STD DEV   2.00  1.76  1.75  1.98  2.01  1.78  1.63  1.66  1.93  1.87  2.07  1.99
SKEW      0.72  0.58  0.58  0.60  0.72  0.65  0.41  0.51  0.68  0.69  0.74  0.55
% SW      4.64  4.05  3.25  5.20  5.20  6.95  8.02  7.11  7.20  6.58  6.24  6.09
MEAN      4.25  3.97  4.05  4.38  3.83  3.81  3.67  3.51  3.89  4.14  4.19  4.31
STD DEV   2.36  2.14  2.14  2.40  2.22  1.89  1.88  1.77  1.94  2.16  2.18  2.28
SKEW      0.75  0.73  0.60  0.77  0.84  0.47  0.75  0.63  0.69  0.67  0.61  0.75
% WSW     4.48  4.19  4.23  5.85  4.81  6.17  6.42  5.20  5.39  4.87  4.96  5.75
MEAN      5.79  4.98  4.96  4.70  4.39  4.23  3.92  3.82  4.16  4.53  4.69  5.08
STD DEV   3.16  2.42  2.38  2.29  2.39  1.94  1.90  1.82  2.09  2.29  2.29  2.43
SKEW      0.70  0.17  0.30  0.48  0.62  0.43  0.56  0.53  0.61  0.43  0.41  0.55
% W       4.96  4.68  5.24  5.46  4.72  5.03  5.95  5.78  5.47  4.46  5.32  5.59
MEAN      5.38  4.45  4.59  4.16  3.99  3.94  3.55  3.44  3.76  3.75  3.75  4.48
STD DEV   3.22  2.30  2.31  2.05  2.20  1.91  1.65  1.69  1.72  1.81  2.00  2.45
SKEW      0.67  0.44  0.44  0.51  0.75  0.59  0.48  0.83  0.47  0.50  0.83  0.54
% WNW     7.31  9.72 11.12  9.49  6.91  7.24  8.43  8.40  8.01  7.86  7.70  8.45
MEAN      5.93  6.30  5.80  5.32  4.90  5.18  4.29  4.39  4.56  5.04  5.17  5.56
STD DEV   2.94  3.06  2.78  2.54  2.54  2.44  2.09  2.10  2.10  2.40  2.49  2.68
SKEW      0.49  0.43  0.62  0.64  0.76  0.43  0.74  0.66  0.58  0.45  0.57  0.34
% NW      7.72 10.25 11.43  8.55  7.45  6.19  8.33  8.06  7.31  8.54  8.58 10.13
MEAN      5.66  5.85  5.66  5.16  5.01  4.97  4.51  4.25  4.50  5.01  4.59  5.07
STD DEV   2.94  2.91  2.66  2.62  2.56  2.45  2.10  2.02  2.11  2.46  2.47  2.53
SKEW      0.59  0.33  0.56  0.56  0.71  0.49  0.44  0.68  0.52  0.49  0.86  0.46
% NNW    10.42  9.32 10.51  8.13  7.64  6.34  6.60  6.47  6.35  7.17  7.60  7.83
MEAN      5.19  5.77  5.28  5.29  5.16  5.06  4.51  4.24  4.58  4.87  4.44  4.76
STD DEV   2.68  2.83  2.47  2.62  2.49  2.56  2.05  1.89  2.20  2.45  2.25  2.31
SKEW      0.67  0.50  0.46  0.57  0.48  0.53  0.48  0.50  0.57  0.66  0.80  0.64
CALM     17.63 14.14 11.66 13.11 14.55 15.99 16.37 18.54 16.67 16.63 15.69 15.99
MONTPELIER/ED VT    0.463  AUGUSTA/STATE ME    0.278  PLATTSBURGH   NY    0.259
 MOUNT WASHINGTON WB NH                  275639 0
 LATT=  44.27 LONG= -71.30 YEARS= 30. TYPE= 3
 ELEVATION = 6260. TP5 = 1.73 TP6= 4.06
 MEAN P   0.39  0.45  0.48  0.44  0.46  0.49  0.45  0.54  0.50  0.45  0.52  0.45
 S DEV P  0.52  0.74  0.60  0.52  0.55  0.56  0.59  0.68  0.58  0.57  0.66  0.58
 SQEW  P  3.06  3.69  2.58  2.70  2.22  3.30  3.19  3.33  2.52  2.73  2.73  2.35
 P(W/W)   0.72  0.71  0.70  0.70  0.65  0.64  0.59  0.62  0.60  0.67  0.73  0.72
 P(W/D)   0.51  0.56  0.48  0.43  0.41  0.41  0.42  0.42  0.40  0.35  0.53  0.58
 TMAX AV 13.13 13.29 20.45 29.07 41.30 50.15 54.20 52.46 45.60 36.44 27.31 17.44
 TMIN AV -1.16 -0.60  7.20 16.27 28.86 38.10 43.05 41.60 34.34 24.56 14.27  3.79
 SD TMAX 12.19 12.54 11.72 10.26  9.55  7.69  6.22  6.86  8.44 10.09 10.74 12.08
 SD TMIN 14.16 14.27 12.14 10.72  9.55  7.52  6.23  6.97  8.79 11.03 11.21 12.94
 SOL.RAD  118.  218.  244.  407.  455.  503.  501.  458.  294.  238.  133.   96.
 SD SOL   38.9  39.1  79.4  78.4 101.6 102.9  94.2 159.1  98.1  44.2  40.1  36.6
 MX .5 P  0.11  0.13  0.18  0.20  0.32  0.48  0.40  0.70  0.26  0.19  0.18  0.15
 DEW PT   4.00  5.00  7.00 20.00 29.00 41.00 45.00 45.00 36.00 28.00 17.00  7.00
Time Pk  0.754 0.826 0.853 0.878 0.887 0.895 0.905 0.913 0.920 0.934 0.954 1.000
% N       8.23  7.22  6.97  7.22  5.89  4.41  4.17  5.11  4.09  5.28  5.53  5.85
MEAN      4.03  4.01  4.22  4.01  3.87  3.59  3.43  3.49  3.41  3.62  3.65  3.98
STD DEV   2.08  2.02  2.04  1.88  1.97  1.70  1.55  1.62  1.46  1.68  1.64  1.90
SKEW      0.67  0.78  0.63  0.54  0.80  0.62  0.56  0.72  0.50  0.65  0.39  0.58
% NNE     7.24  7.49  6.70  5.53  5.41  3.86  2.76  4.00  3.41  5.23  5.02  5.44
MEAN      3.80  3.76  3.89  3.82  3.87  3.52  2.96  3.36  3.28  3.38  3.44  3.50
STD DEV   1.85  1.76  1.74  1.75  1.90  1.59  1.25  1.43  1.55  1.57  1.52  1.57
SKEW      0.91  0.82  0.66  0.56  0.62  0.43  0.53  0.42  0.80  0.62  0.67  0.86
% NE      4.71  5.47  4.47  3.72  4.26  2.91  2.35  3.79  3.24  3.75  3.89  3.32
MEAN      3.05  3.19  3.39  3.02  3.17  2.99  2.50  2.73  2.94  2.96  3.12  2.89
STD DEV   1.41  1.49  1.42  1.34  1.39  1.38  1.03  1.14  1.34  1.16  1.54  1.34
SKEW      0.63  1.58  0.65  0.75  0.80  1.08  0.53  0.69  0.90  0.56  1.17  0.92
% ENE     2.56  3.26  3.17  2.55  2.90  2.33  2.25  2.69  2.31  2.46  2.37  2.31
MEAN      2.59  2.75  3.29  2.87  2.88  3.03  2.63  2.70  2.86  2.87  2.97  2.90
STD DEV   1.16  1.10  1.32  1.22  1.20  1.19  0.98  0.90  1.18  1.18  1.24  1.31
SKEW      0.67  0.79  0.56  0.95  0.76  0.60  0.82  0.19  0.96  0.75  0.36  0.49
% E       2.17  2.19  2.22  2.08  2.53  2.43  2.33  2.86  2.35  2.21  2.34  2.37
MEAN      2.10  2.15  2.87  2.21  2.29  2.34  2.31  2.23  2.49  2.30  2.85  2.71
STD DEV   0.74  0.68  1.20  0.82  0.86  0.93  0.83  0.80  0.97  0.78  1.77  1.38
SKEW      0.70  0.36  0.68  0.64  0.49  0.58  0.34  0.17  0.72  0.42  1.91  0.60
% ESE     1.48  1.82  2.10  2.73  3.10  2.18  1.95  2.08  1.98  2.14  2.10  2.07
MEAN      2.36  2.57  3.51  3.39  2.81  2.36  2.48  2.38  2.25  2.68  3.38  2.91
STD DEV   1.09  1.19  1.90  1.80  1.32  0.90  1.13  1.07  0.84  1.29  2.48  1.42
SKEW      0.66  1.37  1.01  0.94  1.20  0.84  1.13  1.04  0.39  1.13  2.02  1.13
% SE      1.77  2.16  2.25  2.62  3.80  2.93  2.39  2.66  2.46  3.01  2.66  2.17
MEAN      2.37  2.56  3.36  3.18  3.03  2.73  2.52  2.49  2.43  2.97  2.92  2.94
STD DEV   1.26  1.12  1.56  1.61  1.49  1.18  1.25  1.14  1.05  1.54  1.36  1.26
SKEW      1.58  0.80  0.58  0.76  0.90  0.89  1.09  1.13  0.93  0.94  0.83  1.03
% SSE     5.04  5.44  6.92  5.90  6.54  5.69  4.99  4.46  6.25  5.78  6.00  5.34
MEAN      4.54  4.26  4.86  4.45  4.11  3.67  3.63  3.56  4.04  4.03  4.25  4.59
STD DEV   2.39  2.11  2.34  2.27  1.92  1.60  1.73  1.59  1.89  1.88  1.99  2.32
SKEW      0.87  0.90  0.60  0.74  0.55  0.38  0.68  0.70  0.72  0.81  0.65  0.95
% S       9.92  9.29  8.10  8.71  9.79 11.92 10.79 11.15 12.41 11.52 11.38 10.77
MEAN      4.59  4.41  4.64  4.53  4.32  4.09  3.96  3.97  4.48  4.32  4.40  4.62
STD DEV   2.22  2.06  2.00  2.04  1.85  1.74  1.70  1.81  1.91  1.85  1.99  1.96
SKEW      0.87  0.66  0.36  0.39  0.36  0.29  0.45  0.75  0.52  0.36  0.56  0.45
% SSW     9.07  6.80  6.20  8.02  9.85 12.97 12.10  9.59 12.14 10.25  9.86  9.54
MEAN      4.92  4.46  4.71  4.82  4.67  4.61  4.36  4.15  4.88  4.80  4.93  5.08
STD DEV   2.09  1.90  1.89  2.06  2.06  1.84  1.72  1.70  2.03  1.91  2.14  2.08
SKEW      0.59  0.55  0.49  0.39  0.52  0.33  0.21  0.33  0.40  0.26  0.52  0.42
% SW      4.12  3.65  3.09  5.19  5.29  7.06  8.16  7.00  7.18  6.36  5.59  5.70
MEAN      4.22  3.80  3.94  4.23  3.81  3.80  3.76  3.65  4.03  4.21  4.28  4.45
STD DEV   2.17  1.84  1.92  2.14  1.96  1.75  1.73  1.66  1.82  2.00  2.03  2.15
SKEW      0.71  0.71  0.63  0.82  0.76  0.42  0.60  0.59  0.68  0.60  0.54  0.65
% WSW     3.42  2.94  3.27  4.84  3.84  5.17  5.41  4.12  4.41  3.90  3.83  4.65
MEAN      5.70  4.69  4.81  4.47  4.14  4.11  3.92  3.74  4.07  4.43  4.73  5.08
STD DEV   2.95  2.17  2.26  2.12  2.08  1.76  1.78  1.64  1.94  2.19  2.16  2.30
SKEW      0.61  0.23  0.41  0.58  0.66  0.59  0.64  0.49  0.67  0.46  0.40  0.40
% W       2.98  2.83  3.95  4.36  3.63  3.60  4.50  4.39  3.98  3.06  3.91  3.92
MEAN      5.54  4.43  4.62  4.07  3.84  3.80  3.50  3.51  3.88  3.95  4.03  4.75
STD DEV   3.06  2.23  2.22  1.90  2.01  1.74  1.50  1.67  1.67  1.78  1.89  2.35
SKEW      0.44  0.35  0.29  0.46  0.67  0.60  0.46  0.79  0.42  0.38  0.62  0.35
% WNW     6.70  9.16 10.05  8.99  6.43  7.15  8.07  7.81  7.66  7.23  7.36  8.05
MEAN      6.09  6.36  5.86  5.27  4.82  5.06  4.27  4.42  4.75  5.16  5.33  5.88
STD DEV   2.78  2.99  2.74  2.39  2.41  2.29  1.95  1.99  2.06  2.30  2.31  2.53
SKEW      0.35  0.38  0.62  0.61  0.75  0.45  0.73  0.65  0.48  0.40  0.38  0.20
% NW      8.17 10.38 11.53  8.41  7.36  6.39  8.67  8.12  7.61  8.50  8.98 10.11
MEAN      5.88  5.97  5.64  5.09  4.92  4.95  4.46  4.28  4.66  5.03  4.86  5.37
STD DEV   2.84  2.83  2.60  2.52  2.47  2.36  2.02  1.98  2.08  2.38  2.40  2.46
SKEW      0.37  0.28  0.54  0.48  0.79  0.50  0.49  0.72  0.51  0.51  0.74  0.45
% NNW    10.54 10.06 10.90  9.34  8.40  6.79  7.06  6.61  6.55  7.53  7.85  7.84
MEAN      5.44  5.82  5.30  5.29  5.13  5.07  4.49  4.26  4.78  5.07  4.76  5.12
STD DEV   2.62  2.76  2.41  2.56  2.38  2.39  1.98  1.85  2.19  2.44  2.22  2.32
SKEW      0.58  0.41  0.46  0.59  0.47  0.46  0.50  0.57  0.59  0.64  0.62  0.61
CALM     11.85  9.77  8.08  9.93 11.00 12.29 12.04 13.66 11.94 11.85 11.23 10.66
MONTPELIER/ED VT    0.396  AUGUSTA/STATE ME    0.335  BURLINGTON/IN VT    0.269
 PLYMOUTH 2 E NH                         276945 0
 LATT=  43.75 LONG= -71.65 YEARS= 41. TYPE= 4
 ELEVATION =  700. TP5 = 1.85 TP6= 4.24
 MEAN P   0.35  0.37  0.37  0.35  0.35  0.31  0.36  0.37  0.35  0.38  0.37  0.39
 S DEV P  0.39  0.42  0.39  0.42  0.39  0.35  0.46  0.53  0.44  0.50  0.41  0.43
 SQEW  P  2.13  2.03  1.92  2.98  2.02  2.02  2.74  2.83  2.53  2.54  1.79  2.71
 P(W/W)   0.38  0.36  0.40  0.45  0.52  0.47  0.41  0.41  0.43  0.48  0.47  0.40
 P(W/D)   0.26  0.23  0.23  0.26  0.28  0.31  0.29  0.29  0.25  0.24  0.30  0.27
 TMAX AV 27.59 31.23 40.34 53.42 66.65 75.34 80.35 78.23 69.41 58.62 44.69 31.22
 TMIN AV  6.07  7.59 18.38 29.58 39.01 48.42 53.06 51.25 42.97 32.79 25.37 12.28
 SD TMAX 10.37 10.40  9.58 11.47 10.85  8.72  6.92  7.16  8.85  9.74  9.45  9.88
 SD TMIN 12.44 12.28 10.26  7.17  7.94  7.51  6.88  7.52  9.14  8.76  8.93 11.67
 SOL.RAD  121.  218.  245.  398.  449.  492.  494.  448.  319.  245.  151.  111.
 SD SOL   38.3  39.4  77.4  78.9  99.4 102.0  92.4 150.6  88.3  42.4  35.4  32.8
 MX .5 P  0.18  0.16  0.28  0.28  0.39  0.78  0.71  0.88  0.41  0.29  0.26  0.24
 DEW PT   9.59  9.99 15.56 27.14 37.33 48.32 53.33 52.74 44.93 34.73 24.74 13.37
Time Pk  0.778 0.843 0.874 0.896 0.906 0.909 0.918 0.928 0.936 0.953 0.971 1.000
% N       8.50  7.48  7.91  6.22  4.85  3.68  3.51  4.09  4.27  5.58  5.78  6.85
MEAN      3.81  3.66  4.05  3.89  3.69  3.51  3.19  3.37  3.33  3.54  3.60  3.69
STD DEV   1.81  1.62  1.80  1.91  1.68  1.61  1.40  1.55  1.47  1.50  1.51  1.63
SKEW      0.75  0.64  0.63  0.82  0.64  0.66  0.47  0.61  0.75  0.44  0.61  0.77
% NNE     3.90  3.93  3.93  3.60  3.06  2.28  1.66  2.41  2.63  3.16  3.17  3.07
MEAN      3.66  3.71  3.78  3.93  3.75  3.39  3.24  3.45  3.55  3.70  3.58  3.46
STD DEV   1.67  1.66  1.67  1.79  1.76  1.44  1.32  1.50  1.61  1.64  1.56  1.37
SKEW      0.77  0.87  0.67  0.71  0.73  0.45  0.42  0.34  0.69  0.56  0.78  0.79
% NE      1.75  2.02  2.01  2.28  2.27  1.91  1.63  2.14  1.58  1.86  1.59  1.75
MEAN      3.21  3.14  3.10  3.15  2.93  2.82  2.52  2.73  3.12  3.14  3.33  3.00
STD DEV   1.38  1.28  1.21  1.41  1.27  1.16  0.93  1.17  1.27  1.24  1.46  1.15
SKEW      0.53  1.04  0.58  0.93  1.00  0.67  0.36  0.69  0.76  0.60  0.81  0.62
% ENE     0.97  1.53  1.76  1.79  2.16  1.79  1.42  1.56  1.36  1.52  1.17  0.79
MEAN      2.87  3.21  3.75  3.49  3.14  3.21  2.67  2.92  2.99  3.41  3.18  3.08
STD DEV   1.28  1.13  1.66  1.48  1.39  1.23  1.05  1.30  1.09  1.60  1.36  1.17
SKEW      0.84  0.42  0.74  1.21  0.89  0.44  0.50  0.63  0.83  0.86  0.45  0.24
% E       1.13  1.46  2.30  2.66  2.84  2.62  1.98  2.04  1.78  1.87  1.68  0.92
MEAN      2.67  3.23  3.49  3.32  3.01  2.85  2.67  2.72  2.74  3.25  3.88  3.29
STD DEV   1.15  1.33  1.58  1.38  1.16  1.08  1.04  1.02  0.92  1.45  2.55  1.62
SKEW      1.03  0.40  0.81  0.67  0.66  0.70  0.75  0.23  0.17  0.63  2.06  0.99
% ESE     0.70  1.32  1.80  2.10  2.77  2.07  1.67  1.74  1.34  1.60  1.17  0.88
MEAN      2.95  3.36  3.75  3.65  3.22  2.97  2.92  2.88  3.04  3.44  3.56  3.66
STD DEV   1.18  1.45  1.73  1.61  1.39  1.34  1.44  1.22  1.20  1.65  1.82  1.73
SKEW      0.29  0.45  0.77  0.54  0.75  0.85  1.05  0.69  0.43  0.84  0.93  0.71
% SE      1.02  1.57  2.07  2.32  2.96  2.46  2.00  2.00  1.79  2.27  1.90  1.33
MEAN      2.98  3.08  3.77  3.50  3.41  2.97  2.91  2.86  2.79  3.61  3.33  3.28
STD DEV   1.56  1.47  1.75  1.64  1.60  1.37  1.31  1.34  1.20  1.77  1.51  1.77
SKEW      0.90  0.65  0.49  0.65  0.67  0.89  0.66  0.81  0.95  0.71  0.66  1.25
% SSE     3.22  4.29  5.31  5.70  6.41  5.73  4.93  4.11  5.09  4.57  4.59  3.64
MEAN      4.68  4.15  4.67  4.56  4.34  3.84  3.72  3.69  4.11  4.34  4.47  4.59
STD DEV   2.31  1.84  2.04  2.00  1.79  1.57  1.65  1.63  1.80  1.85  2.16  2.22
SKEW      0.57  0.62  0.59  0.50  0.35  0.33  0.67  0.64  0.53  0.49  0.99  0.57
% S       4.19  4.45  4.48  6.50  7.67  9.42  8.97  8.10  9.08  7.05  6.49  5.24
MEAN      4.06  4.08  4.27  4.41  4.25  4.00  3.81  3.83  4.24  4.03  4.12  4.20
STD DEV   1.96  1.84  1.77  1.88  1.84  1.67  1.61  1.68  1.93  1.76  1.87  1.87
SKEW      0.70  0.68  0.40  0.41  0.45  0.48  0.47  0.65  0.79  0.51  0.61  0.58
% SSW     5.83  4.50  4.19  5.71  6.75  8.31  8.11  6.84  7.85  6.03  6.10  5.99
MEAN      4.50  4.27  4.54  4.58  4.45  4.31  4.20  4.01  4.50  4.38  4.46  4.55
STD DEV   1.77  1.69  1.84  1.85  1.91  1.74  1.67  1.62  1.85  1.75  1.76  1.82
SKEW      0.50  0.49  0.50  0.31  0.58  0.52  0.41  0.48  0.44  0.62  0.58  0.45
% SW      4.85  4.07  3.22  4.82  4.79  6.07  6.79  6.03  5.73  5.53  5.81  6.07
MEAN      4.51  4.03  3.90  4.22  3.83  3.89  3.66  3.61  3.89  4.08  4.07  4.33
STD DEV   2.15  1.82  1.75  1.88  1.87  1.72  1.63  1.56  1.68  1.86  1.81  1.89
SKEW      0.91  0.78  0.50  0.50  0.91  0.56  0.56  0.66  0.56  0.57  0.61  0.54
% WSW     4.88  4.43  4.47  4.91  4.37  5.18  5.32  4.50  4.62  4.36  4.90  5.82
MEAN      5.67  4.98  4.93  4.55  4.38  4.26  3.92  3.95  4.25  4.35  4.72  4.91
STD DEV   2.80  2.27  2.10  2.00  1.98  1.81  1.60  1.58  1.85  1.87  2.08  2.05
SKEW      1.00  0.53  0.28  0.61  0.82  0.51  0.44  0.35  0.45  0.49  0.59  0.52
% W       4.66  4.90  5.58  4.91  4.42  4.43  4.97  4.41  4.46  4.31  5.34  5.26
MEAN      4.91  4.42  4.55  4.14  4.08  3.83  3.44  3.36  3.62  3.86  4.06  4.21
STD DEV   2.74  2.21  2.24  2.05  2.03  1.77  1.54  1.60  1.76  1.79  1.86  2.08
SKEW      0.88  0.72  0.53  0.63  0.81  0.62  0.53  0.92  0.69  0.69  0.67  0.59
% WNW     5.70  7.43  8.09  7.24  5.62  5.24  5.46  5.34  5.00  5.15  5.69  5.80
MEAN      5.02  5.34  5.09  4.91  4.77  4.53  4.09  3.96  4.28  4.45  4.56  4.73
STD DEV   2.34  2.42  2.12  2.10  2.22  1.88  1.73  1.63  1.83  2.06  1.99  2.08
SKEW      0.57  0.52  0.38  0.52  0.86  0.39  0.76  0.53  0.52  0.60  0.59  0.44
% NW      7.01  9.29  8.99  7.64  6.33  5.43  6.16  6.01  5.48  6.61  7.08  7.48
MEAN      4.66  4.81  4.75  4.63  4.37  4.15  3.85  3.67  3.90  4.13  4.18  4.35
STD DEV   2.16  2.37  2.19  2.21  2.08  1.91  1.79  1.65  1.78  1.94  1.94  1.97
SKEW      0.46  0.57  0.60  0.55  0.65  0.48  0.51  0.64  0.60  0.51  0.71  0.48
% NNW    11.39  9.81 11.59  8.15  7.56  5.29  5.06  5.52  5.65  6.84  7.59  7.96
MEAN      4.64  4.88  4.92  4.79  4.61  4.44  4.03  3.84  4.16  4.35  4.28  4.43
STD DEV   2.09  2.25  2.16  2.17  2.13  2.00  1.74  1.65  1.84  1.96  1.92  1.93
SKEW      0.47  0.59  0.53  0.46  0.46  0.35  0.45  0.48  0.52  0.55  0.73  0.48
CALM     30.27 27.53 22.28 23.52 25.20 28.13 30.42 33.13 32.24 31.72 29.87 31.15
LEBANON/REG   NH    0.469  MONTPELIER/ED VT    0.291  PORTLAND/INT  ME    0.240
