 ESSEX FELLS SEW PLT NJ                  282768 0
 LATT=  40.83 LONG= -74.30 YEARS= 43. TYPE= 4
 ELEVATION =   20. TP5 = 2.38 TP6= 5.18
 MEAN P   0.48  0.48  0.53  0.49  0.45  0.43  0.54  0.55  0.59  0.56  0.58  0.52
 S DEV P  0.54  0.46  0.58  0.59  0.61  0.60  0.64  0.73  0.74  0.69  0.79  0.57
 SQEW  P  2.33  1.64  2.39  4.02  3.88  3.73  2.30  3.67  2.68  2.51  5.14  1.75
 P(W/W)   0.33  0.33  0.29  0.45  0.46  0.42  0.37  0.36  0.39  0.39  0.38  0.35
 P(W/D)   0.20  0.19  0.23  0.23  0.25  0.23  0.23  0.22  0.20  0.17  0.21  0.22
 TMAX AV 36.62 39.49 48.37 60.53 71.50 79.99 84.87 82.84 75.72 65.37 53.40 40.82
 TMIN AV 18.62 20.58 28.08 37.92 47.30 56.56 61.77 59.83 51.80 41.19 33.21 23.09
 SD TMAX  9.74  9.99 10.45 10.74  9.31  7.79  6.36  6.15  7.95  8.72  9.39  9.88
 SD TMIN  9.98  9.68  8.28  7.98  7.72  6.86  5.84  6.66  8.81  8.89  8.68  9.41
 SOL.RAD  133.  202.  292.  370.  436.  474.  463.  396.  334.  244.  150.  117.
 SD SOL   49.6  60.2  78.3 102.7 116.9 119.5 114.5 233.9  97.2  57.7  50.5  45.4
 MX .5 P  0.32  0.43  0.34  0.56  0.78  0.87  1.04  1.40  0.85  0.58  0.91  0.38
 DEW PT  22.58 22.72 27.00 37.14 47.14 57.14 62.53 62.00 55.86 45.72 34.13 24.58
Time Pk  0.664 0.737 0.783 0.820 0.837 0.850 0.868 0.886 0.897 0.923 0.956 1.000
% N       4.83  4.95  5.26  6.83  6.36  5.33  3.85  5.56  9.82  7.87  6.84  6.81
MEAN      6.30  5.44  4.93  5.48  5.25  4.65  4.71  5.92  7.65  8.00  8.04  6.67
STD DEV   2.88  2.59  1.90  2.15  2.25  2.27  2.47  2.54  2.75  2.92  2.89  2.45
SKEW      0.37  0.75  0.40  0.22  0.19  0.57  0.76  0.25  0.02  0.39  0.10  0.01
% NNE     3.15  3.96  2.69  3.07  3.79  3.11  2.22  4.63  5.53  5.60  5.64  4.21
MEAN      5.87  5.81  5.91  5.53  6.19  4.31  4.54  6.56  7.64  8.62  8.69  6.71
STD DEV   2.58  2.37  3.05  2.38  3.05  2.28  2.51  3.04  2.97  3.15  2.99  2.57
SKEW      0.34  0.43  0.73  0.38  0.59  1.22  0.83  0.14  0.21  0.15  0.37  0.11
% NE      4.52  6.05  3.97  4.25  7.28  7.59  4.71  8.60  7.53  7.40  7.85  5.69
MEAN      6.14  6.25  5.83  5.70  5.62  4.22  4.56  6.41  7.49  8.80  8.61  6.91
STD DEV   3.10  2.77  2.72  2.85  2.56  2.13  2.00  2.96  3.15  3.39  3.20  3.00
SKEW      0.64  0.90  0.55  0.83  0.62  2.03  0.60  0.41  0.20  0.26  0.22  0.16
% ENE     6.41  6.49  5.77  5.73  9.02  8.39  6.22  7.84 10.00  9.53 10.08  6.83
MEAN      6.64  6.58  7.24  6.39  5.72  4.26  4.61  5.85  7.20  9.12  9.93  7.48
STD DEV   3.04  3.17  3.26  3.13  2.84  1.95  2.00  2.77  3.20  3.27  3.81  3.13
SKEW      0.39  1.03  0.49  0.77  0.79  0.66  0.41  0.61  0.60  0.08  0.55  0.38
% E      15.89 16.46 17.46 18.88 16.83 14.65  9.82 11.13 11.84 10.86 13.67 16.80
MEAN      7.08  6.70  6.65  7.03  5.79  4.67  4.85  5.09  6.15  7.85  8.74  7.53
STD DEV   3.20  3.36  3.25  3.77  3.21  2.28  2.37  2.46  3.08  3.70  3.97  3.79
SKEW      0.58  0.67  0.84  1.37  1.38  0.94  1.30  0.95  0.77  0.53  0.61  0.93
% ESE     9.89 13.16 10.39  8.87  5.74  4.17  3.24  3.68  4.03  5.71  8.11  8.27
MEAN      8.21  6.86  7.21  7.55  6.06  5.93  4.55  5.07  6.22  6.95  7.11  6.49
STD DEV   4.56  3.28  3.71  4.23  3.19  2.68  2.49  2.24  3.36  3.59  3.57  3.43
SKEW      1.36  0.69  0.68  1.17  1.34  0.60  2.76  0.53  0.79  1.29  1.26  0.70
% SE      8.09  9.03  6.48  5.87  3.62  2.61  2.72  3.80  4.43  7.28  7.54  6.70
MEAN     10.08  8.20  7.60  8.52  7.20  5.97  5.58  5.61  5.42  6.98  8.01  7.43
STD DEV   6.16  3.68  3.83  4.47  3.65  3.05  2.99  2.91  2.76  4.07  4.22  4.09
SKEW      1.75  0.99  0.32  0.95  1.94  1.12  1.27  1.10  0.92  1.56  1.20  1.74
% SSE     4.87  3.29  2.10  3.24  2.24  1.75  3.23  2.94  2.10  4.43  4.20  2.81
MEAN     12.17  9.21  8.35 10.15  8.46  7.45  8.36  7.30  5.75  9.60 10.94 10.14
STD DEV   6.88  4.28  4.51  4.87  4.65  3.82  4.32  3.97  3.13  5.38  6.37  5.73
SKEW      0.69  0.26  0.27  0.76  0.86  0.34  0.78  0.53  0.72  0.36  0.66  0.29
% S       7.74  3.36  3.53  4.49  4.37  4.08  8.36  6.83  4.17  7.04  6.46  3.77
MEAN     11.89 10.85 11.97 11.27 10.07  8.06  9.67  7.93  7.20 10.00 11.14 12.04
STD DEV   5.42  5.34  5.71  5.19  5.98  3.97  4.93  4.09  3.56  4.97  6.03  6.33
SKEW      0.00  0.11  0.16  0.39  0.98  0.49  1.03  1.02  0.26  0.54  0.47  0.29
% SSW     5.68  2.78  4.59  4.68  5.49  4.05 10.05  7.25  4.99  4.66  4.76  4.26
MEAN     10.95 10.31 11.29 10.40  9.92  8.43  9.24  8.26  8.01  8.28 10.36 11.10
STD DEV   5.02  4.72  5.39  4.60  4.15  3.44  4.08  3.63  3.59  4.30  5.42  5.86
SKEW      0.46 -0.04 -0.10  0.54  0.44  0.26  0.99  0.51  0.20  0.87  0.29  0.51
% SW      5.43  3.85  6.28  7.15  7.48  8.99 15.70  9.17  7.15  5.64  3.99  5.39
MEAN      9.08  9.57  9.28  8.79  8.85  8.62  8.53  7.42  7.03  6.76  7.41  9.29
STD DEV   4.21  4.71  3.89  3.54  3.69  3.15  3.49  3.50  3.18  3.20  3.90  4.52
SKEW      0.38  0.28  0.44  0.15  0.57  0.16  0.44  0.71  0.38  0.71  1.02  0.41
% WSW     2.15  2.72  3.42  3.14  3.29  3.66  4.06  2.90  2.64  2.72  2.55  3.58
MEAN      6.70  6.37  6.33  6.66  6.94  6.24  6.41  5.55  4.87  5.78  6.49  6.50
STD DEV   2.90  3.65  3.19  3.51  3.25  2.49  2.71  2.20  2.38  2.87  3.37  3.18
SKEW      0.53  1.14  0.57  0.64  0.60  0.10  0.42  0.41  0.53  0.86  0.96  0.38
% W       2.12  2.01  2.85  2.27  2.44  3.29  2.90  2.65  2.75  2.65  2.76  2.78
MEAN      5.06  4.90  5.45  5.20  4.85  4.76  5.12  5.16  5.84  6.54  7.15  5.86
STD DEV   2.52  3.50  3.18  2.82  2.35  2.24  2.23  2.37  2.95  3.03  3.71  3.12
SKEW      0.68  2.05  0.98  0.63  0.27  0.58  0.61  0.48  0.74  0.70  0.61  0.87
% WNW     1.55  1.32  1.65  2.05  1.73  2.58  2.82  2.66  2.45  2.23  1.95  2.02
MEAN      4.23  4.87  4.61  5.81  4.73  4.27  5.10  5.71  7.27  7.68  6.84  6.03
STD DEV   1.59  2.77  2.14  3.00  2.26  1.93  2.15  2.67  3.18  3.09  3.20  2.65
SKEW      0.12  1.28  0.67  0.72  0.50  0.51  0.66  0.57  0.30  0.52  0.47  0.35
% NW      2.31  2.40  2.50  2.82  3.12  4.51  4.56  5.54  5.75  5.80  3.74  3.69
MEAN      5.26  5.00  4.91  5.10  4.68  4.10  5.26  5.95  7.43  8.66  7.77  6.14
STD DEV   2.33  2.40  2.14  2.63  2.24  1.82  2.39  2.78  3.03  2.92  3.22  2.45
SKEW      0.48  0.60  0.61  1.01  0.75  1.01  0.69  0.63  0.42  0.29  0.53  0.33
% NNW     2.08  2.38  2.70  3.01  3.19  3.22  2.73  4.84  6.38  6.17  4.76  3.69
MEAN      6.16  5.10  4.84  5.59  5.25  3.71  4.57  5.84  7.58  8.52  8.17  6.65
STD DEV   2.48  2.66  2.02  2.24  2.48  1.82  2.20  2.67  2.83  3.15  2.67  2.67
SKEW      0.24  1.17  0.44  0.38  0.63  0.79  0.55  0.35  0.06  0.40 -0.01  0.16
CALM     13.33 15.66 18.38 13.75 13.99 17.96 12.77  9.98  8.48  4.52  5.15 12.65
CAPE LISBURNE AK    0.511  NORTHEAST CP. AK    0.489  CAPE LISBURNE AK    0.000
 FREEHOLD NJ                             283181 0
 LATT=  40.25 LONG= -74.28 YEARS= 57. TYPE= 4
 ELEVATION =  190. TP5 = 2.42 TP6= 5.24
 MEAN P   0.34  0.35  0.39  0.34  0.37  0.36  0.46  0.48  0.47  0.43  0.44  0.38
 S DEV P  0.39  0.40  0.46  0.40  0.48  0.51  0.66  0.65  0.74  0.56  0.60  0.44
 SQEW  P  1.84  1.79  2.14  2.03  2.95  3.28  2.71  3.80  3.60  2.46  3.16  1.77
 P(W/W)   0.41  0.40  0.40  0.47  0.45  0.41  0.39  0.42  0.41  0.42  0.41  0.38
 P(W/D)   0.23  0.26  0.28  0.24  0.25  0.26  0.25  0.24  0.21  0.18  0.23  0.26
 TMAX AV 39.39 40.97 49.75 61.51 73.02 81.25 85.40 83.51 77.01 66.36 54.84 43.10
 TMIN AV 22.69 23.15 30.48 39.29 49.34 58.44 63.39 62.10 55.17 44.80 35.96 26.25
 SD TMAX 10.77 10.33 10.89 10.42  9.24  7.77  5.90  5.96  7.76  8.67  9.58 10.20
 SD TMIN 10.72 10.16  8.58  7.69  7.58  6.75  5.71  6.38  8.38  9.08  9.37  9.69
 SOL.RAD  136.  205.  296.  376.  442.  482.  469.  403.  342.  249.  156.  120.
 SD SOL   46.7  56.4  72.7  94.4 107.0 108.9 104.8 196.7  89.4  53.1  46.3  42.5
 MX .5 P  0.58  0.42  0.37  0.50  0.74  0.96  1.12  1.33  0.99  0.52  0.75  0.44
 DEW PT  24.65 23.56 28.46 38.01 48.91 58.46 63.65 63.46 56.56 47.46 35.39 25.56
Time Pk  0.616 0.723 0.760 0.800 0.803 0.815 0.830 0.849 0.863 0.914 0.945 1.000
% N      15.62 16.70 14.37 12.11 10.66  8.15  7.15  8.82 12.87 15.89 15.53 16.16
MEAN      5.63  5.43  5.40  5.48  5.30  4.56  3.81  4.16  5.04  5.69  5.56  4.96
STD DEV   3.02  2.53  2.51  2.34  2.19  1.91  1.65  1.84  2.34  2.52  2.76  2.73
SKEW      0.60  0.47  0.63  0.46  0.35  0.49  0.63  0.82  0.73  0.40  0.45  0.54
% NNE    16.57 16.60 18.26 15.33 11.69  8.13  6.94  8.56 13.25 15.11 15.41 17.12
MEAN      6.31  5.67  6.12  5.84  5.44  4.84  4.35  4.73  5.48  5.91  5.55  5.46
STD DEV   3.19  2.33  2.50  2.33  2.16  1.90  1.65  2.00  2.22  2.67  2.42  2.49
SKEW      0.72  0.34  0.29  0.50  0.38  0.49  0.43  0.67  0.35  0.67  0.50  0.51
% NE      8.65  9.69 12.29 12.67 10.38  6.56  5.36  6.35  7.74  9.76 10.96 10.79
MEAN      5.27  5.15  5.28  5.58  4.90  4.57  4.51  4.87  5.20  5.73  5.64  5.16
STD DEV   2.60  2.26  2.30  2.38  1.93  1.73  1.79  2.19  2.14  2.71  2.78  2.65
SKEW      0.76  0.61  0.59  0.57  0.61  0.55  0.41  0.73  0.69  0.66  0.60  0.83
% ENE     6.91  8.87 10.46 10.80 11.68  8.95  6.84  6.55  8.39  9.13  9.84  9.29
MEAN      5.34  4.96  5.13  5.08  4.96  4.92  4.88  5.15  5.54  5.12  5.59  5.44
STD DEV   2.52  2.21  2.11  2.15  1.91  1.88  1.65  2.08  2.18  2.12  2.61  2.42
SKEW      0.52  0.59  0.57  0.68  0.77  0.57  0.59  0.48  0.52  0.70  0.60  0.48
% E       6.36  8.16  8.33  8.96 10.72 11.42  9.34  9.66  9.38  8.03  8.64  7.12
MEAN      4.54  4.83  4.63  4.69  4.59  4.94  4.71  5.30  5.28  4.64  4.92  4.75
STD DEV   2.20  2.42  2.16  2.04  1.72  1.69  1.69  2.22  2.05  2.10  2.24  2.53
SKEW      1.63  0.95  1.05  0.40  0.46  0.38  0.67  0.63  0.40  0.76  0.90  0.82
% ESE     5.60  3.76  3.56  4.96  6.55  5.18  3.61  6.15  6.78  5.23  4.54  3.48
MEAN      5.85  5.58  4.86  4.91  4.68  4.66  4.75  5.66  5.98  5.65  5.34  4.46
STD DEV   3.26  3.55  2.39  2.46  1.86  1.73  1.72  2.44  2.59  2.68  2.48  1.99
SKEW      0.88  0.89  0.70  0.83  0.39  0.39  0.65  0.60  0.52  0.61  0.55  0.34
% SE      2.88  2.43  2.52  3.31  4.23  3.81  3.17  4.30  4.66  4.54  3.40  2.93
MEAN      5.19  5.38  5.23  4.50  4.21  4.16  4.64  5.30  5.34  5.82  6.09  5.96
STD DEV   2.64  3.63  3.13  2.53  1.89  1.55  1.80  2.29  2.33  2.80  2.92  3.65
SKEW      0.91  1.40  0.86  1.16  0.83  0.39  0.58  0.65  0.56  0.72  0.67  0.64
% SSE     2.02  1.99  1.88  2.59  3.15  3.36  3.37  4.56  4.61  4.36  3.40  2.15
MEAN      5.83  5.12  5.54  5.43  4.05  4.25  4.83  5.81  6.18  6.45  6.23  6.31
STD DEV   3.00  2.66  2.79  2.77  1.86  1.85  2.26  2.53  2.71  2.59  2.52  2.97
SKEW      0.55  0.65  0.45  0.47  0.62  0.73  0.98  0.49  0.71  0.25  0.56  0.59
% S       4.07  3.05  3.09  5.20  5.16  6.50  5.95  5.19  5.00  5.45  4.38  3.41
MEAN      5.76  5.28  5.34  5.59  4.37  4.46  5.19  5.69  6.00  6.25  5.37  5.06
STD DEV   2.94  2.72  2.71  2.80  2.11  1.82  2.20  2.70  2.72  2.48  2.40  2.39
SKEW      0.99  0.77  0.49  0.79  1.12  0.80  0.77  0.65  0.41  0.15  0.73  0.84
% SSW     4.20  3.36  4.16  4.39  5.93  9.62 10.93  7.93  5.01  3.49  3.47  3.08
MEAN      5.83  5.16  5.37  5.67  4.76  5.30  6.21  6.71  6.89  6.53  6.13  5.70
STD DEV   2.84  2.58  2.23  2.44  2.20  2.01  2.59  2.84  3.02  2.76  2.99  2.55
SKEW      0.93  1.47  0.26  0.60  1.23  0.32  0.47  0.44  0.49  0.40  1.24  0.78
% SW      4.03  3.85  3.43  3.53  4.48  8.18 12.44  9.51  4.25  2.69  2.52  2.95
MEAN      5.13  5.45  5.28  5.15  4.81  5.32  6.20  6.27  6.00  5.99  6.36  4.57
STD DEV   2.83  3.17  2.36  2.45  2.34  2.08  2.48  2.45  2.78  2.56  3.65  2.59
SKEW      0.92  1.22  0.76  0.69  1.14  0.66  0.61  0.51  0.70  0.30  0.72  1.53
% WSW     3.24  2.51  2.43  1.95  1.88  4.77  7.06  5.31  2.52  1.68  1.98  2.65
MEAN      5.42  5.04  5.19  4.78  4.88  5.81  6.13  6.04  5.42  6.09  5.59  5.88
STD DEV   2.82  2.92  2.22  2.27  2.42  2.47  2.37  2.35  2.31  2.54  3.00  3.21
SKEW      1.05  1.36  0.30  0.59  0.84  0.62  0.38  0.58  0.44  0.48  1.33  0.53
% W       3.89  4.00  3.28  2.32  2.00  4.21  5.96  4.60  3.23  2.28  2.66  3.75
MEAN      4.50  4.51  4.54  4.96  4.07  4.79  4.85  4.90  4.86  5.33  5.50  4.86
STD DEV   2.88  2.19  2.29  2.46  1.86  2.01  2.13  2.16  2.09  2.55  3.42  4.04
SKEW      1.63  0.92  1.25  0.44  1.14  0.48  0.62  0.54  0.44  1.20  1.68  1.73
% WNW     2.60  2.83  2.00  1.80  1.18  2.24  2.62  2.69  2.38  2.23  2.31  2.16
MEAN      4.01  3.74  3.93  3.66  3.18  3.84  3.93  4.70  4.80  4.84  5.00  4.19
STD DEV   2.07  1.53  1.53  1.85  1.26  1.65  1.92  2.18  2.05  1.88  2.43  2.36
SKEW      1.59  0.79  0.56  1.03  0.34  0.82  0.77  0.75  0.37  0.72  1.08  1.23
% NW      2.83  2.54  1.83  2.07  1.97  2.46  2.74  2.82  2.69  2.50  2.44  2.51
MEAN      3.38  3.06  3.27  3.31  3.66  3.74  3.44  3.70  4.20  4.41  4.09  3.36
STD DEV   1.61  1.42  1.49  1.34  1.53  1.83  1.54  1.60  1.86  1.96  2.29  1.99
SKEW      2.12  1.41  1.12  0.61  0.59  1.08  0.79  0.54  0.77  0.71  1.59  1.96
% NNW     4.85  4.86  3.75  3.21  3.47  2.98  2.31  3.27  3.83  3.87  4.18  4.36
MEAN      4.90  4.79  4.82  4.87  4.70  4.29  3.43  4.01  4.96  4.83  4.79  4.89
STD DEV   2.40  2.33  2.18  2.25  2.13  2.15  1.52  1.88  2.47  2.29  2.42  2.78
SKEW      0.45  0.63  0.34  0.44  0.32  0.98  0.93  0.87  0.73  0.67  0.86  0.67
CALM      5.61  4.76  4.35  4.84  4.87  3.47  4.13  3.73  3.49  3.74  4.41  6.12
BARROW        AK    0.513  MOSES PT.     AK    0.487  CAPE LISBURNE AK    0.000
 HIGH POINT PARK NJ                      283935 0
 LATT=  41.30 LONG= -74.67 YEARS= 36. TYPE= 4
 ELEVATION = 1410. TP5 = 2.48 TP6= 5.02
 MEAN P   0.33  0.29  0.35  0.39  0.41  0.40  0.40  0.43  0.48  0.42  0.42  0.36
 S DEV P  0.41  0.36  0.45  0.48  0.46  0.50  0.44  0.51  0.54  0.48  0.55  0.44
 SQEW  P  2.29  2.48  2.69  2.26  2.09  2.27  1.76  2.13  2.59  1.76  3.98  2.33
 P(W/W)   0.34  0.35  0.35  0.45  0.47  0.46  0.40  0.41  0.42  0.40  0.44  0.38
 P(W/D)   0.17  0.18  0.17  0.18  0.18  0.22  0.19  0.21  0.17  0.15  0.22  0.16
 TMAX AV 30.76 33.61 42.20 55.85 67.33 74.81 79.62 77.71 70.85 59.84 47.87 36.06
 TMIN AV 12.28 14.26 22.87 34.33 45.18 53.72 58.67 57.16 49.89 38.93 29.93 19.04
 SD TMAX 10.30 10.21 11.27 11.63 10.47  7.95  6.99  6.68  8.44  9.40  9.82 10.08
 SD TMIN 10.94 11.17  9.70  8.61  8.22  6.74  6.13  6.22  8.03  8.33  8.89 10.29
 SOL.RAD  133.  204.  292.  369.  444.  489.  481.  416.  346.  247.  151.  116.
 SD SOL   49.3  59.4  78.2 103.4 114.6 115.4 109.1 225.9  93.6  56.1  49.5  45.1
 MX .5 P  0.30  0.39  0.35  0.58  0.83  0.96  0.98  1.34  0.90  0.58  0.70  0.42
 DEW PT  21.29 21.29 26.27 36.63 46.63 56.27 62.23 60.90 54.53 44.90 33.51 23.66
Time Pk  0.700 0.772 0.813 0.842 0.854 0.862 0.878 0.891 0.901 0.931 0.964 1.000
% N       4.83  4.95  5.26  6.83  6.36  5.33  3.85  5.56  9.81  7.87  6.84  6.81
MEAN      6.30  5.44  4.93  5.48  5.25  4.65  4.71  5.92  7.65  8.00  8.04  6.67
STD DEV   2.88  2.59  1.90  2.15  2.25  2.27  2.47  2.54  2.75  2.92  2.89  2.45
SKEW      0.37  0.75  0.40  0.22  0.19  0.57  0.76  0.25  0.02  0.39  0.10  0.01
% NNE     3.15  3.96  2.69  3.07  3.79  3.11  2.22  4.63  5.53  5.60  5.64  4.21
MEAN      5.87  5.81  5.91  5.53  6.19  4.31  4.54  6.56  7.64  8.62  8.69  6.71
STD DEV   2.58  2.37  3.05  2.38  3.05  2.28  2.51  3.04  2.97  3.15  2.99  2.57
SKEW      0.34  0.43  0.73  0.38  0.59  1.22  0.83  0.14  0.21  0.15  0.37  0.11
% NE      4.52  6.05  3.97  4.25  7.28  7.59  4.71  8.60  7.53  7.40  7.85  5.69
MEAN      6.14  6.25  5.83  5.70  5.62  4.22  4.56  6.41  7.49  8.80  8.61  6.91
STD DEV   3.10  2.77  2.72  2.85  2.56  2.13  2.00  2.96  3.15  3.39  3.20  3.00
SKEW      0.64  0.90  0.55  0.83  0.62  2.03  0.60  0.41  0.20  0.26  0.22  0.16
% ENE     6.41  6.48  5.77  5.73  9.02  8.39  6.22  7.84 10.00  9.53 10.08  6.83
MEAN      6.64  6.58  7.24  6.39  5.72  4.26  4.61  5.85  7.20  9.12  9.93  7.48
STD DEV   3.04  3.17  3.26  3.13  2.84  1.95  2.00  2.77  3.20  3.27  3.81  3.13
SKEW      0.39  1.03  0.49  0.77  0.79  0.66  0.41  0.61  0.60  0.08  0.55  0.38
% E      15.89 16.46 17.46 18.89 16.83 14.65  9.82 11.13 11.84 10.86 13.67 16.80
MEAN      7.08  6.70  6.65  7.03  5.79  4.67  4.85  5.09  6.15  7.85  8.74  7.53
STD DEV   3.20  3.36  3.25  3.77  3.21  2.28  2.37  2.46  3.08  3.70  3.97  3.79
SKEW      0.58  0.67  0.84  1.37  1.38  0.94  1.30  0.95  0.77  0.53  0.61  0.93
% ESE     9.90 13.16 10.39  8.87  5.74  4.17  3.24  3.68  4.03  5.71  8.11  8.27
MEAN      8.21  6.86  7.21  7.55  6.06  5.93  4.55  5.07  6.22  6.95  7.10  6.49
STD DEV   4.56  3.28  3.71  4.23  3.19  2.68  2.49  2.24  3.36  3.59  3.57  3.43
SKEW      1.36  0.69  0.68  1.17  1.34  0.60  2.76  0.53  0.79  1.29  1.26  0.70
% SE      8.09  9.03  6.48  5.87  3.62  2.61  2.72  3.80  4.43  7.29  7.54  6.70
MEAN     10.08  8.20  7.60  8.52  7.20  5.97  5.58  5.61  5.42  6.98  8.01  7.43
STD DEV   6.16  3.68  3.83  4.47  3.65  3.05  2.99  2.91  2.76  4.07  4.22  4.09
SKEW      1.75  0.99  0.32  0.95  1.94  1.12  1.27  1.10  0.92  1.56  1.20  1.74
% SSE     4.87  3.29  2.10  3.24  2.24  1.75  3.23  2.94  2.10  4.43  4.20  2.81
MEAN     12.17  9.21  8.35 10.15  8.46  7.45  8.36  7.30  5.75  9.60 10.94 10.14
STD DEV   6.88  4.28  4.51  4.87  4.65  3.82  4.32  3.97  3.13  5.38  6.37  5.73
SKEW      0.69  0.26  0.27  0.76  0.86  0.34  0.78  0.53  0.72  0.36  0.66  0.29
% S       7.74  3.36  3.53  4.49  4.37  4.08  8.36  6.83  4.17  7.04  6.46  3.77
MEAN     11.89 10.85 11.97 11.27 10.07  8.06  9.67  7.93  7.20 10.00 11.14 12.04
STD DEV   5.42  5.34  5.71  5.20  5.98  3.97  4.93  4.09  3.56  4.97  6.03  6.33
SKEW      0.00  0.11  0.16  0.39  0.98  0.49  1.03  1.02  0.26  0.54  0.47  0.29
% SSW     5.68  2.78  4.59  4.68  5.49  4.05 10.05  7.25  4.99  4.66  4.76  4.26
MEAN     10.95 10.31 11.29 10.40  9.92  8.43  9.24  8.26  8.01  8.28 10.36 11.10
STD DEV   5.02  4.72  5.39  4.60  4.15  3.44  4.08  3.63  3.59  4.30  5.42  5.86
SKEW      0.46 -0.04 -0.10  0.54  0.44  0.26  0.99  0.51  0.20  0.87  0.29  0.51
% SW      5.43  3.85  6.28  7.15  7.48  8.99 15.70  9.17  7.15  5.64  3.99  5.39
MEAN      9.08  9.57  9.28  8.79  8.85  8.62  8.53  7.42  7.04  6.76  7.41  9.29
STD DEV   4.21  4.71  3.89  3.54  3.69  3.15  3.49  3.50  3.18  3.20  3.90  4.52
SKEW      0.38  0.28  0.44  0.15  0.57  0.16  0.44  0.71  0.38  0.71  1.02  0.41
% WSW     2.15  2.72  3.42  3.13  3.29  3.66  4.05  2.89  2.64  2.71  2.55  3.58
MEAN      6.70  6.37  6.33  6.66  6.94  6.24  6.41  5.55  4.87  5.78  6.49  6.50
STD DEV   2.90  3.65  3.19  3.51  3.25  2.49  2.71  2.20  2.38  2.87  3.37  3.18
SKEW      0.53  1.14  0.57  0.64  0.60  0.10  0.42  0.41  0.53  0.86  0.96  0.38
% W       2.12  2.01  2.85  2.27  2.44  3.29  2.90  2.65  2.75  2.65  2.76  2.78
MEAN      5.06  4.90  5.45  5.20  4.85  4.76  5.12  5.16  5.84  6.54  7.15  5.86
STD DEV   2.52  3.50  3.18  2.82  2.35  2.24  2.23  2.37  2.95  3.03  3.71  3.12
SKEW      0.68  2.05  0.98  0.63  0.27  0.58  0.61  0.48  0.74  0.70  0.61  0.87
% WNW     1.55  1.32  1.65  2.05  1.73  2.58  2.82  2.66  2.45  2.23  1.95  2.02
MEAN      4.23  4.87  4.61  5.81  4.73  4.27  5.10  5.71  7.27  7.68  6.84  6.03
STD DEV   1.59  2.77  2.14  3.00  2.26  1.93  2.15  2.67  3.18  3.09  3.20  2.65
SKEW      0.12  1.28  0.67  0.72  0.50  0.51  0.66  0.57  0.30  0.52  0.47  0.35
% NW      2.31  2.40  2.50  2.82  3.12  4.51  4.56  5.54  5.75  5.80  3.74  3.69
MEAN      5.26  5.00  4.91  5.10  4.68  4.10  5.26  5.95  7.43  8.66  7.77  6.14
STD DEV   2.33  2.40  2.14  2.63  2.24  1.82  2.39  2.78  3.03  2.92  3.22  2.45
SKEW      0.48  0.60  0.61  1.01  0.75  1.01  0.69  0.63  0.42  0.29  0.53  0.33
% NNW     2.08  2.38  2.70  3.01  3.19  3.22  2.73  4.84  6.38  6.17  4.76  3.69
MEAN      6.16  5.10  4.84  5.59  5.25  3.71  4.57  5.84  7.58  8.52  8.16  6.65
STD DEV   2.48  2.66  2.02  2.24  2.48  1.82  2.20  2.67  2.83  3.15  2.67  2.67
SKEW      0.24  1.17  0.44  0.38  0.63  0.79  0.55  0.35  0.06  0.40 -0.01  0.16
CALM     13.33 15.66 18.38 13.75 13.99 17.96 12.77  9.98  8.48  4.52  5.15 12.65
CAPE LISBURNE AK    0.511  NORTHEAST CP. AK    0.489  CAPE LISBURNE AK    0.000
 INDIAN MILLS 2 W NJ                     284229 0
 LATT=  39.80 LONG= -74.78 YEARS= 65. TYPE= 4
 ELEVATION =  100. TP5 = 2.56 TP6= 5.30
 MEAN P   0.37  0.36  0.38  0.37  0.37  0.42  0.45  0.58  0.47  0.44  0.43  0.41
 S DEV P  0.41  0.39  0.42  0.44  0.45  0.55  0.63  0.78  0.71  0.57  0.53  0.46
 SQEW  P  2.04  1.62  1.87  2.63  2.75  4.04  3.02  3.15  3.24  2.39  2.60  1.88
 P(W/W)   0.42  0.37  0.40  0.45  0.41  0.39  0.39  0.39  0.36  0.40  0.40  0.37
 P(W/D)   0.27  0.28  0.30  0.28  0.28  0.27  0.25  0.25  0.21  0.19  0.24  0.25
 TMAX AV 41.44 43.66 52.27 63.48 74.57 82.45 86.59 84.64 78.38 67.89 56.52 45.00
 TMIN AV 22.27 23.30 30.33 38.69 48.72 57.48 62.67 61.24 53.98 42.82 34.35 25.51
 SD TMAX 10.73 10.59 11.24 10.79  9.37  7.71  6.05  6.37  8.02  8.92 10.01 10.34
 SD TMIN 11.26 10.73  9.58  8.80  8.85  7.89  6.89  7.61  9.87 10.65 10.53 10.80
 SOL.RAD  152.  222.  313.  397.  473.  517.  500.  443.  375.  271.  184.  135.
 SD SOL   44.4  53.9  70.1  90.1  98.8  98.8  96.3 180.3  81.5  48.8  40.1  40.6
 MX .5 P  0.46  0.37  0.45  0.52  0.68  1.14  1.30  1.16  1.00  0.50  0.47  0.49
 DEW PT  25.15 24.21 28.88 38.94 49.61 59.27 64.54 63.88 57.21 47.48 36.08 25.81
Time Pk  0.662 0.743 0.790 0.841 0.859 0.869 0.887 0.900 0.913 0.935 0.965 1.000
% N       4.83  4.95  5.26  6.83  6.37  5.33  3.85  5.57  9.82  7.87  6.85  6.81
MEAN      6.30  5.44  4.93  5.48  5.25  4.65  4.71  5.92  7.65  8.00  8.05  6.67
STD DEV   2.88  2.59  1.90  2.15  2.25  2.27  2.47  2.54  2.75  2.92  2.89  2.45
SKEW      0.37  0.75  0.40  0.22  0.19  0.57  0.76  0.25  0.02  0.39  0.10  0.01
% NNE     3.15  3.96  2.70  3.07  3.79  3.11  2.22  4.63  5.53  5.60  5.64  4.21
MEAN      5.87  5.81  5.91  5.53  6.19  4.31  4.54  6.56  7.64  8.62  8.70  6.71
STD DEV   2.58  2.37  3.05  2.38  3.05  2.28  2.51  3.04  2.97  3.15  2.99  2.57
SKEW      0.34  0.43  0.73  0.38  0.59  1.22  0.83  0.14  0.21  0.15  0.37  0.11
% NE      4.53  6.05  3.97  4.25  7.28  7.59  4.71  8.60  7.53  7.40  7.85  5.69
MEAN      6.14  6.25  5.83  5.70  5.62  4.22  4.56  6.41  7.49  8.80  8.61  6.91
STD DEV   3.10  2.77  2.72  2.86  2.56  2.13  2.00  2.96  3.15  3.39  3.20  3.00
SKEW      0.64  0.90  0.55  0.83  0.62  2.03  0.60  0.41  0.20  0.26  0.22  0.16
% ENE     6.41  6.49  5.77  5.73  9.02  8.39  6.21  7.84  9.99  9.53 10.08  6.83
MEAN      6.64  6.58  7.24  6.39  5.72  4.26  4.61  5.85  7.20  9.12  9.93  7.48
STD DEV   3.04  3.17  3.26  3.13  2.84  1.95  2.00  2.77  3.20  3.27  3.81  3.13
SKEW      0.39  1.03  0.49  0.78  0.79  0.66  0.41  0.61  0.60  0.08  0.55  0.38
% E      15.89 16.45 17.45 18.88 16.83 14.65  9.82 11.13 11.83 10.86 13.67 16.80
MEAN      7.08  6.70  6.65  7.03  5.79  4.67  4.85  5.09  6.15  7.85  8.74  7.53
STD DEV   3.20  3.36  3.25  3.77  3.21  2.28  2.37  2.46  3.08  3.70  3.97  3.79
SKEW      0.58  0.67  0.84  1.37  1.39  0.94  1.30  0.95  0.77  0.53  0.61  0.94
% ESE     9.89 13.16 10.38  8.87  5.74  4.16  3.24  3.68  4.03  5.70  8.11  8.27
MEAN      8.21  6.86  7.22  7.55  6.06  5.93  4.55  5.08  6.22  6.95  7.11  6.49
STD DEV   4.56  3.28  3.71  4.23  3.19  2.68  2.49  2.24  3.36  3.60  3.57  3.43
SKEW      1.35  0.69  0.68  1.17  1.34  0.60  2.76  0.53  0.79  1.29  1.26  0.70
% SE      8.09  9.02  6.48  5.87  3.62  2.61  2.72  3.80  4.43  7.28  7.54  6.70
MEAN     10.08  8.20  7.61  8.52  7.20  5.97  5.58  5.61  5.42  6.98  8.02  7.43
STD DEV   6.16  3.68  3.83  4.48  3.65  3.05  2.99  2.91  2.76  4.07  4.22  4.09
SKEW      1.75  0.98  0.32  0.94  1.94  1.12  1.27  1.10  0.92  1.56  1.20  1.74
% SSE     4.87  3.29  2.10  3.24  2.24  1.75  3.23  2.94  2.10  4.43  4.20  2.81
MEAN     12.17  9.21  8.35 10.15  8.46  7.45  8.36  7.30  5.75  9.60 10.95 10.15
STD DEV   6.88  4.28  4.51  4.87  4.66  3.82  4.31  3.97  3.13  5.38  6.37  5.73
SKEW      0.69  0.26  0.26  0.76  0.86  0.34  0.78  0.53  0.72  0.36  0.66  0.29
% S       7.74  3.36  3.53  4.49  4.37  4.07  8.36  6.83  4.17  7.04  6.46  3.77
MEAN     11.89 10.85 11.97 11.27 10.07  8.06  9.67  7.93  7.20 10.00 11.14 12.04
STD DEV   5.42  5.34  5.71  5.19  5.98  3.97  4.93  4.09  3.56  4.97  6.03  6.33
SKEW      0.00  0.11  0.16  0.39  0.98  0.49  1.03  1.02  0.26  0.54  0.47  0.29
% SSW     5.68  2.78  4.58  4.68  5.49  4.05 10.04  7.25  4.99  4.66  4.76  4.25
MEAN     10.95 10.31 11.29 10.40  9.92  8.43  9.24  8.26  8.01  8.28 10.36 11.10
STD DEV   5.02  4.72  5.39  4.60  4.15  3.44  4.08  3.63  3.59  4.30  5.42  5.86
SKEW      0.46 -0.04 -0.10  0.54  0.45  0.26  0.99  0.51  0.20  0.87  0.29  0.51
% SW      5.43  3.85  6.28  7.15  7.49  8.99 15.70  9.17  7.15  5.64  3.99  5.39
MEAN      9.08  9.56  9.28  8.79  8.85  8.61  8.53  7.42  7.03  6.76  7.41  9.29
STD DEV   4.21  4.70  3.89  3.54  3.69  3.15  3.49  3.50  3.18  3.20  3.90  4.52
SKEW      0.38  0.28  0.44  0.15  0.57  0.16  0.44  0.71  0.38  0.71  1.02  0.41
% WSW     2.15  2.72  3.42  3.14  3.29  3.67  4.06  2.90  2.64  2.72  2.55  3.58
MEAN      6.70  6.37  6.33  6.66  6.94  6.24  6.41  5.55  4.87  5.78  6.49  6.50
STD DEV   2.90  3.65  3.19  3.51  3.25  2.49  2.71  2.20  2.38  2.87  3.37  3.18
SKEW      0.53  1.14  0.57  0.64  0.61  0.10  0.42  0.41  0.53  0.86  0.96  0.38
% W       2.12  2.01  2.85  2.27  2.44  3.29  2.90  2.65  2.75  2.65  2.76  2.78
MEAN      5.06  4.90  5.45  5.20  4.85  4.76  5.12  5.16  5.84  6.54  7.15  5.86
STD DEV   2.52  3.50  3.18  2.82  2.35  2.24  2.23  2.37  2.95  3.03  3.71  3.12
SKEW      0.68  2.05  0.98  0.63  0.27  0.58  0.61  0.48  0.74  0.70  0.61  0.87
% WNW     1.55  1.32  1.65  2.05  1.73  2.58  2.82  2.66  2.45  2.23  1.95  2.02
MEAN      4.23  4.87  4.61  5.81  4.73  4.27  5.10  5.71  7.27  7.68  6.84  6.03
STD DEV   1.59  2.77  2.14  3.00  2.26  1.93  2.15  2.67  3.18  3.09  3.20  2.65
SKEW      0.12  1.28  0.67  0.72  0.51  0.51  0.66  0.57  0.30  0.52  0.47  0.35
% NW      2.31  2.40  2.50  2.82  3.12  4.51  4.57  5.54  5.75  5.81  3.74  3.70
MEAN      5.26  5.00  4.91  5.10  4.68  4.10  5.26  5.95  7.43  8.66  7.77  6.14
STD DEV   2.33  2.40  2.14  2.63  2.24  1.82  2.39  2.78  3.03  2.92  3.22  2.45
SKEW      0.48  0.60  0.61  1.01  0.75  1.01  0.69  0.63  0.42  0.29  0.53  0.33
% NNW     2.08  2.38  2.70  3.01  3.19  3.22  2.73  4.84  6.39  6.17  4.76  3.69
MEAN      6.16  5.10  4.84  5.59  5.26  3.71  4.57  5.84  7.58  8.52  8.17  6.65
STD DEV   2.48  2.67  2.03  2.24  2.48  1.82  2.20  2.67  2.83  3.15  2.67  2.67
SKEW      0.24  1.17  0.44  0.38  0.63  0.79  0.55  0.35  0.06  0.40 -0.01  0.16
CALM     13.34 15.66 18.38 13.75 13.99 17.97 12.77  9.98  8.48  4.52  5.15 12.65
CAPE LISBURNE AK    0.511  NORTHEAST CP. AK    0.489  CAPE LISBURNE AK    0.000
 NEWARK WSO AP NJ                        286026 0
 LATT=  40.70 LONG= -74.17 YEARS= 44. TYPE= 4
 ELEVATION =   10. TP5 = 2.40 TP6= 5.25
 MEAN P   0.31  0.31  0.36  0.35  0.34  0.30  0.43  0.44  0.41  0.39  0.35  0.32
 S DEV P  0.39  0.38  0.47  0.47  0.49  0.38  0.58  0.64  0.61  0.51  0.46  0.39
 SQEW  P  2.64  2.08  2.24  2.49  3.10  2.19  2.46  3.23  3.24  2.12  2.72  2.02
 P(W/W)   0.45  0.43  0.45  0.49  0.48  0.43  0.40  0.43  0.44  0.40  0.43  0.45
 P(W/D)   0.28  0.29  0.30  0.29  0.30  0.27  0.27  0.25  0.21  0.20  0.29  0.30
 TMAX AV 38.60 41.28 49.73 61.56 71.99 81.13 85.95 84.10 76.79 66.24 54.54 42.79
 TMIN AV 24.44 26.08 33.36 43.13 53.29 62.66 68.32 67.04 59.27 48.40 38.99 28.82
 SD TMAX 10.15 10.05 10.40 10.26  9.61  8.17  6.54  6.21  7.90  8.61  9.36  9.96
 SD TMIN  9.64  9.08  7.98  6.96  6.80  5.92  4.71  5.41  7.51  8.07  8.23  9.18
 SOL.RAD  130.  199.  290.  369.  432.  470.  459.  389.  331.  242.  147.  115.
 SD SOL   51.4  62.2  80.0 104.5 119.7 122.5 117.3 246.1  99.3  59.2  52.3  46.7
 MX .5 P  0.31  0.46  0.31  0.60  0.81  0.79  0.90  1.49  0.85  0.59  1.00  0.40
 DEW PT  23.00 23.00 27.00 37.00 47.00 57.00 62.00 62.00 56.00 46.00 34.00 25.00
Time Pk  0.637 0.720 0.762 0.803 0.816 0.828 0.846 0.867 0.878 0.914 0.947 1.000
% N       4.83  4.95  5.26  6.83  6.36  5.33  3.85  5.56  9.82  7.87  6.84  6.81
MEAN      6.30  5.44  4.93  5.48  5.25  4.65  4.71  5.92  7.65  8.00  8.04  6.67
STD DEV   2.88  2.59  1.90  2.15  2.25  2.27  2.47  2.54  2.75  2.92  2.89  2.45
SKEW      0.37  0.75  0.40  0.22  0.19  0.57  0.76  0.25  0.02  0.39  0.10  0.01
% NNE     3.15  3.96  2.69  3.07  3.79  3.11  2.22  4.63  5.53  5.60  5.64  4.21
MEAN      5.87  5.81  5.91  5.53  6.19  4.31  4.54  6.56  7.64  8.62  8.69  6.71
STD DEV   2.58  2.37  3.05  2.38  3.05  2.28  2.51  3.04  2.97  3.15  2.99  2.57
SKEW      0.34  0.43  0.73  0.38  0.59  1.22  0.83  0.14  0.21  0.15  0.37  0.11
% NE      4.52  6.05  3.97  4.25  7.28  7.59  4.71  8.60  7.53  7.40  7.85  5.69
MEAN      6.14  6.25  5.83  5.70  5.62  4.22  4.56  6.41  7.49  8.80  8.61  6.91
STD DEV   3.10  2.77  2.72  2.85  2.56  2.13  2.00  2.96  3.15  3.39  3.20  3.00
SKEW      0.64  0.90  0.55  0.83  0.62  2.03  0.60  0.41  0.20  0.26  0.22  0.16
% ENE     6.41  6.49  5.77  5.73  9.02  8.39  6.22  7.84 10.00  9.53 10.08  6.83
MEAN      6.64  6.58  7.24  6.39  5.72  4.26  4.61  5.85  7.20  9.12  9.93  7.48
STD DEV   3.04  3.17  3.26  3.13  2.84  1.95  2.00  2.77  3.20  3.27  3.81  3.13
SKEW      0.39  1.03  0.49  0.77  0.79  0.66  0.41  0.61  0.60  0.08  0.55  0.38
% E      15.89 16.46 17.46 18.88 16.83 14.65  9.82 11.13 11.84 10.86 13.67 16.80
MEAN      7.08  6.70  6.65  7.03  5.79  4.67  4.85  5.09  6.15  7.85  8.74  7.53
STD DEV   3.20  3.36  3.25  3.77  3.21  2.28  2.37  2.46  3.08  3.70  3.97  3.79
SKEW      0.58  0.67  0.84  1.37  1.38  0.94  1.30  0.95  0.77  0.53  0.61  0.93
% ESE     9.89 13.16 10.39  8.87  5.74  4.17  3.24  3.68  4.03  5.71  8.11  8.27
MEAN      8.21  6.86  7.21  7.55  6.06  5.93  4.55  5.07  6.22  6.95  7.11  6.49
STD DEV   4.56  3.28  3.71  4.23  3.19  2.68  2.49  2.24  3.36  3.59  3.57  3.43
SKEW      1.36  0.69  0.68  1.17  1.34  0.60  2.76  0.53  0.79  1.29  1.26  0.70
% SE      8.09  9.03  6.48  5.87  3.62  2.61  2.72  3.80  4.43  7.28  7.54  6.70
MEAN     10.08  8.20  7.60  8.52  7.20  5.97  5.58  5.61  5.42  6.98  8.01  7.43
STD DEV   6.16  3.68  3.83  4.47  3.65  3.05  2.99  2.91  2.76  4.07  4.22  4.09
SKEW      1.75  0.99  0.32  0.95  1.94  1.12  1.27  1.10  0.92  1.56  1.20  1.74
% SSE     4.87  3.29  2.10  3.24  2.24  1.75  3.23  2.94  2.10  4.43  4.20  2.81
MEAN     12.17  9.21  8.35 10.15  8.46  7.45  8.36  7.30  5.75  9.60 10.94 10.14
STD DEV   6.88  4.28  4.51  4.87  4.65  3.82  4.32  3.97  3.13  5.38  6.37  5.73
SKEW      0.69  0.26  0.27  0.76  0.86  0.34  0.78  0.53  0.72  0.36  0.66  0.29
% S       7.74  3.36  3.53  4.49  4.37  4.07  8.36  6.83  4.17  7.04  6.46  3.77
MEAN     11.89 10.85 11.97 11.27 10.07  8.06  9.67  7.93  7.20 10.00 11.14 12.04
STD DEV   5.42  5.34  5.71  5.19  5.98  3.97  4.93  4.09  3.56  4.97  6.03  6.33
SKEW      0.00  0.11  0.16  0.39  0.98  0.49  1.03  1.02  0.26  0.54  0.47  0.29
% SSW     5.68  2.78  4.59  4.68  5.49  4.05 10.05  7.25  4.99  4.66  4.76  4.26
MEAN     10.95 10.31 11.29 10.40  9.92  8.43  9.24  8.26  8.01  8.28 10.36 11.10
STD DEV   5.02  4.72  5.39  4.60  4.15  3.44  4.08  3.63  3.59  4.30  5.42  5.86
SKEW      0.46 -0.04 -0.10  0.54  0.44  0.26  0.99  0.51  0.20  0.87  0.29  0.51
% SW      5.43  3.85  6.28  7.15  7.48  8.99 15.70  9.17  7.15  5.64  3.99  5.39
MEAN      9.08  9.57  9.28  8.79  8.85  8.62  8.53  7.42  7.03  6.76  7.41  9.29
STD DEV   4.21  4.71  3.89  3.54  3.69  3.15  3.49  3.50  3.18  3.20  3.90  4.52
SKEW      0.38  0.28  0.44  0.15  0.57  0.16  0.44  0.71  0.38  0.71  1.02  0.41
% WSW     2.15  2.72  3.42  3.14  3.29  3.66  4.06  2.90  2.64  2.72  2.55  3.58
MEAN      6.70  6.37  6.33  6.66  6.94  6.24  6.41  5.55  4.87  5.78  6.49  6.50
STD DEV   2.90  3.65  3.19  3.51  3.25  2.49  2.71  2.20  2.38  2.87  3.37  3.18
SKEW      0.53  1.14  0.57  0.64  0.60  0.10  0.42  0.41  0.53  0.86  0.96  0.38
% W       2.12  2.01  2.85  2.27  2.44  3.29  2.90  2.65  2.75  2.65  2.76  2.78
MEAN      5.06  4.90  5.45  5.20  4.85  4.76  5.12  5.16  5.84  6.54  7.15  5.86
STD DEV   2.52  3.50  3.18  2.82  2.35  2.24  2.23  2.37  2.95  3.03  3.71  3.12
SKEW      0.68  2.05  0.98  0.63  0.27  0.58  0.61  0.48  0.74  0.70  0.61  0.87
% WNW     1.55  1.32  1.65  2.05  1.73  2.58  2.82  2.66  2.45  2.23  1.95  2.02
MEAN      4.23  4.87  4.61  5.81  4.73  4.27  5.10  5.71  7.27  7.68  6.84  6.03
STD DEV   1.59  2.77  2.14  3.00  2.26  1.93  2.15  2.67  3.18  3.09  3.20  2.65
SKEW      0.12  1.28  0.67  0.72  0.50  0.51  0.66  0.57  0.30  0.52  0.47  0.35
% NW      2.31  2.40  2.50  2.82  3.12  4.51  4.56  5.54  5.75  5.80  3.74  3.69
MEAN      5.26  5.00  4.91  5.10  4.68  4.10  5.26  5.95  7.43  8.66  7.77  6.14
STD DEV   2.33  2.40  2.14  2.63  2.24  1.82  2.39  2.78  3.03  2.92  3.22  2.45
SKEW      0.48  0.60  0.61  1.01  0.75  1.01  0.69  0.63  0.42  0.29  0.53  0.33
% NNW     2.08  2.38  2.70  3.01  3.19  3.22  2.73  4.84  6.38  6.17  4.76  3.69
MEAN      6.16  5.10  4.84  5.59  5.26  3.71  4.57  5.84  7.58  8.52  8.17  6.65
STD DEV   2.48  2.66  2.02  2.24  2.48  1.82  2.20  2.67  2.83  3.15  2.67  2.67
SKEW      0.24  1.17  0.44  0.38  0.63  0.79  0.55  0.35  0.06  0.40 -0.01  0.16
CALM     13.33 15.66 18.38 13.75 13.99 17.96 12.77  9.98  8.48  4.52  5.15 12.65
CAPE LISBURNE AK    0.511  NORTHEAST CP. AK    0.489  NEWARK/INT    NJ    0.000
 SOMERVILLE NJ                           288194 0
 LATT=  40.58 LONG= -74.62 YEARS= 61. TYPE= 4
 ELEVATION =   60. TP5 = 2.42 TP6= 5.21
 MEAN P   0.36  0.33  0.37  0.36  0.37  0.40  0.47  0.50  0.52  0.42  0.39  0.36
 S DEV P  0.41  0.34  0.44  0.42  0.45  0.53  0.58  0.75  0.68  0.53  0.52  0.42
 SQEW  P  1.91  1.73  2.01  2.08  2.11  2.89  2.39  4.46  2.45  2.27  2.46  1.81
 P(W/W)   0.38  0.39  0.41  0.48  0.47  0.44  0.43  0.41  0.42  0.41  0.41  0.39
 P(W/D)   0.25  0.25  0.28  0.28  0.28  0.27  0.25  0.24  0.18  0.20  0.27  0.26
 TMAX AV 38.22 40.71 49.63 61.72 72.89 81.22 86.00 83.84 76.88 66.03 53.75 41.65
 TMIN AV 20.41 21.50 28.86 38.05 48.12 57.11 62.12 60.95 53.19 42.30 33.55 23.99
 SD TMAX  9.82  9.67 10.72 10.64  9.06  7.70  6.06  6.23  8.00  8.81  9.53  9.80
 SD TMIN 10.69  9.95  8.62  8.07  8.03  7.02  6.06  6.63  8.99  9.56  9.49  9.85
 SOL.RAD  136.  205.  294.  373.  440.  480.  468.  404.  339.  247.  154.  119.
 SD SOL   49.3  59.9  78.4 102.9 116.3 118.7 113.9 235.2  96.5  57.3  49.5  45.2
 MX .5 P  0.32  0.42  0.38  0.55  0.78  0.92  1.06  1.32  0.91  0.60  0.79  0.44
 DEW PT  23.29 22.77 27.75 37.60 48.35 57.98 62.75 62.75 55.77 46.29 34.37 24.54
Time Pk  0.685 0.766 0.807 0.846 0.857 0.869 0.886 0.899 0.912 0.932 0.963 1.000
% N       4.83  4.95  5.26  6.83  6.36  5.33  3.85  5.56  9.82  7.87  6.84  6.81
MEAN      6.30  5.44  4.93  5.48  5.25  4.65  4.71  5.92  7.65  8.00  8.04  6.67
STD DEV   2.88  2.59  1.90  2.15  2.25  2.27  2.47  2.54  2.75  2.92  2.89  2.45
SKEW      0.37  0.75  0.40  0.22  0.19  0.57  0.76  0.25  0.02  0.39  0.10  0.01
% NNE     3.15  3.96  2.69  3.07  3.79  3.11  2.22  4.63  5.53  5.60  5.64  4.21
MEAN      5.87  5.81  5.91  5.53  6.19  4.31  4.54  6.56  7.64  8.62  8.69  6.71
STD DEV   2.58  2.37  3.05  2.38  3.05  2.28  2.51  3.04  2.97  3.15  2.99  2.57
SKEW      0.34  0.43  0.73  0.38  0.59  1.22  0.83  0.14  0.21  0.15  0.37  0.11
% NE      4.52  6.05  3.97  4.25  7.28  7.59  4.71  8.60  7.53  7.40  7.85  5.69
MEAN      6.14  6.25  5.83  5.70  5.62  4.22  4.56  6.41  7.49  8.80  8.61  6.91
STD DEV   3.10  2.77  2.72  2.85  2.56  2.13  2.00  2.96  3.15  3.39  3.20  3.00
SKEW      0.64  0.90  0.55  0.83  0.62  2.03  0.60  0.41  0.20  0.26  0.22  0.16
% ENE     6.41  6.49  5.77  5.73  9.02  8.39  6.22  7.84 10.00  9.53 10.08  6.83
MEAN      6.64  6.58  7.24  6.39  5.72  4.26  4.61  5.85  7.20  9.12  9.93  7.48
STD DEV   3.04  3.17  3.26  3.13  2.84  1.95  2.00  2.77  3.20  3.27  3.81  3.13
SKEW      0.39  1.03  0.49  0.77  0.79  0.66  0.41  0.61  0.60  0.08  0.55  0.38
% E      15.89 16.46 17.45 18.88 16.83 14.65  9.82 11.13 11.84 10.86 13.67 16.80
MEAN      7.08  6.70  6.65  7.03  5.79  4.67  4.85  5.09  6.15  7.85  8.74  7.53
STD DEV   3.20  3.36  3.25  3.77  3.21  2.28  2.37  2.46  3.08  3.70  3.97  3.79
SKEW      0.58  0.67  0.84  1.37  1.38  0.94  1.30  0.95  0.77  0.53  0.61  0.93
% ESE     9.89 13.16 10.39  8.87  5.74  4.16  3.24  3.68  4.03  5.70  8.11  8.27
MEAN      8.21  6.86  7.21  7.55  6.06  5.93  4.55  5.08  6.22  6.95  7.11  6.49
STD DEV   4.56  3.28  3.71  4.23  3.19  2.68  2.49  2.24  3.36  3.60  3.57  3.43
SKEW      1.35  0.69  0.68  1.17  1.34  0.60  2.76  0.53  0.79  1.29  1.26  0.70
% SE      8.09  9.02  6.48  5.87  3.62  2.61  2.72  3.80  4.43  7.28  7.54  6.70
MEAN     10.08  8.20  7.60  8.52  7.20  5.97  5.58  5.61  5.42  6.98  8.01  7.43
STD DEV   6.16  3.68  3.83  4.47  3.65  3.05  2.99  2.91  2.76  4.07  4.22  4.09
SKEW      1.75  0.99  0.32  0.95  1.94  1.12  1.27  1.10  0.92  1.56  1.20  1.74
% SSE     4.87  3.29  2.10  3.24  2.24  1.75  3.23  2.94  2.10  4.43  4.20  2.81
MEAN     12.17  9.21  8.35 10.15  8.46  7.45  8.36  7.30  5.75  9.60 10.94 10.14
STD DEV   6.88  4.28  4.51  4.87  4.65  3.82  4.32  3.97  3.13  5.38  6.37  5.73
SKEW      0.69  0.26  0.27  0.76  0.86  0.34  0.78  0.53  0.72  0.36  0.66  0.29
% S       7.74  3.36  3.53  4.49  4.37  4.07  8.36  6.83  4.17  7.04  6.46  3.77
MEAN     11.89 10.85 11.97 11.27 10.07  8.06  9.67  7.93  7.20 10.00 11.14 12.04
STD DEV   5.42  5.34  5.71  5.19  5.98  3.97  4.93  4.09  3.56  4.97  6.03  6.33
SKEW      0.00  0.11  0.16  0.39  0.98  0.49  1.03  1.02  0.26  0.54  0.47  0.29
% SSW     5.68  2.78  4.59  4.68  5.49  4.05 10.05  7.25  4.99  4.66  4.76  4.26
MEAN     10.95 10.31 11.29 10.40  9.92  8.43  9.24  8.26  8.01  8.28 10.36 11.10
STD DEV   5.02  4.72  5.39  4.60  4.15  3.44  4.08  3.63  3.59  4.30  5.42  5.86
SKEW      0.46 -0.04 -0.10  0.54  0.44  0.26  0.99  0.51  0.20  0.87  0.29  0.51
% SW      5.43  3.85  6.28  7.15  7.48  8.99 15.70  9.17  7.15  5.64  3.99  5.39
MEAN      9.08  9.56  9.28  8.79  8.85  8.61  8.53  7.42  7.03  6.76  7.41  9.29
STD DEV   4.21  4.71  3.89  3.54  3.69  3.15  3.49  3.50  3.18  3.20  3.90  4.52
SKEW      0.38  0.28  0.44  0.15  0.57  0.16  0.44  0.71  0.38  0.71  1.02  0.41
% WSW     2.15  2.72  3.42  3.14  3.29  3.66  4.06  2.90  2.64  2.72  2.55  3.58
MEAN      6.70  6.37  6.33  6.66  6.94  6.24  6.41  5.55  4.87  5.78  6.49  6.50
STD DEV   2.90  3.65  3.19  3.51  3.25  2.49  2.71  2.20  2.38  2.87  3.37  3.18
SKEW      0.53  1.14  0.57  0.64  0.60  0.10  0.42  0.41  0.53  0.86  0.96  0.38
% W       2.12  2.01  2.85  2.27  2.44  3.29  2.90  2.65  2.75  2.65  2.76  2.78
MEAN      5.06  4.90  5.45  5.20  4.85  4.76  5.12  5.16  5.84  6.54  7.15  5.86
STD DEV   2.52  3.50  3.18  2.82  2.35  2.24  2.23  2.37  2.95  3.03  3.71  3.12
SKEW      0.68  2.05  0.98  0.63  0.27  0.58  0.61  0.48  0.74  0.70  0.61  0.87
% WNW     1.55  1.32  1.65  2.05  1.73  2.58  2.82  2.66  2.45  2.23  1.95  2.02
MEAN      4.23  4.87  4.61  5.81  4.73  4.27  5.10  5.71  7.27  7.68  6.84  6.03
STD DEV   1.59  2.77  2.14  3.00  2.26  1.93  2.15  2.67  3.18  3.09  3.20  2.65
SKEW      0.12  1.28  0.67  0.72  0.50  0.51  0.66  0.57  0.30  0.52  0.47  0.35
% NW      2.31  2.40  2.50  2.82  3.12  4.51  4.56  5.54  5.75  5.80  3.74  3.69
MEAN      5.26  5.00  4.91  5.10  4.68  4.10  5.26  5.95  7.43  8.66  7.77  6.14
STD DEV   2.33  2.40  2.14  2.63  2.24  1.82  2.39  2.78  3.03  2.92  3.22  2.45
SKEW      0.48  0.60  0.61  1.01  0.75  1.01  0.69  0.63  0.42  0.29  0.53  0.33
% NNW     2.08  2.38  2.70  3.01  3.19  3.22  2.73  4.84  6.38  6.17  4.76  3.69
MEAN      6.16  5.10  4.84  5.59  5.26  3.71  4.57  5.84  7.58  8.52  8.17  6.65
STD DEV   2.48  2.66  2.03  2.24  2.48  1.82  2.20  2.67  2.83  3.15  2.67  2.67
SKEW      0.24  1.17  0.44  0.38  0.63  0.79  0.55  0.35  0.06  0.40 -0.01  0.16
CALM     13.34 15.66 18.38 13.75 13.99 17.96 12.77  9.98  8.48  4.52  5.15 12.65
CAPE LISBURNE AK    0.511  NORTHEAST CP. AK    0.489  CAPE LISBURNE AK    0.000
 TUCKERTON 1 S NJ                        288899 0
 LATT=  39.60 LONG= -74.33 YEARS= 43. TYPE= 4
 ELEVATION =   20. TP5 = 2.60 TP6= 5.32
 MEAN P   0.40  0.39  0.45  0.42  0.37  0.38  0.51  0.53  0.47  0.44  0.46  0.41
 S DEV P  0.45  0.47  0.53  0.49  0.49  0.44  0.66  0.71  0.65  0.56  0.55  0.47
 SQEW  P  1.70  1.89  2.05  1.87  3.38  1.89  2.64  3.05  2.61  1.77  2.20  1.72
 P(W/W)   0.43  0.40  0.40  0.48  0.48  0.36  0.38  0.43  0.38  0.39  0.41  0.41
 P(W/D)   0.20  0.21  0.23  0.21  0.20  0.19  0.18  0.20  0.15  0.15  0.21  0.21
 TMAX AV 41.13 43.53 51.11 61.36 71.19 80.08 85.04 83.50 77.22 66.86 56.69 45.63
 TMIN AV 22.50 24.42 31.40 39.98 49.90 59.28 65.19 64.12 56.91 45.43 36.64 26.90
 SD TMAX  9.41  9.80  9.94  9.49  9.00  7.46  5.94  5.74  7.28  7.91  8.62  9.75
 SD TMIN 10.39 10.25  8.80  7.88  8.02  7.22  6.12  6.81  9.22  9.94  9.89 10.50
 SOL.RAD  157.  227.  318.  403.  482.  527.  509.  455.  385.  278.  192.  140.
 SD SOL   44.8  54.5  71.0  91.1  99.0  98.6  96.4 186.8  81.1  48.7  39.4  41.0
 MX .5 P  0.33  0.36  0.46  0.56  0.67  1.16  1.32  1.14  0.95  0.51  0.45  0.48
 DEW PT  25.89 24.93 29.38 39.28 49.60 59.38 65.02 64.38 57.93 48.38 37.57 27.06
Time Pk  0.629 0.735 0.777 0.817 0.828 0.839 0.857 0.872 0.886 0.925 0.956 1.000
% N      15.62 16.71 14.37 12.12 10.67  8.16  7.15  8.82 12.87 15.89 15.54 16.17
MEAN      5.63  5.43  5.40  5.48  5.30  4.57  3.81  4.16  5.04  5.69  5.56  4.97
STD DEV   3.02  2.53  2.51  2.34  2.19  1.91  1.65  1.84  2.34  2.52  2.76  2.73
SKEW      0.60  0.47  0.63  0.46  0.35  0.49  0.63  0.82  0.73  0.40  0.45  0.54
% NNE    16.58 16.61 18.27 15.34 11.69  8.13  6.94  8.56 13.26 15.12 15.42 17.12
MEAN      6.31  5.67  6.12  5.84  5.44  4.84  4.35  4.73  5.48  5.91  5.55  5.46
STD DEV   3.19  2.33  2.50  2.33  2.16  1.90  1.65  2.00  2.22  2.67  2.43  2.49
SKEW      0.72  0.34  0.29  0.50  0.38  0.49  0.43  0.67  0.35  0.67  0.50  0.51
% NE      8.65  9.69 12.29 12.67 10.38  6.56  5.36  6.35  7.74  9.76 10.96 10.79
MEAN      5.27  5.15  5.28  5.58  4.90  4.57  4.51  4.87  5.20  5.73  5.64  5.16
STD DEV   2.60  2.26  2.30  2.38  1.93  1.73  1.79  2.19  2.14  2.71  2.78  2.65
SKEW      0.76  0.61  0.59  0.57  0.61  0.55  0.41  0.73  0.69  0.66  0.60  0.83
% ENE     6.91  8.87 10.46 10.80 11.68  8.95  6.84  6.54  8.38  9.13  9.84  9.29
MEAN      5.34  4.96  5.13  5.08  4.96  4.92  4.88  5.15  5.54  5.11  5.59  5.44
STD DEV   2.52  2.21  2.11  2.15  1.91  1.88  1.65  2.08  2.18  2.12  2.61  2.42
SKEW      0.52  0.59  0.57  0.68  0.77  0.57  0.59  0.48  0.52  0.70  0.60  0.48
% E       6.36  8.16  8.33  8.96 10.72 11.42  9.34  9.65  9.37  8.03  8.64  7.12
MEAN      4.54  4.82  4.63  4.69  4.58  4.94  4.71  5.30  5.28  4.64  4.92  4.75
STD DEV   2.20  2.42  2.16  2.04  1.72  1.68  1.68  2.22  2.05  2.10  2.24  2.53
SKEW      1.63  0.95  1.05  0.40  0.46  0.38  0.67  0.63  0.40  0.76  0.90  0.82
% ESE     5.60  3.76  3.56  4.96  6.55  5.17  3.61  6.14  6.78  5.23  4.54  3.48
MEAN      5.85  5.58  4.86  4.91  4.68  4.66  4.75  5.66  5.98  5.65  5.34  4.46
STD DEV   3.26  3.55  2.39  2.46  1.86  1.73  1.72  2.44  2.59  2.68  2.48  1.99
SKEW      0.88  0.89  0.70  0.83  0.39  0.39  0.65  0.60  0.52  0.61  0.55  0.34
% SE      2.88  2.43  2.52  3.31  4.23  3.81  3.17  4.30  4.66  4.54  3.40  2.93
MEAN      5.19  5.38  5.23  4.50  4.21  4.16  4.64  5.30  5.34  5.82  6.09  5.96
STD DEV   2.64  3.63  3.13  2.53  1.89  1.55  1.80  2.29  2.33  2.80  2.92  3.65
SKEW      0.91  1.40  0.86  1.16  0.83  0.39  0.58  0.65  0.56  0.72  0.67  0.64
% SSE     2.02  1.99  1.88  2.59  3.15  3.36  3.37  4.56  4.61  4.36  3.40  2.15
MEAN      5.83  5.12  5.54  5.43  4.05  4.25  4.83  5.82  6.18  6.46  6.23  6.31
STD DEV   3.00  2.66  2.79  2.78  1.86  1.85  2.26  2.53  2.71  2.59  2.52  2.97
SKEW      0.55  0.65  0.45  0.47  0.62  0.74  0.98  0.49  0.71  0.25  0.56  0.59
% S       4.06  3.05  3.09  5.20  5.16  6.50  5.95  5.19  5.00  5.45  4.38  3.41
MEAN      5.76  5.28  5.34  5.59  4.37  4.46  5.19  5.69  6.00  6.25  5.37  5.06
STD DEV   2.94  2.72  2.71  2.80  2.11  1.82  2.20  2.70  2.72  2.48  2.40  2.39
SKEW      0.99  0.77  0.49  0.79  1.12  0.80  0.77  0.65  0.41  0.15  0.73  0.84
% SSW     4.20  3.36  4.16  4.39  5.93  9.62 10.93  7.93  5.01  3.49  3.47  3.08
MEAN      5.83  5.16  5.38  5.67  4.76  5.30  6.21  6.71  6.90  6.53  6.13  5.70
STD DEV   2.84  2.58  2.23  2.44  2.20  2.01  2.59  2.84  3.02  2.76  2.99  2.55
SKEW      0.93  1.47  0.26  0.60  1.23  0.32  0.47  0.44  0.49  0.40  1.24  0.78
% SW      4.03  3.85  3.43  3.53  4.48  8.18 12.45  9.52  4.25  2.69  2.52  2.95
MEAN      5.13  5.45  5.28  5.15  4.81  5.32  6.20  6.27  6.00  5.99  6.36  4.57
STD DEV   2.83  3.17  2.36  2.45  2.34  2.08  2.48  2.45  2.78  2.56  3.65  2.59
SKEW      0.92  1.22  0.76  0.69  1.14  0.66  0.61  0.51  0.70  0.30  0.72  1.53
% WSW     3.24  2.51  2.43  1.95  1.88  4.77  7.06  5.31  2.52  1.68  1.98  2.65
MEAN      5.42  5.04  5.19  4.78  4.88  5.81  6.13  6.04  5.42  6.09  5.59  5.88
STD DEV   2.82  2.92  2.22  2.27  2.42  2.47  2.37  2.35  2.31  2.54  3.00  3.21
SKEW      1.05  1.36  0.30  0.59  0.84  0.62  0.38  0.58  0.44  0.48  1.33  0.53
% W       3.89  4.00  3.28  2.31  2.00  4.21  5.96  4.60  3.22  2.28  2.66  3.75
MEAN      4.50  4.51  4.54  4.96  4.07  4.79  4.85  4.90  4.86  5.33  5.50  4.86
STD DEV   2.88  2.19  2.29  2.46  1.86  2.01  2.13  2.16  2.09  2.55  3.42  4.04
SKEW      1.63  0.92  1.25  0.44  1.14  0.48  0.62  0.54  0.44  1.20  1.68  1.74
% WNW     2.60  2.83  2.00  1.80  1.18  2.24  2.62  2.69  2.38  2.23  2.31  2.16
MEAN      4.01  3.74  3.93  3.66  3.18  3.84  3.93  4.70  4.80  4.84  5.00  4.19
STD DEV   2.07  1.53  1.53  1.85  1.26  1.65  1.92  2.18  2.05  1.88  2.42  2.36
SKEW      1.59  0.79  0.56  1.03  0.34  0.82  0.77  0.75  0.37  0.72  1.08  1.23
% NW      2.83  2.54  1.83  2.07  1.97  2.46  2.74  2.82  2.69  2.50  2.44  2.51
MEAN      3.38  3.06  3.27  3.31  3.66  3.74  3.44  3.70  4.20  4.41  4.09  3.36
STD DEV   1.61  1.42  1.49  1.34  1.53  1.83  1.54  1.60  1.86  1.96  2.29  1.99
SKEW      2.12  1.41  1.12  0.61  0.59  1.08  0.79  0.54  0.77  0.71  1.59  1.96
% NNW     4.85  4.86  3.75  3.21  3.47  2.98  2.31  3.27  3.83  3.87  4.18  4.37
MEAN      4.90  4.79  4.82  4.87  4.70  4.29  3.43  4.01  4.96  4.83  4.79  4.89
STD DEV   2.40  2.33  2.18  2.25  2.13  2.15  1.52  1.88  2.47  2.29  2.42  2.78
SKEW      0.45  0.63  0.34  0.44  0.32  0.98  0.93  0.87  0.73  0.67  0.86  0.67
CALM      5.61  4.76  4.35  4.84  4.87  3.48  4.14  3.73  3.49  3.74  4.42  6.12
BARROW        AK    0.513  MOSES PT.     AK    0.487  CAPE LISBURNE AK    0.000
 WOODSTOWN 2 NW NJ                       289910 0
 LATT=  39.67 LONG= -75.33 YEARS= 44. TYPE= 4
 ELEVATION =   20. TP5 = 2.61 TP6= 5.34
 MEAN P   0.32  0.30  0.33  0.32  0.32  0.37  0.46  0.43  0.46  0.37  0.35  0.36
 S DEV P  0.39  0.37  0.38  0.40  0.41  0.52  0.65  0.64  0.70  0.55  0.48  0.45
 SQEW  P  2.23  2.09  1.74  2.10  1.87  2.98  3.40  3.15  4.11  2.74  2.17  1.92
 P(W/W)   0.45  0.45  0.45  0.52  0.49  0.43  0.44  0.43  0.46  0.44  0.48  0.42
 P(W/D)   0.24  0.23  0.26  0.25  0.27  0.24  0.22  0.24  0.19  0.20  0.24  0.26
 TMAX AV 41.00 43.71 52.94 64.70 74.98 83.42 87.58 85.62 78.95 67.97 56.39 44.59
 TMIN AV 23.41 24.79 32.00 40.80 50.65 59.75 65.06 63.54 56.32 45.45 36.32 27.16
 SD TMAX 10.06 10.58 10.80 10.12  8.39  6.90  5.30  5.48  7.60  8.34  9.55 10.23
 SD TMIN 10.00 10.04  8.55  8.13  7.71  6.77  5.78  6.51  8.45  9.53  9.18  9.70
 SOL.RAD  155.  225.  316.  400.  478.  523.  505.  450.  381.  275.  188.  138.
 SD SOL   45.7  55.6  72.4  93.0 101.5 101.3  98.9 196.3  83.1  49.9  40.7  41.8
 MX .5 P  0.32  0.37  0.45  0.56  0.69  1.13  1.25  1.16  0.97  0.53  0.47  0.51
 DEW PT  24.37 24.25 28.71 39.59 49.59 59.59 64.25 63.71 57.71 46.84 35.50 25.84
Time Pk  0.647 0.730 0.778 0.828 0.846 0.858 0.876 0.890 0.905 0.931 0.960 1.000
% N       4.83  4.95  5.27  6.84  6.37  5.33  3.85  5.57  9.82  7.87  6.85  6.81
MEAN      6.30  5.44  4.93  5.48  5.25  4.65  4.71  5.92  7.65  8.00  8.05  6.67
STD DEV   2.88  2.59  1.90  2.16  2.25  2.27  2.47  2.54  2.75  2.92  2.89  2.45
SKEW      0.37  0.75  0.40  0.22  0.19  0.57  0.76  0.25  0.02  0.39  0.10  0.01
% NNE     3.15  3.96  2.70  3.07  3.79  3.11  2.22  4.63  5.53  5.60  5.65  4.21
MEAN      5.87  5.81  5.91  5.53  6.19  4.31  4.54  6.56  7.64  8.62  8.70  6.71
STD DEV   2.58  2.37  3.05  2.38  3.05  2.28  2.51  3.04  2.97  3.15  2.99  2.57
SKEW      0.34  0.43  0.73  0.38  0.59  1.22  0.83  0.14  0.21  0.15  0.37  0.11
% NE      4.53  6.05  3.97  4.25  7.28  7.59  4.71  8.60  7.53  7.40  7.85  5.69
MEAN      6.14  6.25  5.83  5.70  5.62  4.22  4.56  6.41  7.49  8.80  8.61  6.91
STD DEV   3.10  2.77  2.72  2.86  2.56  2.13  2.00  2.96  3.15  3.39  3.20  3.00
SKEW      0.64  0.90  0.55  0.83  0.62  2.03  0.60  0.41  0.20  0.26  0.22  0.16
% ENE     6.41  6.49  5.77  5.73  9.02  8.39  6.21  7.84  9.99  9.53 10.08  6.83
MEAN      6.64  6.58  7.24  6.39  5.72  4.26  4.61  5.85  7.20  9.12  9.93  7.48
STD DEV   3.04  3.17  3.26  3.13  2.84  1.95  2.00  2.77  3.20  3.27  3.81  3.13
SKEW      0.39  1.03  0.49  0.78  0.79  0.66  0.41  0.61  0.60  0.08  0.55  0.38
% E      15.89 16.45 17.45 18.88 16.82 14.64  9.82 11.13 11.83 10.86 13.67 16.79
MEAN      7.08  6.70  6.65  7.03  5.79  4.67  4.85  5.09  6.15  7.85  8.74  7.53
STD DEV   3.20  3.36  3.25  3.77  3.21  2.28  2.37  2.46  3.08  3.70  3.97  3.79
SKEW      0.58  0.67  0.84  1.37  1.39  0.94  1.30  0.95  0.77  0.53  0.61  0.94
% ESE     9.89 13.15 10.38  8.86  5.73  4.16  3.24  3.68  4.03  5.70  8.11  8.26
MEAN      8.21  6.87  7.22  7.56  6.06  5.93  4.55  5.08  6.22  6.95  7.11  6.49
STD DEV   4.56  3.28  3.71  4.23  3.19  2.68  2.49  2.24  3.36  3.60  3.57  3.43
SKEW      1.35  0.69  0.68  1.17  1.34  0.60  2.76  0.53  0.79  1.29  1.26  0.70
% SE      8.09  9.02  6.48  5.87  3.62  2.61  2.72  3.80  4.43  7.28  7.53  6.70
MEAN     10.08  8.21  7.61  8.52  7.20  5.97  5.58  5.61  5.42  6.98  8.02  7.44
STD DEV   6.16  3.68  3.83  4.48  3.65  3.05  2.99  2.91  2.76  4.07  4.22  4.09
SKEW      1.75  0.98  0.32  0.94  1.94  1.12  1.27  1.10  0.92  1.56  1.20  1.74
% SSE     4.87  3.29  2.10  3.24  2.24  1.75  3.23  2.94  2.10  4.43  4.20  2.81
MEAN     12.17  9.21  8.35 10.15  8.46  7.45  8.36  7.30  5.75  9.60 10.95 10.15
STD DEV   6.88  4.28  4.51  4.87  4.66  3.82  4.31  3.97  3.13  5.38  6.37  5.73
SKEW      0.69  0.26  0.26  0.76  0.86  0.34  0.78  0.53  0.72  0.36  0.66  0.28
% S       7.74  3.36  3.53  4.49  4.37  4.07  8.36  6.83  4.17  7.04  6.46  3.77
MEAN     11.89 10.85 11.97 11.27 10.07  8.06  9.67  7.93  7.20 10.00 11.14 12.04
STD DEV   5.42  5.34  5.71  5.19  5.98  3.97  4.93  4.09  3.56  4.97  6.03  6.33
SKEW      0.00  0.11  0.16  0.39  0.98  0.49  1.03  1.02  0.26  0.54  0.47  0.29
% SSW     5.68  2.78  4.58  4.68  5.49  4.05 10.04  7.25  4.99  4.66  4.76  4.25
MEAN     10.95 10.31 11.29 10.40  9.92  8.43  9.24  8.26  8.01  8.28 10.36 11.10
STD DEV   5.02  4.72  5.39  4.60  4.15  3.43  4.08  3.63  3.59  4.30  5.42  5.86
SKEW      0.46 -0.04 -0.10  0.54  0.45  0.26  0.99  0.51  0.20  0.87  0.29  0.51
% SW      5.43  3.85  6.28  7.15  7.49  8.99 15.70  9.18  7.15  5.65  3.99  5.39
MEAN      9.08  9.56  9.28  8.79  8.85  8.61  8.53  7.42  7.03  6.76  7.41  9.29
STD DEV   4.21  4.70  3.89  3.54  3.69  3.15  3.49  3.50  3.18  3.20  3.90  4.52
SKEW      0.38  0.28  0.44  0.15  0.57  0.16  0.44  0.71  0.38  0.71  1.02  0.41
% WSW     2.15  2.72  3.42  3.14  3.29  3.67  4.06  2.90  2.64  2.72  2.55  3.58
MEAN      6.70  6.37  6.33  6.66  6.94  6.24  6.41  5.55  4.87  5.78  6.49  6.50
STD DEV   2.90  3.65  3.19  3.51  3.25  2.49  2.71  2.20  2.38  2.87  3.37  3.18
SKEW      0.53  1.14  0.57  0.64  0.61  0.10  0.42  0.41  0.53  0.86  0.96  0.38
% W       2.12  2.01  2.85  2.27  2.44  3.29  2.90  2.65  2.75  2.65  2.76  2.78
MEAN      5.06  4.90  5.45  5.20  4.85  4.76  5.12  5.16  5.84  6.54  7.15  5.86
STD DEV   2.52  3.50  3.18  2.82  2.35  2.24  2.23  2.37  2.95  3.03  3.71  3.12
SKEW      0.68  2.05  0.98  0.63  0.27  0.58  0.61  0.48  0.74  0.70  0.61  0.87
% WNW     1.55  1.32  1.65  2.05  1.73  2.58  2.82  2.66  2.45  2.23  1.95  2.02
MEAN      4.23  4.87  4.61  5.81  4.73  4.27  5.10  5.71  7.27  7.68  6.84  6.03
STD DEV   1.59  2.77  2.14  3.01  2.26  1.93  2.15  2.67  3.18  3.09  3.20  2.65
SKEW      0.12  1.28  0.67  0.72  0.51  0.51  0.66  0.57  0.30  0.52  0.47  0.35
% NW      2.31  2.41  2.50  2.82  3.12  4.51  4.57  5.54  5.75  5.81  3.74  3.70
MEAN      5.26  5.00  4.91  5.10  4.68  4.10  5.26  5.95  7.43  8.66  7.77  6.14
STD DEV   2.33  2.40  2.14  2.63  2.24  1.82  2.39  2.78  3.03  2.92  3.22  2.45
SKEW      0.48  0.60  0.61  1.01  0.75  1.01  0.69  0.63  0.42  0.29  0.53  0.33
% NNW     2.08  2.38  2.70  3.01  3.19  3.22  2.73  4.84  6.39  6.17  4.76  3.69
MEAN      6.16  5.10  4.84  5.59  5.26  3.71  4.57  5.84  7.58  8.53  8.17  6.65
STD DEV   2.48  2.67  2.03  2.24  2.48  1.82  2.20  2.67  2.83  3.15  2.67  2.67
SKEW      0.24  1.17  0.44  0.38  0.63  0.79  0.55  0.35  0.06  0.40 -0.01  0.16
CALM     13.34 15.66 18.38 13.75 13.99 17.97 12.77  9.98  8.48  4.52  5.15 12.65
CAPE LISBURNE AK    0.511  NORTHEAST CP. AK    0.489  CAPE LISBURNE AK    0.000
