 AKRON-CANTON WB AP OH                   33  58 0
 LATT=  40.92 LONG= -81.43 YEARS= 44. TYPE= 3
 ELEVATION = 1210. TP5 = 1.99 TP6= 3.68
 MEAN P   0.16  0.16  0.21  0.23  0.28  0.31  0.37  0.33  0.32  0.22  0.20  0.18
 S DEV P  0.26  0.24  0.28  0.28  0.35  0.40  0.50  0.42  0.46  0.29  0.26  0.25
 SQEW  P  4.10  3.28  3.84  2.30  2.75  2.59  2.80  2.46  3.36  3.13  2.44  2.43
 P(W/W)   0.58  0.61  0.58  0.61  0.55  0.49  0.44  0.41  0.44  0.47  0.57  0.56
 P(W/D)   0.42  0.38  0.40  0.34  0.31  0.28  0.30  0.27  0.26  0.26  0.37  0.43
 TMAX AV 33.47 36.44 46.32 59.09 70.06 78.80 82.56 80.93 73.86 62.44 49.21 37.48
 TMIN AV 18.25 19.85 27.84 38.02 48.20 57.01 61.39 59.94 53.15 42.58 33.30 23.20
 SD TMAX 12.01 11.73 12.93 12.22  9.82  7.66  5.92  5.94  8.47 10.09 11.49 11.63
 SD TMIN 11.87 11.57 10.32  9.62  8.77  7.32  5.89  6.23  8.33  8.43  9.50 11.07
 SOL.RAD  119.  183.  284.  308.  482.  547.  545.  474.  312.  271.  141.  109.
 SD SOL   52.0  64.2  77.9 120.6  96.9  90.7  82.5 166.5 101.6  45.8  51.2  45.8
 MX .5 P  0.23  0.33  0.34  0.48  0.75  1.28  1.38  1.22  0.72  0.43  0.30  0.23
 DEW PT  22.00 22.00 27.00 37.00 47.00 56.00 60.00 60.00 53.00 42.00 32.00 24.00
Time Pk  0.696 0.779 0.816 0.861 0.869 0.877 0.889 0.897 0.908 0.931 0.957 1.000
% N       4.07  5.95  7.17  7.26  8.27  7.84  8.95  9.01  6.64  6.11  3.03  3.39
MEAN      5.06  4.94  5.03  4.91  4.51  4.08  3.66  3.83  3.87  4.04  4.11  4.88
STD DEV   2.24  1.97  2.03  1.68  1.79  1.51  1.38  1.42  1.48  1.58  1.56  1.93
SKEW      0.49  0.38  0.77  0.36  0.60  0.62  0.93  0.64  0.86  0.81  0.67  0.45
% NNE     1.96  2.89  3.73  3.70  4.08  3.66  4.53  4.67  4.04  3.46  1.72  1.64
MEAN      4.70  4.80  5.18  4.69  4.56  4.14  3.73  3.69  3.72  3.83  4.22  5.00
STD DEV   1.75  1.89  1.84  1.66  1.77  1.57  1.40  1.36  1.44  1.33  1.59  1.71
SKEW      0.38  0.37  0.26  0.52  0.47  0.51  0.73  0.79  1.07  0.64  0.51  0.27
% NE      3.22  4.11  5.00  4.69  5.83  4.97  5.29  5.96  5.66  5.16  2.48  2.51
MEAN      4.34  4.48  4.69  4.32  3.81  3.69  3.20  3.27  3.45  3.41  3.83  4.38
STD DEV   1.85  1.61  1.66  1.65  1.40  1.31  1.14  1.20  1.33  1.26  1.37  1.86
SKEW      1.32  0.57  0.69  0.55  0.66  0.47  0.87  0.68  1.15  1.49  0.68  0.92
% ENE     2.02  2.52  3.54  2.76  2.76  2.27  2.18  2.37  2.84  2.10  1.30  1.90
MEAN      4.76  4.58  4.91  4.50  3.89  3.92  3.38  3.24  3.57  3.62  3.60  4.62
STD DEV   1.97  1.35  1.62  1.64  1.31  1.41  1.19  1.07  1.23  1.31  1.30  1.58
SKEW      1.03  0.36  0.41  0.58  0.44  0.46  0.67  0.63  0.48  0.72  0.88  0.45
% E       2.25  2.74  3.90  3.22  3.86  2.68  2.85  3.24  3.58  3.38  2.71  2.60
MEAN      4.49  4.23  4.63  4.51  3.87  3.46  3.17  2.99  3.49  3.47  4.00  4.14
STD DEV   1.79  1.43  1.73  1.58  1.45  1.30  1.17  1.03  1.19  1.15  1.44  1.46
SKEW      1.18  0.54  0.73  0.43  0.74  0.61  1.01  0.72  0.76  0.38  0.71  0.31
% ESE     2.25  2.76  3.30  3.51  3.20  1.97  1.77  2.20  2.94  2.62  1.93  2.46
MEAN      4.56  4.68  4.74  4.85  4.12  3.55  3.03  3.07  3.46  3.71  4.14  4.34
STD DEV   1.58  1.68  1.68  1.79  1.45  1.15  1.17  1.01  1.26  1.17  1.28  1.61
SKEW      0.38  0.52  0.22  0.37  0.61  0.25  0.68  0.58  0.34  0.23  0.16  0.48
% SE      5.24  5.55  6.46  5.61  5.38  5.08  4.52  4.82  6.91  7.26  5.06  5.60
MEAN      4.30  4.56  4.70  4.56  3.94  3.46  3.01  3.02  3.33  3.72  4.01  4.36
STD DEV   1.82  1.68  1.83  1.77  1.53  1.31  1.08  1.10  1.27  1.46  1.63  1.61
SKEW      0.68  0.47  0.27  0.59  0.78  0.76  1.07  0.83  0.89  0.77  0.82  0.67
% SSE     3.97  3.92  4.06  4.56  3.87  3.72  3.60  3.80  5.16  5.50  5.34  4.75
MEAN      4.80  4.98  5.15  4.88  4.34  3.56  3.17  3.10  3.58  4.13  4.88  4.92
STD DEV   1.84  1.82  1.94  1.84  1.85  1.47  1.22  1.11  1.52  1.63  2.00  1.92
SKEW      0.32  0.27  0.26  0.44  0.60  0.95  1.26  0.83  1.01  0.76  0.62  0.68
% S      11.68  9.85  7.84  9.91 11.10 13.13 11.63 10.97 14.41 13.56 15.41 13.11
MEAN      5.33  5.38  5.19  5.06  4.71  4.21  3.71  3.68  4.10  4.41  5.17  5.36
STD DEV   2.03  2.11  2.03  2.09  1.75  1.66  1.56  1.50  1.71  1.73  2.06  1.98
SKEW      0.46  0.28  0.29  0.47  0.48  0.78  0.99  0.95  0.81  0.68  0.49  0.50
% SSW     6.76  6.44  4.95  6.17  6.07  8.59  8.20  6.91  7.67  7.53  9.18  9.92
MEAN      5.69  5.89  5.84  5.92  4.87  4.54  4.29  4.28  4.64  5.22  5.59  5.93
STD DEV   2.11  2.07  2.21  2.23  1.88  1.71  1.65  1.61  1.79  1.88  2.03  1.95
SKEW      0.34  0.04  0.29  0.25  0.45  0.58  0.63  0.64  0.50  0.27  0.30  0.08
% SW     12.09  8.49  9.07 10.08 10.31 12.97 12.32 10.80  9.07 10.28 12.28 11.80
MEAN      5.35  5.43  5.77  5.35  4.91  4.27  3.98  3.85  4.04  4.64  5.58  5.62
STD DEV   2.11  2.17  2.61  2.33  1.99  1.64  1.58  1.53  1.62  1.90  2.27  1.92
SKEW      0.88  0.47  0.82  0.64  0.63  0.67  0.86  0.75  0.66  0.49  0.55  0.21
% WSW     9.45  7.97  7.24  6.74  6.01  6.56  5.80  5.47  4.52  6.38 10.15 10.15
MEAN      5.82  5.76  6.31  5.97  4.87  4.47  4.11  4.00  4.32  4.65  5.91  5.73
STD DEV   2.21  2.20  2.97  2.40  2.04  1.74  1.68  1.54  1.90  1.74  2.38  2.02
SKEW      0.31  0.34  0.79  0.35  0.51  0.57  0.80  0.80  0.72  0.41  0.34  0.33
% W       9.94  9.29  8.80  7.15  6.46  5.86  5.86  6.02  5.53  6.23  9.88 10.53
MEAN      5.83  6.10  6.17  5.82  4.93  4.43  4.02  3.88  4.08  4.49  5.56  5.79
STD DEV   2.12  2.36  2.45  2.58  1.93  1.75  1.61  1.51  1.60  1.91  2.08  2.03
SKEW      0.38  0.42  0.41  0.67  0.45  0.82  0.88  0.68  0.58  0.58  0.30  0.12
% WNW     8.75 10.07  8.50  7.48  6.53  5.00  4.87  4.60  5.46  5.71  8.41  9.20
MEAN      6.54  6.45  6.81  6.40  5.59  4.99  4.45  4.52  4.73  5.25  6.40  6.54
STD DEV   2.36  2.53  2.50  2.11  2.26  2.02  1.73  1.76  1.99  2.25  2.32  2.27
SKEW      0.32  0.23  0.14 -0.11  0.37  0.57  0.54  0.63  0.42  0.49  0.09 -0.01
% NW     10.05 10.97 10.02  9.99  8.64  6.48  7.68  7.48  6.81  7.56  6.60  6.41
MEAN      6.31  6.68  6.42  6.19  5.34  4.84  4.37  4.36  4.80  5.36  5.92  6.13
STD DEV   2.32  2.80  2.34  2.11  2.14  1.86  1.71  1.72  2.13  2.08  2.32  2.25
SKEW      0.21  0.59  0.34  0.21  0.45  0.59  0.48  0.53  0.49  0.37  0.27  0.11
% NNW     4.60  4.32  4.65  5.32  4.92  4.80  4.47  5.06  3.93  4.09  2.63  2.55
MEAN      6.64  6.27  5.73  5.63  5.18  5.07  4.48  4.57  4.95  4.98  5.01  6.12
STD DEV   2.44  2.83  2.28  2.05  1.98  1.95  1.73  1.76  2.05  1.84  1.90  2.24
SKEW     -0.06  0.75  0.47  0.29  0.19  0.39  0.50  0.28  0.43  0.22  0.29  0.06
CALM      1.81  2.11  1.74  1.94  2.53  4.49  5.53  6.50  4.93  3.10  1.84  1.69
AKRON/CANTON  OH    1.000  CLEVELAND     OH    0.000  YOUNGSTOWN    OH    0.000
 CALDWELL 6 NW OH                        331178 0
 LATT=  39.82 LONG= -81.60 YEARS= 50. TYPE= 3
 ELEVATION =  980. TP5 = 2.16 TP6= 3.93
 MEAN P   0.32  0.34  0.41  0.38  0.40  0.48  0.47  0.51  0.47  0.38  0.38  0.34
 S DEV P  0.28  0.34  0.40  0.36  0.39  0.50  0.48  0.59  0.45  0.37  0.36  0.28
 SQEW  P  1.60  2.36  2.85  1.73  2.22  2.56  2.76  2.71  1.53  2.24  2.20  1.75
 P(W/W)   0.30  0.33  0.31  0.41  0.49  0.39  0.36  0.36  0.32  0.35  0.38  0.33
 P(W/D)   0.20  0.21  0.22  0.24  0.24  0.23  0.24  0.20  0.17  0.17  0.20  0.18
 TMAX AV 37.43 41.40 53.01 64.58 74.14 81.61 84.80 84.05 78.18 66.93 53.24 41.52
 TMIN AV 18.78 20.76 29.41 38.78 48.05 56.48 60.18 59.05 52.37 41.39 32.29 23.32
 SD TMAX 12.20 12.20 13.15 11.55  9.05  6.44  5.34  5.44  8.04  9.78 11.37 11.67
 SD TMIN 12.44 11.94 11.40 10.28  9.05  7.39  6.32  6.95  8.99  9.81 10.30 11.51
 SOL.RAD  130.  205.  286.  390.  486.  555.  546.  476.  414.  265.  165.  122.
 SD SOL   49.2  56.5  75.4  87.9  89.7  81.8  76.9 141.7  66.8  48.9  44.5  43.0
 MX .5 P  0.27  0.28  0.53  0.43  0.73  1.02  1.55  1.55  0.80  0.54  0.46  0.23
 DEW PT  25.19 24.49 29.76 39.27 49.76 58.76 62.76 62.00 55.00 44.49 33.24 25.73
Time Pk  0.666 0.756 0.804 0.847 0.855 0.865 0.878 0.889 0.903 0.927 0.956 1.000
% N       3.42  3.83  3.31  4.25  5.09  3.76  4.99  5.07  4.08  4.12  2.08  1.75
MEAN      3.86  3.34  3.73  3.63  3.44  3.05  2.78  2.84  2.88  3.20  3.39  3.20
STD DEV   1.80  1.47  1.66  1.62  1.58  1.32  1.12  1.22  1.20  1.50  1.51  1.57
SKEW      0.72  0.37  0.55  0.53  0.73  0.78  0.98  0.69  0.96  0.78  0.78  0.66
% NNE     4.10  3.93  4.09  5.70  6.13  4.31  5.25  5.66  4.33  5.14  2.97  2.20
MEAN      3.57  3.49  3.78  3.66  3.39  3.16  2.89  2.88  2.96  3.25  3.85  3.57
STD DEV   1.48  1.39  1.41  1.51  1.56  1.29  1.09  1.22  1.28  1.28  1.68  1.63
SKEW      0.51  0.40  0.32  0.47  0.86  0.74  0.54  0.96  0.82  0.57  0.66  0.76
% NE      4.15  4.42  3.81  4.20  4.35  3.17  3.67  4.33  3.46  4.67  1.66  2.01
MEAN      2.97  3.00  3.32  3.18  2.99  2.73  2.61  2.68  2.45  2.89  3.15  2.95
STD DEV   1.26  1.24  1.33  1.31  1.33  1.04  1.18  1.10  1.03  1.32  1.20  1.42
SKEW      0.76  0.78  0.38  0.63  0.71  0.84  0.81  0.95  1.09  1.25  0.35  0.87
% ENE     2.36  2.86  3.53  3.52  2.86  2.29  1.99  2.46  2.25  2.42  0.81  1.76
MEAN      3.27  3.39  3.67  3.59  3.18  2.83  2.65  2.87  2.87  2.89  2.98  3.39
STD DEV   1.30  1.36  1.36  1.37  1.35  1.11  1.05  1.14  1.27  1.16  0.92  1.26
SKEW      0.49  0.78  0.34  0.65  0.50  0.24  0.63  0.62  0.86  0.93  0.77  0.31
% E       2.35  2.81  3.58  2.66  2.53  2.68  2.03  2.67  3.09  3.10  1.58  2.79
MEAN      2.89  3.19  3.13  3.03  2.70  2.65  2.65  2.29  2.52  2.51  3.14  2.97
STD DEV   1.15  1.23  1.30  1.30  1.17  1.23  1.14  0.87  1.01  1.06  1.12  1.26
SKEW      0.58  0.24  0.62  0.45  0.75  0.99  0.89  0.87  1.02  0.86  0.46  0.71
% ESE     2.29  2.58  2.79  2.81  2.89  3.33  2.19  2.92  3.04  3.07  2.67  3.08
MEAN      3.20  3.43  3.33  3.35  2.99  2.83  2.68  2.77  2.74  2.77  2.77  3.19
STD DEV   1.19  1.47  1.32  1.23  1.19  1.15  1.03  1.02  1.12  1.00  0.95  1.31
SKEW      0.51  0.93  0.30  0.47  0.76  0.79  0.73  0.62  0.67  0.68  0.77  0.64
% SE      5.08  5.00  5.72  4.68  4.66  4.77  4.01  4.83  4.65  4.86  4.13  5.15
MEAN      3.31  3.64  3.50  3.27  2.80  2.73  2.44  2.41  2.63  2.87  3.29  3.09
STD DEV   1.44  1.97  1.61  1.44  1.28  1.17  0.92  0.94  1.09  1.46  1.54  1.51
SKEW      0.95  1.14  0.78  0.66  1.06  0.96  0.80  0.87  1.02  1.33  0.85  1.69
% SSE     6.91  6.48  7.46  5.71  4.94  6.81  5.78  5.49  6.57  6.35  8.32  8.58
MEAN      4.83  5.18  5.50  4.77  3.93  3.78  3.50  3.22  3.74  4.06  5.01  4.93
STD DEV   2.19  2.21  2.38  2.05  1.94  1.68  1.51  1.41  1.74  1.93  2.32  2.33
SKEW      0.55  0.18  0.29  0.42  0.97  0.74  0.77  0.81  0.91  0.72  0.51  0.61
% S      11.54  7.92  6.88  7.31  6.76  9.35  7.80  5.78  8.60  8.75 10.51  9.74
MEAN      5.34  4.82  4.95  4.68  4.04  3.91  3.57  3.23  3.91  4.11  4.80  4.91
STD DEV   2.22  2.14  2.46  2.16  1.92  1.66  1.48  1.42  1.73  1.81  2.01  2.15
SKEW      0.38  0.44  0.54  0.65  0.60  0.65  0.50  0.74  0.65  0.62  0.49  0.53
% SSW    10.12  8.63  6.42  7.55  7.13 10.72 10.56  7.29  8.45  9.37 12.51 10.07
MEAN      5.94  5.34  5.63  5.53  4.57  4.34  4.17  3.71  4.40  4.51  5.34  5.16
STD DEV   2.61  2.33  2.59  2.58  2.03  1.78  1.88  1.55  2.03  1.91  2.24  2.09
SKEW      0.37  0.22  0.59  0.40  0.40  0.49  0.72  0.64  0.72  0.51  0.50  0.41
% SW      8.35  8.32  7.90  9.24  8.65 10.28  8.41  6.75  6.36  8.14 10.70  9.98
MEAN      5.09  4.66  5.15  5.18  4.21  4.13  3.78  3.36  3.66  4.21  5.05  4.75
STD DEV   2.44  2.16  2.65  2.49  2.07  1.92  1.79  1.56  1.75  2.02  2.32  2.15
SKEW      0.85  0.56  0.70  0.41  0.74  0.64  0.65  0.74  0.72  0.60  0.79  0.55
% WSW     8.97  9.67 10.03 10.51  8.45  7.03  5.95  5.30  5.94  6.60 11.67 13.14
MEAN      6.44  5.92  6.61  6.53  5.54  4.77  4.41  4.08  4.56  4.92  6.21  5.90
STD DEV   2.61  2.52  2.81  2.57  2.23  1.95  1.87  1.90  2.06  2.27  2.49  2.43
SKEW      0.18  0.36  0.30  0.12  0.11  0.39  0.30  0.74  0.56  0.56  0.19  0.45
% W       7.53  8.12  8.11  6.78  5.75  4.04  3.78  3.90  4.25  3.37  6.21  7.85
MEAN      5.94  5.84  6.02  5.86  4.73  4.15  3.76  3.89  4.15  4.81  5.49  5.54
STD DEV   2.49  2.51  2.76  2.68  2.07  1.82  1.64  1.81  1.88  2.31  2.15  2.46
SKEW      0.16  0.36  0.78  0.40  0.26  0.57  0.43  0.74  0.60  0.76  0.11  0.38
% WNW     7.58  9.18  9.91  7.98  6.60  4.86  4.26  4.70  5.79  4.95  8.30  7.80
MEAN      5.88  5.94  6.47  6.14  5.25  4.72  4.05  4.10  4.75  5.24  5.94  5.57
STD DEV   2.18  2.44  2.46  2.20  2.14  1.90  1.80  1.76  1.95  2.20  2.17  2.34
SKEW      0.22  0.29  0.16  0.15  0.26  0.64  0.62  0.44  0.35  0.31  0.13  0.37
% NW      6.37  6.83  6.64  6.34  6.01  4.18  4.33  4.54  4.57  4.63  3.66  3.77
MEAN      4.68  4.75  5.09  5.03  4.32  3.86  3.63  3.63  3.87  4.13  4.84  4.27
STD DEV   2.13  2.24  2.24  1.91  2.12  1.61  1.56  1.58  1.77  1.84  1.92  1.87
SKEW      0.36  0.54  0.49  0.16  0.64  0.43  0.50  0.56  0.67  0.35  0.23  0.52
% NNW     4.35  3.96  5.14  4.74  5.92  4.50  5.25  5.49  4.07  4.22  3.98  2.65
MEAN      4.84  4.26  5.02  4.57  4.15  4.06  3.58  3.38  3.77  3.96  4.57  4.12
STD DEV   2.10  1.84  2.02  1.83  1.80  1.68  1.54  1.43  1.74  1.98  1.79  1.83
SKEW      0.39  0.19  0.30  0.31  0.43  0.49  0.63  0.59  0.73  0.75  0.37  0.47
CALM      4.64  5.53  4.70  6.08 11.32 13.92 19.84 22.84 20.56 16.27  8.35  7.61
ZANESVILLE    OH    0.560  PARKERSBURG   WV    0.305  AKRON/CANTON  OH    0.135
 CELINA 3NE OH                           331390 0
 LATT=  40.57 LONG= -84.53 YEARS= 36. TYPE= 3
 ELEVATION =  850. TP5 = 2.13 TP6= 4.04
 MEAN P   0.18  0.19  0.22  0.28  0.29  0.34  0.35  0.33  0.30  0.24  0.24  0.21
 S DEV P  0.26  0.26  0.28  0.38  0.34  0.45  0.48  0.41  0.45  0.30  0.28  0.29
 SQEW  P  3.33  3.07  2.31  2.72  2.08  2.52  3.12  2.13  3.87  2.38  1.76  2.64
 P(W/W)   0.47  0.50  0.48  0.53  0.54  0.45  0.47  0.46  0.45  0.48  0.51  0.53
 P(W/D)   0.29  0.29  0.36  0.36  0.28  0.28  0.27  0.26  0.24  0.24  0.32  0.33
 TMAX AV 32.56 36.59 48.46 62.09 73.10 81.66 84.66 83.04 77.31 65.27 50.42 37.75
 TMIN AV 17.19 19.72 29.32 39.87 50.36 59.32 63.00 60.92 54.38 43.50 33.91 23.13
 SD TMAX 11.54 11.35 12.67 11.20  9.25  6.57  5.42  5.35  7.88 10.02 11.04 11.58
 SD TMIN 12.47 12.03 10.60  9.77  9.28  7.44  6.44  7.05  9.42  9.55  9.74 11.67
 SOL.RAD  129.  199.  301.  384.  473.  537.  530.  476.  398.  280.  166.  120.
 SD SOL   50.6  60.7  74.1  96.0 101.4  95.5  88.9 173.6  75.2  44.7  44.8  44.1
 MX .5 P  0.34  0.37  0.39  0.56  0.65  1.30  1.18  1.42  0.87  0.47  0.40  0.41
 DEW PT  21.25 22.47 28.12 37.25 48.47 57.78 61.78 61.00 54.00 43.78 32.78 23.34
Time Pk  0.660 0.754 0.797 0.852 0.863 0.867 0.883 0.893 0.907 0.929 0.957 1.000
% N       3.53  3.67  4.05  3.53  4.02  3.57  4.40  5.17  4.29  4.13  2.93  2.65
MEAN      4.19  4.29  4.36  4.09  3.96  3.36  3.18  3.15  3.34  3.70  4.29  4.29
STD DEV   1.85  2.05  1.98  1.87  1.83  1.54  1.50  1.54  1.57  1.68  2.02  2.15
SKEW      0.46  0.47  0.65  0.55  0.50  0.49  0.72  0.71  0.57  0.34  0.58  0.37
% NNE     3.33  3.03  3.48  3.46  3.90  3.20  3.74  4.15  3.21  3.24  2.21  1.81
MEAN      4.22  4.43  4.52  4.25  4.16  3.86  3.44  3.38  3.52  3.70  4.43  4.29
STD DEV   1.78  1.96  1.97  1.82  1.71  1.65  1.42  1.47  1.60  1.57  2.05  1.73
SKEW      0.43  0.43  0.60  0.60  0.57  0.49  0.47  0.52  0.79  0.67  1.01  0.41
% NE      3.96  4.47  4.56  4.56  6.08  4.38  4.71  5.69  4.78  4.42  1.74  2.46
MEAN      4.19  4.59  4.60  4.37  4.22  3.70  3.33  3.37  3.41  3.36  3.33  4.13
STD DEV   1.88  2.02  2.00  1.92  1.85  1.66  1.48  1.51  1.62  1.48  1.39  2.05
SKEW      0.62  0.56  0.53  0.44  0.73  0.56  0.71  0.71  0.75  0.57  0.48  0.69
% ENE     3.21  4.89  5.93  5.42  5.61  3.80  4.20  4.29  3.97  3.69  1.88  2.49
MEAN      4.41  4.92  5.31  4.92  4.33  4.03  3.57  3.55  3.58  3.74  3.50  4.22
STD DEV   1.98  2.07  2.14  1.99  1.78  1.57  1.43  1.40  1.49  1.65  1.40  1.85
SKEW      0.76  0.61  0.40  0.41  0.44  0.36  0.42  0.35  0.54  0.61  0.46  0.67
% E       3.68  4.71  5.52  5.59  5.38  4.16  4.52  4.74  4.36  3.84  2.46  3.98
MEAN      3.94  4.25  4.73  4.54  3.88  3.58  3.25  3.24  3.28  3.34  3.45  4.00
STD DEV   1.71  1.90  2.00  1.90  1.63  1.56  1.35  1.47  1.34  1.50  1.64  1.77
SKEW      0.46  0.59  0.35  0.48  0.40  0.55  0.37  0.65  0.40  0.58  1.11  0.56
% ESE     2.93  3.03  3.25  3.89  3.77  2.97  2.89  2.90  3.53  2.91  1.91  2.76
MEAN      3.99  4.14  4.63  4.57  3.89  3.47  3.21  3.14  3.18  3.37  3.58  3.91
STD DEV   1.74  1.71  1.92  1.80  1.57  1.45  1.24  1.32  1.31  1.50  1.65  1.66
SKEW      0.54  0.48  0.34  0.32  0.32  0.43  0.55  0.68  0.47  0.80  1.07  0.45
% SE      4.15  4.26  4.39  4.16  4.51  4.59  4.38  4.80  5.58  5.48  3.79  4.50
MEAN      4.03  4.10  4.29  4.28  3.60  3.23  2.90  2.83  3.03  3.17  3.63  3.96
STD DEV   1.78  1.74  1.89  1.95  1.64  1.45  1.23  1.29  1.36  1.46  1.64  1.67
SKEW      0.59  0.56  0.48  0.43  0.56  0.90  0.68  0.80  0.60  0.59  0.64  0.66
% SSE     4.33  4.41  4.70  4.17  4.05  4.54  3.46  3.47  4.48  4.73  5.05  5.18
MEAN      4.60  4.64  4.73  4.51  3.92  3.51  3.23  3.13  3.50  3.62  4.62  4.49
STD DEV   2.06  2.09  2.10  1.91  1.81  1.47  1.37  1.30  1.48  1.59  2.14  1.87
SKEW      0.61  0.53  0.50  0.47  0.69  0.60  0.55  0.63  0.60  0.81  0.90  0.59
% S       6.96  6.04  5.82  6.71  6.96  9.28  7.37  6.89  8.91  8.14  9.12  8.33
MEAN      4.71  4.83  4.82  4.55  4.02  3.88  3.39  3.20  3.89  3.98  4.79  4.74
STD DEV   2.16  2.24  2.26  2.01  1.88  1.72  1.54  1.44  1.80  1.83  2.21  2.21
SKEW      0.52  0.58  0.55  0.61  0.68  0.85  0.78  0.80  0.65  0.66  0.61  0.58
% SSW     9.50  7.34  5.79  7.25  6.74  9.02  7.46  6.53  7.74  8.95 10.95 10.04
MEAN      5.88  5.43  5.84  5.40  4.89  4.45  4.21  3.80  4.54  4.90  5.64  5.60
STD DEV   2.60  2.31  2.56  2.34  2.26  1.98  1.83  1.67  2.03  2.15  2.28  2.35
SKEW      0.64  0.24  0.50  0.44  0.63  0.68  0.55  0.63  0.56  0.65  0.42  0.49
% SW      8.80  7.59  6.43  8.26  8.77 10.22  9.74  8.37  8.87 10.33 10.52 10.16
MEAN      5.63  5.45  5.93  5.54  4.89  4.61  4.19  3.74  4.18  4.79  5.36  5.50
STD DEV   2.43  2.37  3.01  2.53  2.37  2.09  1.93  1.70  1.96  2.25  2.38  2.48
SKEW      0.58  0.38  0.83  0.53  0.65  0.55  0.61  0.66  0.69  0.57  0.50  0.39
% WSW     8.69  7.86  7.45  6.93  7.79  7.60  7.26  6.02  5.38  6.44 11.00 10.53
MEAN      6.04  5.77  6.33  6.09  5.19  4.92  4.58  4.06  4.52  4.92  5.85  5.69
STD DEV   2.75  2.54  3.02  2.87  2.32  2.09  1.97  1.85  2.02  2.24  2.59  2.49
SKEW      0.73  0.58  0.74  0.71  0.56  0.46  0.55  0.82  0.58  0.66  0.81  0.46
% W      12.68 12.71 11.06  9.27  8.11  7.25  7.81  7.38  7.10  7.59 12.54 13.90
MEAN      6.05  5.95  6.01  5.88  5.01  4.36  4.06  3.87  4.19  4.82  5.75  5.45
STD DEV   2.64  2.75  2.93  2.86  2.42  2.04  1.96  1.84  2.10  2.31  2.51  2.48
SKEW      0.66  0.65  0.66  0.70  0.56  0.49  0.79  0.75  0.83  0.53  0.51  0.43
% WNW     8.35  9.46  9.75  8.94  6.71  5.83  5.68  5.35  6.13  5.27  7.70  8.05
MEAN      5.81  5.77  5.99  5.99  4.96  4.39  4.11  3.92  4.48  4.69  5.56  5.38
STD DEV   2.53  2.51  2.74  2.62  2.30  2.06  1.95  1.80  2.19  2.24  2.54  2.37
SKEW      0.51  0.42  0.52  0.55  0.56  0.66  0.68  0.76  0.88  0.51  0.71  0.41
% NW      5.50  6.33  7.45  6.58  5.27  4.92  4.96  5.65  5.23  5.18  5.28  4.27
MEAN      4.78  5.05  5.05  5.10  4.22  3.86  3.63  3.41  3.84  4.03  4.66  4.39
STD DEV   2.16  2.41  2.29  2.23  1.93  1.82  1.71  1.62  1.82  1.99  2.21  2.03
SKEW      0.45  0.66  0.52  0.44  0.59  0.69  0.55  0.68  0.70  0.71  0.52  0.52
% NNW     4.88  4.91  5.12  5.34  4.83  5.02  5.34  5.76  5.08  4.81  4.41  3.25
MEAN      4.73  4.86  4.85  4.81  4.23  3.93  3.94  3.66  3.92  4.36  4.74  4.67
STD DEV   2.04  2.19  2.22  1.98  1.85  1.69  1.79  1.57  1.70  1.79  2.08  2.09
SKEW      0.51  0.71  0.62  0.41  0.53  0.59  0.67  0.51  0.55  0.43  0.47  0.34
CALM      5.51  5.33  5.20  5.94  7.48  9.60 12.03 12.85 11.33 10.83  6.51  5.66
FT. WAYNE     IN    0.361  DAYTON/WRIGHT OH    0.335  FINDLAY       OH    0.303
 CLEVELAND WB AP OH                      331657 0
 LATT=  41.40 LONG= -81.85 YEARS= 44. TYPE= 3
 ELEVATION =  790. TP5 = 1.95 TP6= 3.60
 MEAN P   0.15  0.16  0.20  0.23  0.28  0.33  0.34  0.35  0.33  0.23  0.22  0.18
 S DEV P  0.22  0.23  0.26  0.28  0.35  0.41  0.44  0.44  0.38  0.31  0.29  0.25
 SQEW  P  3.43  3.40  2.79  2.36  3.15  2.63  1.99  2.12  1.85  3.84  2.92  2.98
 P(W/W)   0.60  0.60  0.59  0.59  0.54  0.44  0.42  0.42  0.45  0.52  0.59  0.61
 P(W/D)   0.45  0.41  0.40  0.37  0.30  0.31  0.28  0.27  0.27  0.27  0.38  0.44
 TMAX AV 33.53 36.00 45.57 58.28 69.47 78.69 82.73 80.91 74.17 63.01 49.86 37.88
 TMIN AV 19.20 20.70 28.54 38.42 48.50 57.64 62.16 60.87 54.31 43.95 34.67 24.55
 SD TMAX 12.20 11.73 13.28 12.57 10.58  8.44  6.59  6.59  8.87 10.34 11.37 11.60
 SD TMIN 11.79 11.40  9.76  9.33  8.70  7.68  6.38  6.38  8.41  8.57  9.31 10.82
 SOL.RAD  124.  190.  303.  313.  493.  556.  558.  488.  309.  281.  140.  112.
 SD SOL   47.7  59.2  69.0 116.6  91.8  86.4  77.2 152.7 100.3  40.1  48.9  42.1
 MX .5 P  0.20  0.37  0.30  0.48  0.76  1.29  1.26  1.18  0.63  0.37  0.24  0.28
 DEW PT  23.00 22.00 28.00 37.00 47.00 57.00 61.00 61.00 54.00 44.00 33.00 24.00
Time Pk  0.695 0.788 0.829 0.866 0.874 0.878 0.892 0.900 0.911 0.936 0.956 1.000
% N       4.18  5.86  6.96  8.07 10.13  9.48 10.83 10.79  7.42  5.73  2.74  2.82
MEAN      4.59  4.59  4.77  4.74  4.49  4.39  4.35  4.42  4.39  4.69  4.78  4.98
STD DEV   1.92  2.05  1.85  1.74  1.71  1.52  1.47  1.54  1.65  1.72  2.01  2.05
SKEW      0.47  0.45  0.37  0.22  0.26  0.24  0.00  0.20  0.22  0.28  0.51  0.40
% NNE     3.43  5.73  7.57  6.97  9.34  6.56  6.26  6.71  4.86  4.15  2.02  1.81
MEAN      4.77  5.15  5.32  4.95  4.95  4.66  4.64  4.54  4.51  4.71  4.71  4.98
STD DEV   1.90  1.94  2.00  1.91  1.81  1.72  1.59  1.56  1.71  1.69  2.15  1.70
SKEW      0.41  0.25  0.35  0.52  0.22  0.37  0.33  0.21  0.35  0.31  0.80  0.30
% NE      2.75  3.75  5.52  4.51  5.10  3.29  3.90  3.33  3.43  3.01  1.49  1.82
MEAN      4.66  4.63  5.06  4.62  4.30  3.99  3.82  3.82  3.95  3.79  3.95  4.64
STD DEV   2.10  1.86  2.11  2.20  1.93  1.75  1.62  1.59  1.66  1.70  1.81  2.05
SKEW      0.44  0.36  0.43  0.75  0.61  0.66  0.50  0.36  0.37  0.69  0.45  0.67
% ENE     1.88  1.97  2.65  2.29  2.36  1.72  1.95  2.07  2.15  1.82  1.42  1.60
MEAN      4.44  4.09  4.49  4.13  3.65  3.39  3.41  3.23  3.49  3.79  4.49  4.42
STD DEV   1.92  1.72  1.85  1.55  1.41  1.18  1.24  1.23  1.21  1.29  1.71  1.56
SKEW      0.53  0.50  0.52  0.39  0.36 -0.02  0.51  0.27  0.43  0.22  0.17  0.41
% E       1.83  1.96  2.49  2.75  2.44  2.09  2.22  2.20  3.61  2.65  1.58  1.83
MEAN      3.97  3.97  4.25  4.57  3.69  3.26  3.05  2.98  3.53  3.52  4.29  4.10
STD DEV   1.55  1.82  1.66  1.89  1.55  1.49  1.37  1.23  1.41  1.47  1.59  1.48
SKEW      0.22  0.49  0.23  0.62  0.17  0.55  0.74  0.46  0.64  0.48  0.05 -0.01
% ESE     2.17  2.95  3.60  3.45  2.85  2.90  2.19  2.67  3.23  3.23  2.31  2.83
MEAN      4.15  4.22  4.67  4.72  3.65  3.47  3.25  3.21  3.40  3.59  4.08  4.44
STD DEV   1.54  1.68  1.86  1.91  1.63  1.53  1.45  1.37  1.35  1.38  1.67  1.58
SKEW      0.65  0.41  0.21  0.58  0.47  0.52  0.61  0.34  0.59  0.40  0.26 -0.05
% SE      3.04  4.05  4.68  4.30  4.27  4.48  4.36  4.69  5.49  5.71  4.01  4.52
MEAN      4.02  4.43  4.51  4.24  3.47  3.02  2.77  2.72  2.95  3.47  4.15  3.99
STD DEV   1.72  2.07  2.01  1.81  1.50  1.38  1.16  1.11  1.23  1.54  1.86  1.79
SKEW      0.67  0.52  0.38  0.60  0.64  0.79  0.54  0.75  0.73  0.82  0.60  0.98
% SSE     5.66  5.55  5.59  6.31  6.33  7.24  6.77  6.27  8.66  9.27  8.17  7.20
MEAN      4.61  4.67  5.16  4.71  4.16  3.47  3.17  3.27  3.60  4.02  4.93  4.84
STD DEV   2.02  2.05  2.12  2.13  1.89  1.49  1.25  1.37  1.45  1.57  2.14  2.15
SKEW      0.52  0.49  0.40  0.70  0.72  0.81  1.16  0.97  0.69  0.59  0.65  0.69
% S      14.31 11.41  9.62 11.67 12.65 15.53 14.12 15.09 16.68 17.64 17.41 16.25
MEAN      5.68  5.41  5.45  5.43  4.78  4.35  3.87  3.70  4.30  4.63  5.45  5.72
STD DEV   2.18  2.24  2.27  2.28  2.05  1.87  1.59  1.66  1.79  1.92  2.12  2.16
SKEW      0.25  0.35  0.35  0.54  0.46  0.68  0.60  0.83  0.54  0.59  0.44  0.38
% SSW    11.08  8.79  7.21  8.02  7.94 11.17 11.13 10.00  9.96 11.78 11.64 11.57
MEAN      5.77  5.67  5.98  5.60  5.30  4.72  4.46  4.01  4.51  4.89  5.46  5.83
STD DEV   2.21  2.12  2.58  2.35  2.25  1.86  1.84  1.60  1.94  1.88  2.08  2.10
SKEW      0.44  0.35  0.48  0.57  0.56  0.43  0.70  0.49  0.61  0.46  0.46  0.31
% SW     12.29  9.94  7.53  8.33  7.75  9.70 10.85  9.98  9.30 10.05 13.76 12.78
MEAN      6.08  5.81  6.23  5.72  5.25  4.77  4.49  4.16  4.56  5.07  5.88  5.83
STD DEV   2.40  2.31  2.88  2.51  2.42  1.93  1.81  1.66  1.92  1.97  2.24  2.24
SKEW      0.68  0.35  1.03  0.58  0.85  0.32  0.44  0.49  0.62  0.41  0.59  0.53
% WSW    12.03  9.06  8.52  7.31  6.63  5.89  5.60  5.34  5.51  6.52 13.65 13.34
MEAN      6.94  6.52  7.06  6.78  5.59  5.19  4.92  4.49  4.94  5.44  6.71  6.41
STD DEV   2.63  2.54  3.01  3.07  2.40  2.08  2.07  1.71  2.05  2.34  2.47  2.37
SKEW      0.55  0.29  0.55  0.71  0.23  0.38  0.47  0.39  0.60  0.30  0.42  0.46
% W       7.50  7.51  8.18  5.92  4.62  4.03  4.05  3.79  3.89  3.71  6.12  7.11
MEAN      6.74  6.79  6.89  6.42  5.64  5.36  4.86  4.60  5.29  5.64  6.47  6.39
STD DEV   2.44  2.68  2.72  2.52  2.24  2.22  1.90  1.99  2.36  2.45  2.34  2.09
SKEW      0.25  0.16  0.29  0.21  0.16  0.27  0.26  0.49  0.49  0.46  0.06 -0.01
% WNW     8.18  8.70  8.04  7.56  5.25  4.04  4.21  4.11  4.69  4.39  6.12  7.10
MEAN      6.27  6.74  6.64  6.34  5.83  5.12  5.20  4.75  5.52  5.71  6.03  6.44
STD DEV   2.30  2.49  2.51  2.21  2.14  2.06  2.05  1.78  1.97  2.06  2.16  2.03
SKEW      0.34  0.15  0.19  0.07  0.28  0.20  0.24  0.07  0.28  0.22  0.25  0.12
% NW      5.06  6.21  5.86  5.22  4.13  4.07  3.71  4.00  3.74  4.14  3.98  3.93
MEAN      5.79  5.48  5.74  5.38  4.67  4.59  4.53  4.40  5.05  5.54  5.69  5.80
STD DEV   2.22  2.39  2.28  2.15  1.91  1.85  1.95  1.58  1.87  2.07  2.31  2.17
SKEW      0.03  0.32  0.08  0.17  0.33  0.51  0.60 -0.02  0.09  0.14 -0.07  0.11
% NNW     3.19  4.64  4.41  4.89  5.39  5.05  5.07  4.80  4.20  3.76  2.53  2.49
MEAN      5.51  5.28  5.40  5.03  4.65  4.70  4.21  4.31  4.84  5.33  5.47  6.10
STD DEV   2.21  2.18  2.28  1.90  1.78  1.77  1.53  1.49  1.66  2.00  2.22  2.21
SKEW      0.16  0.34  0.23  0.11  0.49  0.59  0.07  0.09 -0.07  0.31  0.36  0.16
CALM      1.42  1.88  1.50  2.41  2.85  2.91  2.81  4.09  3.10  2.29  0.92  1.00
CLEVELAND     OH    1.000  YOUNGSTOWN    OH    0.000  GROSSE ILE    MI    0.000
 DAYTON OH                               332067 0
 LATT=  39.77 LONG= -84.18 YEARS= 58. TYPE= 3
 ELEVATION =  750. TP5 = 2.16 TP6= 3.98
 MEAN P   0.23  0.25  0.29  0.29  0.34  0.39  0.36  0.35  0.36  0.29  0.27  0.24
 S DEV P  0.36  0.33  0.37  0.37  0.43  0.50  0.46  0.45  0.46  0.35  0.36  0.31
 SQEW  P  3.52  2.51  2.89  2.43  2.98  2.57  2.20  2.53  2.98  2.16  3.11  2.25
 P(W/W)   0.47  0.46  0.47  0.54  0.53  0.46  0.44  0.36  0.44  0.43  0.53  0.47
 P(W/D)   0.32  0.30  0.34  0.34  0.29  0.28  0.26  0.25  0.19  0.21  0.28  0.30
 TMAX AV 36.56 39.72 50.34 62.78 74.03 83.37 86.91 85.04 78.28 66.18 51.71 40.14
 TMIN AV 22.01 23.71 32.48 42.81 53.47 62.85 66.82 64.74 57.22 45.87 35.93 26.12
 SD TMAX 12.51 12.19 13.02 12.12  9.98  7.67  6.16  6.13  8.74 10.21 11.66 11.65
 SD TMIN 12.09 11.40 10.18  9.35  8.50  6.87  5.67  6.22  8.68  8.95  9.60 11.02
 SOL.RAD  138.  214.  312.  409.  498.  567.  554.  497.  429.  300.  188.  135.
 SD SOL   46.8  54.1  67.3  82.8  87.2  79.7  75.6 137.9  62.9  37.7  37.4  38.9
 MX .5 P  0.31  0.38  0.44  0.49  0.90  1.03  1.35  1.27  0.90  0.41  0.52  0.34
 DEW PT  23.74 24.49 29.09 38.65 50.02 59.25 62.78 61.78 54.78 43.53 32.07 25.02
Time Pk  0.668 0.758 0.797 0.841 0.854 0.861 0.876 0.890 0.903 0.924 0.949 1.000
% N       4.28  4.86  5.36  4.22  4.65  4.20  4.78  5.70  5.10  4.88  3.23  3.48
MEAN      4.36  4.39  4.36  4.16  4.10  3.48  3.15  3.14  3.43  3.60  3.92  4.24
STD DEV   2.02  2.15  2.08  1.93  1.98  1.67  1.41  1.54  1.75  1.69  2.10  2.05
SKEW      0.77  0.75  0.51  0.65  0.61  0.80  0.68  0.97  0.90  0.67  1.10  0.57
% NNE     3.30  3.88  4.17  3.52  4.11  3.82  4.33  4.88  4.52  3.19  2.34  2.28
MEAN      4.22  4.29  4.43  4.11  4.18  3.54  3.27  3.07  3.18  3.15  3.80  3.76
STD DEV   1.93  2.06  2.25  1.89  1.89  1.64  1.48  1.45  1.68  1.57  2.16  1.67
SKEW      0.63  0.58  0.98  0.65  0.42  0.46  0.69  0.84  1.05  0.82  1.11  0.54
% NE      3.23  3.93  4.58  4.33  5.18  4.45  4.88  5.02  5.39  3.75  1.95  2.55
MEAN      3.98  4.05  4.40  4.10  4.07  3.54  3.12  3.13  3.20  3.27  2.95  3.76
STD DEV   1.75  1.81  1.88  1.78  1.84  1.54  1.41  1.40  1.53  1.32  1.36  1.83
SKEW      0.50  0.66  0.48  0.59  0.70  0.65  0.90  0.72  0.76  0.54  0.97  0.78
% ENE     2.55  3.77  4.72  4.09  3.97  3.35  3.37  3.22  4.30  2.71  1.68  2.13
MEAN      3.94  4.03  4.57  4.36  3.72  3.52  3.01  3.00  3.38  3.25  3.00  3.62
STD DEV   1.92  1.75  1.91  1.86  1.54  1.45  1.27  1.29  1.54  1.43  1.35  1.53
SKEW      0.92  0.69  0.58  0.50  0.55  0.55  0.59  0.66  0.72  0.79  0.99  0.55
% E       3.74  4.66  4.63  4.94  4.46  3.47  3.55  3.68  4.89  3.24  2.24  3.72
MEAN      3.71  4.05  4.10  4.21  3.54  3.17  2.87  3.08  3.01  2.98  3.23  3.73
STD DEV   1.54  1.77  1.74  1.79  1.49  1.37  1.26  1.57  1.25  1.29  1.48  1.60
SKEW      0.57  0.61  0.44  0.47  0.61  0.88  0.84  1.24  0.53  0.83  1.07  0.65
% ESE     2.50  3.08  3.13  3.50  3.23  2.38  2.25  2.24  3.14  2.67  1.96  2.76
MEAN      3.70  3.93  4.17  4.23  3.48  3.12  3.07  2.95  2.93  3.11  3.45  3.55
STD DEV   1.58  1.65  1.92  1.70  1.46  1.38  1.28  1.26  1.13  1.29  1.69  1.56
SKEW      0.61  0.58  0.58  0.27  0.54  0.86  0.79  0.69  0.41  0.65  1.55  0.73
% SE      2.69  2.95  3.25  3.36  3.22  2.76  2.38  2.35  3.34  3.40  3.10  3.12
MEAN      3.73  3.93  4.10  4.17  3.46  2.99  2.73  2.81  2.93  3.26  3.45  3.58
STD DEV   1.83  1.61  1.87  1.77  1.44  1.24  1.13  1.30  1.21  1.39  1.53  1.46
SKEW      0.74  0.72  0.54  0.48  0.58  0.99  0.74  0.97  0.55  0.55  0.80  0.68
% SSE     4.10  4.12  3.90  4.45  4.03  3.93  3.12  2.86  4.40  4.82  5.31  5.19
MEAN      4.05  4.04  4.10  4.28  3.56  3.28  3.01  2.93  3.40  3.43  3.97  3.83
STD DEV   2.17  1.84  1.99  1.80  1.57  1.42  1.34  1.28  1.48  1.55  1.94  1.73
SKEW      0.99  0.68  0.72  0.49  0.63  0.82  0.90  0.77  0.62  1.06  1.06  0.87
% S       8.58  7.21  6.38  8.95  7.78  9.29  6.81  6.76  8.88  8.78 10.70 10.56
MEAN      4.42  4.72  4.64  4.40  3.78  3.47  3.20  3.11  3.66  3.83  4.46  4.42
STD DEV   2.17  2.22  2.17  2.04  1.75  1.64  1.48  1.38  1.69  1.81  2.05  2.05
SKEW      0.71  0.64  0.65  0.76  0.78  0.93  0.92  0.65  0.74  0.87  0.61  0.66
% SSW     8.41  7.10  6.84  7.93  7.44  8.99  6.92  5.86  6.66  7.52  9.78  9.55
MEAN      5.28  5.15  5.51  5.16  4.46  4.07  3.66  3.70  4.18  4.47  4.96  5.06
STD DEV   2.42  2.35  2.61  2.27  2.13  1.93  1.70  1.76  1.86  2.01  2.22  2.22
SKEW      0.50  0.63  0.67  0.41  0.68  0.72  0.73  0.72  0.50  0.55  0.51  0.54
% SW      8.30  6.42  6.28  7.27  8.08  9.23  7.90  6.48  6.45  7.60  9.30  8.89
MEAN      5.71  5.63  6.04  5.70  4.78  4.41  4.08  3.87  4.22  4.76  5.25  5.40
STD DEV   2.44  2.45  3.05  2.61  2.31  2.03  1.89  1.82  1.84  2.23  2.33  2.48
SKEW      0.50  0.40  0.89  0.35  0.61  0.64  0.66  0.79  0.49  0.71  0.38  0.50
% WSW     8.00  7.00  6.83  6.39  7.24  7.08  6.63  5.36  4.40  5.40  8.71  8.02
MEAN      5.88  5.76  6.29  6.22  5.03  4.68  4.36  4.00  4.53  4.64  5.73  5.36
STD DEV   2.70  2.49  3.15  2.90  2.31  2.00  2.00  1.82  2.03  2.10  2.68  2.56
SKEW      0.76  0.43  0.85  0.58  0.73  0.41  0.73  0.56  0.63  0.63  0.69  0.65
% W      11.58 12.16 10.67  8.08  7.51  6.21  6.38  5.88  4.84  7.09 11.25 11.35
MEAN      5.97  6.05  6.12  6.25  5.04  4.34  4.12  4.01  4.40  4.78  5.66  5.50
STD DEV   2.60  2.68  2.87  2.95  2.34  2.00  1.92  1.84  2.05  2.14  2.59  2.37
SKEW      0.51  0.64  0.62  0.43  0.56  0.55  0.75  0.68  0.59  0.52  0.60  0.40
% WNW     6.94  7.61  7.29  6.39  4.74  3.19  3.42  3.43  3.08  3.80  6.35  6.84
MEAN      5.68  6.10  5.88  6.06  4.84  4.15  4.07  3.82  4.42  4.58  5.45  5.24
STD DEV   2.54  2.50  2.75  2.82  2.24  1.96  2.01  1.86  2.21  2.27  2.70  2.33
SKEW      0.36  0.19  0.59  0.57  0.51  0.57  1.29  0.87  0.91  0.66  0.78  0.46
% NW      5.31  5.98  6.36  5.75  4.31  3.08  3.81  3.96  3.73  4.48  4.84  4.59
MEAN      4.71  5.58  5.20  4.95  4.26  3.93  3.69  3.49  3.78  4.26  4.83  4.70
STD DEV   2.25  2.59  2.49  2.28  1.98  1.84  1.67  1.64  1.75  2.02  2.43  2.10
SKEW      0.68  0.46  0.63  0.49  0.61  0.82  0.78  0.88  0.81  0.76  0.68  0.62
% NNW     4.95  4.65  4.32  4.35  3.90  3.42  3.42  4.17  3.43  4.00  3.37  3.28
MEAN      4.73  4.84  4.71  4.64  4.18  3.68  3.62  3.61  3.74  4.05  4.59  4.50
STD DEV   2.21  2.41  2.33  2.14  1.94  1.75  1.72  1.59  1.75  1.86  2.21  2.12
SKEW      0.67  0.76  0.81  0.52  0.60  1.05  0.75  0.84  0.68  0.68  0.47  0.57
CALM     11.61 10.61 11.28 12.49 16.18 21.05 26.04 28.16 23.48 22.58 13.87 11.68
DAYTON/WRIGHT OH    0.674  WILMINGTON    OH    0.214  COVINGTON/CIN.KY    0.112
 DEFIANCE OH                             332098 0
 LATT=  41.28 LONG= -84.38 YEARS= 56. TYPE= 3
 ELEVATION =  710. TP5 = 2.03 TP6= 3.78
 MEAN P   0.19  0.21  0.24  0.27  0.31  0.37  0.38  0.32  0.32  0.28  0.24  0.21
 S DEV P  0.27  0.28  0.30  0.36  0.38  0.46  0.44  0.41  0.41  0.42  0.34  0.29
 SQEW  P  2.54  2.52  2.19  3.72  2.44  2.24  1.89  2.51  2.93  3.55  3.47  3.18
 P(W/W)   0.44  0.40  0.45  0.50  0.53  0.49  0.39  0.41  0.43  0.48  0.48  0.49
 P(W/D)   0.28  0.27  0.31  0.34  0.28  0.27  0.26  0.21  0.23  0.22  0.30  0.29
 TMAX AV 31.85 35.04 45.62 59.24 71.33 81.15 84.97 83.32 76.33 64.49 48.82 36.62
 TMIN AV 15.47 16.90 25.85 36.55 47.25 57.18 61.06 59.07 51.57 40.37 30.51 20.48
 SD TMAX 11.05 10.99 12.60 12.24 10.52  8.13  6.51  6.64  9.15 10.73 11.50 10.88
 SD TMIN 12.29 11.72 10.06  9.12  8.77  7.45  6.34  6.72  9.14  9.18  9.61 11.38
 SOL.RAD  124.  200.  301.  377.  471.  535.  540.  476.  381.  270.  148.  110.
 SD SOL   49.8  57.9  72.7  99.3 103.6  97.7  87.5 207.8  79.9  45.9  48.2  44.8
 MX .5 P  0.28  0.35  0.32  0.47  0.64  0.98  0.82  1.21  0.66  0.52  0.32  0.45
 DEW PT  20.95 21.99 27.80 36.95 47.99 57.61 61.61 61.00 54.00 43.61 32.61 23.19
Time Pk  0.668 0.765 0.807 0.855 0.867 0.875 0.889 0.898 0.906 0.928 0.953 1.000
% N       2.93  3.02  3.09  3.33  3.81  3.15  4.08  4.95  3.21  3.43  2.53  2.10
MEAN      4.12  4.29  4.42  4.32  3.88  3.41  3.30  3.32  3.45  3.92  4.72  4.51
STD DEV   1.83  1.99  1.91  1.88  1.73  1.49  1.58  1.60  1.56  1.74  2.05  2.16
SKEW      0.27  0.31  0.67  0.38  0.38  0.27  0.61  0.58  0.36  0.26  0.22  0.16
% NNE     4.10  3.37  3.43  4.05  5.10  3.04  3.74  4.41  2.89  3.89  2.42  1.89
MEAN      4.39  4.79  4.80  4.60  4.36  3.89  3.63  3.62  3.86  4.26  4.95  4.77
STD DEV   1.66  1.99  1.87  1.86  1.68  1.62  1.44  1.53  1.57  1.72  2.06  1.79
SKEW      0.21  0.33  0.34  0.56  0.55  0.58  0.28  0.33  0.47  0.53  0.69  0.32
% NE      3.78  3.92  3.71  4.28  5.92  3.58  4.31  5.65  3.89  4.43  1.53  2.25
MEAN      4.28  4.66  4.53  4.52  4.16  3.55  3.41  3.52  3.48  3.55  3.42  4.32
STD DEV   1.76  2.09  1.99  1.98  1.78  1.54  1.49  1.58  1.56  1.66  1.28  1.97
SKEW      0.43  0.54  0.46  0.30  0.62  0.51  0.56  0.66  0.63  0.62  0.27  0.48
% ENE     3.87  5.36  6.33  5.93  6.29  3.97  4.42  4.82  4.15  4.19  1.96  2.68
MEAN      4.71  5.32  5.66  5.08  4.63  4.04  3.77  3.73  3.74  3.99  3.92  4.67
STD DEV   1.81  2.16  2.17  1.96  1.92  1.57  1.52  1.45  1.44  1.80  1.50  1.92
SKEW      0.51  0.52  0.25  0.29  0.44  0.37  0.38  0.17  0.38  0.46  0.18  0.66
% E       3.22  3.89  5.18  5.40  5.05  4.15  4.55  4.61  3.83  3.53  2.24  3.27
MEAN      4.09  4.40  5.06  4.82  4.02  3.70  3.33  3.10  3.55  3.39  3.45  4.31
STD DEV   1.83  1.89  2.18  1.97  1.75  1.65  1.35  1.28  1.51  1.62  1.54  1.88
SKEW      0.31  0.46  0.29  0.33  0.35  0.34  0.17  0.39  0.35  0.38  0.89  0.36
% ESE     4.30  3.86  4.85  5.51  4.89  4.07  3.76  3.43  3.95  3.42  2.18  3.55
MEAN      4.36  4.61  5.14  4.98  4.17  3.58  3.27  3.22  3.36  3.59  3.78  4.43
STD DEV   1.80  1.71  1.98  1.94  1.69  1.49  1.30  1.35  1.43  1.69  1.58  1.86
SKEW      0.35  0.32  0.32  0.33  0.25  0.24  0.56  0.60  0.46  0.83  0.42  0.38
% SE      4.67  4.62  4.77  4.34  5.10  5.29  5.25  5.76  6.25  5.85  3.89  4.73
MEAN      4.21  4.29  4.35  4.36  3.61  3.24  2.84  2.76  3.10  3.07  3.80  4.09
STD DEV   1.75  1.89  1.83  1.98  1.70  1.48  1.22  1.18  1.39  1.42  1.69  1.71
SKEW      0.43  0.38  0.42  0.34  0.52  0.75  0.78  0.85  0.62  0.66  0.63  0.52
% SSE     5.76  6.05  6.06  4.90  4.65  6.00  4.15  4.51  5.68  5.72  5.75  6.38
MEAN      4.86  5.01  5.10  4.68  3.95  3.50  3.19  3.14  3.46  3.63  4.88  4.85
STD DEV   1.88  2.13  2.08  1.98  1.80  1.44  1.31  1.26  1.43  1.53  2.16  1.85
SKEW      0.31  0.43  0.27  0.41  0.68  0.48  0.47  0.63  0.63  0.67  0.77  0.33
% S       5.62  4.84  4.81  4.77  5.73  8.23  6.71  6.17  7.61  7.04  7.24  6.53
MEAN      4.73  4.85  4.71  4.51  3.99  3.72  3.28  3.01  3.74  3.88  4.76  4.79
STD DEV   2.05  2.19  2.20  1.92  1.90  1.60  1.41  1.31  1.69  1.74  2.13  2.29
SKEW      0.24  0.45  0.44  0.45  0.66  0.83  0.73  0.94  0.52  0.64  0.51  0.61
% SSW    10.79  8.27  6.02  7.40  6.89 10.45  8.69  7.40  9.72 11.08 12.99 11.79
MEAN      6.02  5.66  5.87  5.46  4.78  4.38  4.31  3.65  4.48  4.93  5.68  5.75
STD DEV   2.50  2.25  2.41  2.35  2.17  1.85  1.84  1.55  1.99  2.15  2.21  2.28
SKEW      0.53  0.14  0.34  0.55  0.66  0.54  0.54  0.67  0.67  0.71  0.41  0.51
% SW      7.83  7.48  6.00  8.05  8.47 10.29 10.75  9.38  9.70 10.96 10.46 10.20
MEAN      5.34  5.29  5.66  5.20  4.60  4.56  4.00  3.48  3.95  4.55  5.15  5.46
STD DEV   2.21  2.34  2.82  2.34  2.30  2.04  1.80  1.52  1.89  2.13  2.28  2.36
SKEW      0.46  0.45  0.66  0.55  0.79  0.47  0.66  0.56  0.86  0.54  0.58  0.33
% WSW    10.96 10.73  9.41  9.19  9.38  8.74  9.21  7.25  8.09  9.33 14.30 14.45
MEAN      6.11  5.81  6.36  5.98  5.17  4.82  4.46  3.96  4.45  4.99  5.75  5.86
STD DEV   2.68  2.50  2.96  2.68  2.32  2.08  1.87  1.82  2.02  2.21  2.46  2.36
SKEW      0.63  0.59  0.66  0.68  0.52  0.53  0.53  0.95  0.64  0.66  0.75  0.35
% W      10.78 11.09  9.96  8.81  7.50  7.18  7.65  7.30  7.48  6.79 10.66 12.38
MEAN      6.07  5.61  5.97  5.82  5.03  4.22  4.00  3.66  4.16  4.67  5.52  5.35
STD DEV   2.71  2.60  2.94  2.74  2.47  2.01  1.98  1.82  2.11  2.25  2.42  2.46
SKEW      0.66  0.66  0.66  0.65  0.54  0.54  0.75  0.81  0.86  0.51  0.41  0.58
% WNW    10.07 11.17 11.93 10.57  8.37  7.75  7.06  6.76  9.11  6.92  9.53  9.24
MEAN      5.99  5.75  6.20  6.03  5.09  4.58  4.21  4.12  4.75  4.98  5.62  5.59
STD DEV   2.53  2.50  2.66  2.46  2.33  2.11  1.98  1.85  2.16  2.18  2.46  2.34
SKEW      0.59  0.56  0.40  0.47  0.50  0.65  0.65  0.62  0.67  0.27  0.62  0.38
% NW      4.88  5.67  7.12  6.10  5.31  5.39  5.31  5.99  5.33  4.92  5.15  3.78
MEAN      4.96  4.94  5.13  5.26  4.19  3.91  3.61  3.55  3.92  4.12  4.57  4.40
STD DEV   2.11  2.29  2.21  2.17  1.94  1.91  1.68  1.70  1.76  2.00  2.04  1.92
SKEW      0.23  0.63  0.30  0.30  0.56  0.68  0.48  0.54  0.53  0.53  0.44  0.47
% NNW     5.41  5.63  6.19  6.06  5.36  5.68  6.13  6.49  5.67  5.43  5.95  3.56
MEAN      4.98  4.99  5.14  5.05  4.31  4.16  4.15  3.64  4.20  4.80  5.07  4.91
STD DEV   2.06  2.03  2.12  1.93  1.84  1.74  1.82  1.58  1.70  1.93  2.20  2.00
SKEW      0.41  0.59  0.41  0.28  0.45  0.45  0.50  0.45  0.37  0.32  0.76  0.17
CALM      0.95  1.08  1.04  1.26  2.21  3.06  4.12  5.10  3.43  3.07  1.26  1.25
FINDLAY       OH    0.402  FT. WAYNE     IN    0.355  JACKSON       MI    0.243
 FREDERICKTOWN SW PL OH                  332956 0
 LATT=  40.48 LONG= -82.53 YEARS= 44. TYPE= 3
 ELEVATION = 1070. TP5 = 2.06 TP6= 3.69
 MEAN P   0.25  0.23  0.25  0.28  0.33  0.39  0.39  0.37  0.35  0.26  0.27  0.24
 S DEV P  0.33  0.32  0.31  0.34  0.40  0.45  0.45  0.44  0.49  0.31  0.32  0.29
 SQEW  P  3.16  2.75  3.15  2.18  2.31  2.51  1.78  2.13  3.74  2.61  2.06  1.97
 P(W/W)   0.44  0.43  0.49  0.52  0.53  0.45  0.44  0.40  0.43  0.44  0.49  0.49
 P(W/D)   0.29  0.29  0.33  0.33  0.28  0.28  0.26  0.24  0.22  0.21  0.30  0.30
 TMAX AV 33.43 36.81 47.60 59.94 71.46 80.11 83.97 82.72 76.27 64.68 50.26 38.07
 TMIN AV 14.99 16.87 26.00 36.00 46.04 54.81 58.46 56.10 48.92 38.18 29.65 20.32
 SD TMAX 11.87 11.63 12.88 12.21  9.94  7.56  5.62  5.94  8.43 10.53 11.86 11.49
 SD TMIN 13.25 12.96 10.46  9.68  9.03  7.56  6.57  7.26  9.50  9.68 10.00 12.03
 SOL.RAD  127.  197.  300.  363.  478.  558.  552.  484.  375.  284.  159.  121.
 SD SOL   46.0  55.2  66.9  94.0  89.8  79.5  73.5 130.5  76.0  38.6  42.1  39.2
 MX .5 P  0.21  0.36  0.41  0.42  0.73  1.17  1.30  1.20  0.72  0.33  0.47  0.28
 DEW PT  22.30 22.80 28.50 38.50 48.50 57.70 61.70 61.20 54.20 43.20 32.50 24.30
Time Pk  0.683 0.771 0.811 0.852 0.865 0.869 0.883 0.895 0.909 0.931 0.957 1.000
% N       3.41  4.32  4.49  5.34  6.57  5.18  6.25  6.77  4.91  4.59  2.84  2.65
MEAN      4.48  4.60  4.71  4.65  4.46  4.12  3.59  3.61  3.80  3.83  4.32  4.23
STD DEV   1.91  2.03  1.94  1.99  1.94  1.79  1.51  1.52  1.66  1.71  1.90  1.98
SKEW      0.46  0.51  0.45  0.54  0.54  0.55  0.63  0.52  0.66  0.52  0.61  0.44
% NNE     3.89  4.31  4.67  5.59  7.46  5.02  5.97  6.46  4.79  4.30  2.27  2.07
MEAN      4.68  4.40  4.74  4.75  4.42  4.03  3.60  3.66  3.84  3.95  4.39  4.30
STD DEV   1.94  1.69  1.82  1.87  1.86  1.60  1.45  1.58  1.64  1.64  1.99  1.89
SKEW      0.54  0.34  0.48  0.41  0.67  0.55  0.48  0.70  0.56  0.49  0.57  0.37
% NE      2.97  3.46  3.80  4.06  4.72  3.61  4.36  5.00  3.49  3.85  1.74  1.93
MEAN      3.91  4.14  4.18  4.04  3.60  3.37  3.14  3.10  3.24  3.64  3.51  3.77
STD DEV   1.63  1.64  1.64  1.67  1.51  1.35  1.33  1.32  1.39  1.59  1.57  1.66
SKEW      0.53  0.37  0.32  0.42  0.38  0.56  0.66  0.53  0.80  0.67  0.64  0.45
% ENE     2.15  3.09  3.68  3.61  3.20  2.72  2.55  3.12  3.04  2.64  1.24  1.87
MEAN      4.06  4.35  4.53  4.31  3.89  3.51  3.18  3.27  3.36  3.61  3.66  4.12
STD DEV   1.58  1.67  1.72  1.51  1.70  1.31  1.36  1.34  1.40  1.32  1.47  1.47
SKEW      0.58  0.41  0.32  0.05  0.49  0.50  0.82  0.44  0.49  0.33  0.61  0.26
% E       2.40  2.91  3.41  3.43  3.27  3.06  2.99  3.18  3.39  2.78  1.93  2.42
MEAN      3.83  3.76  4.18  3.96  3.52  3.16  3.11  2.76  3.09  3.08  3.65  3.78
STD DEV   1.45  1.37  1.68  1.69  1.48  1.40  1.31  1.13  1.30  1.26  1.47  1.57
SKEW      0.30  0.07  0.45  0.46  0.56  0.70  0.51  0.73  0.72  0.45  0.26  0.40
% ESE     3.15  3.48  3.83  3.57  3.33  2.89  2.68  2.88  3.09  3.42  2.54  3.37
MEAN      4.06  4.18  4.49  4.11  3.80  3.42  3.10  3.05  3.24  3.43  3.77  4.22
STD DEV   1.42  1.61  1.54  1.56  1.44  1.25  1.24  1.29  1.23  1.29  1.39  1.71
SKEW      0.31  0.51  0.31  0.43  0.48  0.37  0.60  0.58  0.35  0.40  0.39  0.88
% SE      4.45  5.02  5.26  4.80  5.30  5.40  4.84  5.48  6.10  5.49  5.38  5.56
MEAN      4.20  4.37  4.34  4.05  3.53  3.02  2.73  2.65  3.03  3.30  3.91  4.18
STD DEV   1.74  1.87  1.80  1.80  1.60  1.30  1.19  1.18  1.28  1.57  1.89  1.75
SKEW      0.53  0.61  0.54  0.50  0.59  0.70  0.68  0.76  0.75  0.93  0.85  0.64
% SSE     7.59  6.53  7.24  6.31  5.91  7.52  6.54  6.80  7.70  8.02  8.79  8.69
MEAN      5.35  5.43  5.56  4.84  4.22  3.98  3.51  3.44  3.84  4.20  4.83  5.23
STD DEV   2.01  2.09  2.29  1.97  1.77  1.64  1.37  1.45  1.61  1.88  1.95  2.05
SKEW      0.37  0.26  0.44  0.38  0.73  0.58  0.37  0.61  0.62  0.91  0.55  0.46
% S      10.68  8.28  7.19  8.65  8.37 11.67 10.18  8.29 10.45 12.04 11.39 11.37
MEAN      5.92  5.66  5.71  5.24  4.68  4.37  3.80  3.68  4.27  4.54  5.32  5.56
STD DEV   2.24  2.22  2.50  2.32  2.17  1.92  1.65  1.55  1.77  1.87  2.19  2.21
SKEW      0.47  0.29  0.60  0.51  0.77  0.76  0.70  0.46  0.51  0.51  0.51  0.44
% SSW    10.44  8.99  7.40  7.91  7.77 10.55  9.72  7.58  8.91  9.59 11.60 11.07
MEAN      6.71  6.50  6.58  6.26  5.48  5.12  4.66  4.43  4.89  5.23  6.05  6.23
STD DEV   2.71  2.60  2.68  2.62  2.30  1.95  1.89  1.83  1.99  2.16  2.32  2.34
SKEW      0.42  0.30  0.30  0.29  0.49  0.35  0.49  0.47  0.45  0.47  0.34  0.35
% SW      8.41  7.54  6.60  8.03  7.74  9.64  8.89  6.81  6.60  8.12 10.05  9.21
MEAN      6.33  6.02  6.37  6.41  5.32  5.08  4.55  4.10  4.54  4.98  5.87  5.91
STD DEV   2.65  2.48  2.80  2.69  2.36  2.18  1.98  1.82  1.98  2.16  2.37  2.43
SKEW      0.73  0.32  0.43  0.38  0.55  0.41  0.48  0.54  0.57  0.51  0.42  0.42
% WSW    10.32  9.81  9.24  9.20  7.10  6.52  6.54  5.96  5.85  6.45 10.31 10.53
MEAN      6.95  6.52  7.03  6.81  6.02  5.26  4.84  4.55  4.94  5.22  6.41  6.32
STD DEV   2.81  2.50  2.76  2.62  2.28  1.99  1.96  1.90  1.99  2.13  2.47  2.47
SKEW      0.57  0.37  0.28  0.40  0.25  0.23  0.58  0.46  0.48  0.51  0.48  0.51
% W       9.13  8.69  8.96  7.19  6.51  4.96  4.61  4.87  5.50  5.03  8.21  9.32
MEAN      6.38  6.21  6.36  6.43  5.36  4.73  4.34  4.25  4.53  5.20  5.88  6.00
STD DEV   2.46  2.42  2.54  2.57  2.03  1.96  1.80  1.85  1.98  2.24  2.23  2.42
SKEW      0.45  0.28  0.40  0.39  0.23  0.46  0.36  0.44  0.54  0.48  0.25  0.39
% WNW     8.13  9.36 10.35  7.91  6.67  5.03  4.79  5.13  6.48  5.24  8.43  8.31
MEAN      6.27  6.21  6.56  6.37  5.41  4.95  4.60  4.36  4.90  5.36  6.07  5.74
STD DEV   2.22  2.45  2.43  2.27  2.15  1.94  1.84  1.75  1.92  2.17  2.32  2.21
SKEW      0.18  0.35  0.37  0.43  0.43  0.58  0.45  0.38  0.31  0.41  0.41  0.35
% NW      5.64  6.45  6.14  5.85  5.29  5.04  5.22  5.13  5.48  6.10  5.24  4.91
MEAN      5.37  5.39  5.57  5.60  4.53  4.37  4.00  3.86  4.18  4.70  5.29  4.99
STD DEV   2.21  2.37  2.42  2.11  1.96  1.87  1.77  1.70  1.85  2.06  2.23  2.16
SKEW      0.18  0.37  0.42  0.16  0.45  0.36  0.53  0.42  0.42  0.40  0.41  0.29
% NNW     5.27  5.56  5.47  5.43  5.57  4.84  5.27  6.19  5.20  5.26  4.46  3.52
MEAN      5.23  5.22  5.49  5.21  4.66  4.48  4.12  4.04  4.26  4.53  5.06  5.30
STD DEV   2.12  2.25  2.25  2.02  1.92  1.82  1.72  1.68  1.90  2.05  2.15  2.13
SKEW      0.42  0.34  0.40  0.22  0.46  0.50  0.48  0.40  0.47  0.47  0.39  0.31
CALM      2.04  2.26  2.27  3.12  5.24  6.37  8.66 10.34  8.99  7.11  3.64  3.17
MANSFIELD     OH    0.482  COLUMBUS      OH    0.291  ZANESVILLE    OH    0.227
 KENTON 2 W OH                           334189 0
 LATT=  40.65 LONG= -83.65 YEARS= 68. TYPE= 3
 ELEVATION = 1020. TP5 = 2.07 TP6= 3.75
 MEAN P   0.25  0.23  0.28  0.29  0.33  0.42  0.41  0.36  0.37  0.27  0.27  0.25
 S DEV P  0.31  0.27  0.32  0.33  0.38  0.52  0.46  0.42  0.46  0.32  0.30  0.29
 SQEW  P  2.94  2.67  2.65  2.55  2.93  2.72  1.95  2.33  2.31  2.73  2.31  1.99
 P(W/W)   0.38  0.40  0.42  0.49  0.47  0.43  0.37  0.35  0.40  0.39  0.40  0.39
 P(W/D)   0.26  0.24  0.29  0.30  0.28  0.26  0.25  0.24  0.22  0.21  0.27  0.26
 TMAX AV 34.30 37.41 47.43 60.22 71.48 80.65 84.91 83.13 76.60 64.58 49.64 37.44
 TMIN AV 17.82 19.85 27.82 37.78 48.10 57.34 61.23 59.14 52.50 41.46 32.03 21.72
 SD TMAX 11.53 11.16 12.56 11.80  9.85  7.73  6.33  6.35  8.79 10.53 11.63 11.36
 SD TMIN 12.40 11.87 10.57  9.75  9.11  7.72  6.63  7.09  9.50  9.64 10.19 11.61
 SOL.RAD  126.  200.  299.  385.  469.  545.  544.  479.  396.  278.  158.  117.
 SD SOL   46.2  54.2  67.6  87.0  93.9  84.9  77.1 139.1  69.4  40.6  42.2  40.4
 MX .5 P  0.25  0.34  0.39  0.42  0.67  1.03  1.04  1.20  0.71  0.41  0.42  0.38
 DEW PT  22.37 23.05 28.72 38.72 49.05 58.04 62.04 61.36 54.36 43.68 32.68 24.04
Time Pk  0.681 0.782 0.826 0.867 0.874 0.884 0.898 0.907 0.916 0.935 0.954 1.000
% N       2.15  2.57  3.10  3.04  3.78  2.99  4.03  4.41  3.16  3.16  2.20  1.90
MEAN      4.07  4.33  4.43  4.25  3.96  3.53  3.36  3.35  3.34  3.69  4.50  4.19
STD DEV   1.71  2.04  1.88  1.78  1.78  1.51  1.50  1.58  1.48  1.59  2.07  2.19
SKEW      0.44  0.39  0.56  0.53  0.40  0.25  0.63  0.60  0.43  0.11  0.46  0.25
% NNE     4.18  3.72  3.88  4.65  5.76  3.90  4.94  5.43  3.63  3.93  2.56  1.87
MEAN      4.56  4.56  4.71  4.43  4.42  4.08  3.81  3.68  3.81  4.10  4.94  4.46
STD DEV   1.81  1.83  1.89  1.70  1.74  1.50  1.44  1.54  1.58  1.55  2.16  1.62
SKEW      0.47  0.33  0.47  0.57  0.73  0.31  0.23  0.37  0.59  0.58  1.06  0.33
% NE      3.85  4.16  3.78  4.74  6.30  4.05  4.49  6.01  3.94  4.44  1.47  2.07
MEAN      4.40  4.78  4.76  4.39  4.14  3.86  3.60  3.62  3.57  3.80  3.30  4.27
STD DEV   1.68  1.90  1.94  1.77  1.68  1.58  1.52  1.48  1.56  1.57  1.33  1.97
SKEW      0.47  0.55  0.55  0.29  0.72  0.44  0.60  0.46  0.65  0.44  0.34  0.45
% ENE     2.67  3.94  5.04  5.20  5.48  3.43  3.84  4.40  3.15  3.09  1.16  2.06
MEAN      4.62  5.02  5.21  4.71  4.28  4.02  3.68  3.62  3.57  3.95  3.48  4.42
STD DEV   1.79  1.93  1.93  1.74  1.72  1.45  1.43  1.39  1.41  1.62  1.29  1.71
SKEW      0.77  0.54  0.35  0.22  0.40  0.30  0.47  0.24  0.48  0.51  0.18  0.64
% E       2.90  3.61  3.87  4.59  4.05  3.72  4.23  4.57  3.40  3.30  1.86  2.93
MEAN      4.05  4.01  4.56  4.18  3.58  3.59  3.33  3.19  3.24  3.30  3.38  4.01
STD DEV   1.48  1.59  1.84  1.68  1.48  1.47  1.27  1.38  1.27  1.42  1.66  1.68
SKEW      0.28  0.43  0.33  0.57  0.48  0.37  0.15  0.52  0.38  0.46  1.04  0.49
% ESE     3.11  3.17  3.69  4.03  3.80  3.39  3.33  3.16  3.61  3.08  1.79  2.60
MEAN      4.34  4.37  4.88  4.52  3.92  3.66  3.31  3.19  3.23  3.57  3.82  4.24
STD DEV   1.73  1.63  1.83  1.67  1.51  1.46  1.24  1.30  1.22  1.54  1.69  1.74
SKEW      0.39  0.36  0.20  0.31  0.23  0.32  0.41  0.41  0.33  0.78  0.74  0.49
% SE      4.65  4.86  5.34  4.28  5.34  5.79  5.40  6.14  7.46  6.48  4.50  5.36
MEAN      4.52  4.58  4.66  4.24  3.67  3.36  2.98  2.88  3.17  3.27  3.91  4.53
STD DEV   1.80  1.88  1.92  1.89  1.73  1.52  1.26  1.33  1.37  1.41  1.84  1.82
SKEW      0.46  0.50  0.49  0.38  0.61  0.89  0.59  0.70  0.70  0.50  0.73  0.52
% SSE     5.85  5.91  6.52  4.81  4.63  5.65  4.20  4.79  5.31  5.47  6.24  6.75
MEAN      5.42  5.51  5.45  4.70  4.13  3.76  3.44  3.42  3.76  3.84  5.11  5.32
STD DEV   2.11  2.24  2.33  1.98  1.83  1.53  1.38  1.41  1.52  1.64  2.30  2.03
SKEW      0.37  0.50  0.45  0.48  0.73  0.53  0.40  0.65  0.56  0.92  0.89  0.41
% S       7.20  5.89  5.60  6.32  6.50  9.45  7.93  6.91  8.65  8.82  8.62  8.28
MEAN      5.30  5.27  5.01  4.55  4.08  4.07  3.60  3.32  4.00  4.04  5.01  5.13
STD DEV   2.24  2.29  2.34  1.96  1.91  1.74  1.56  1.47  1.77  1.74  2.25  2.31
SKEW      0.51  0.49  0.63  0.64  0.80  0.89  0.75  0.69  0.61  0.55  0.59  0.55
% SSW    11.70  8.67  6.50  7.87  7.01  9.89  8.10  6.48  8.28  9.73 11.96 11.66
MEAN      6.67  6.05  6.19  5.65  4.82  4.70  4.48  3.89  4.73  5.11  6.00  6.11
STD DEV   2.66  2.42  2.56  2.37  2.11  1.96  1.82  1.60  2.02  2.13  2.24  2.42
SKEW      0.51  0.13  0.41  0.49  0.65  0.61  0.49  0.54  0.64  0.60  0.34  0.45
% SW      7.83  7.13  5.86  7.72  7.86  9.31  9.04  6.92  8.75 10.61 10.18  9.33
MEAN      5.84  5.52  5.81  5.49  4.64  4.64  4.23  3.54  4.03  4.73  5.36  5.61
STD DEV   2.44  2.27  2.67  2.37  2.26  2.03  1.89  1.48  1.81  2.13  2.25  2.42
SKEW      0.72  0.41  0.54  0.65  0.84  0.55  0.72  0.62  0.90  0.63  0.50  0.43
% WSW     9.53  9.24  8.52  8.18  8.35  8.00  7.75  6.26  6.11  7.33 12.57 11.76
MEAN      6.42  6.09  6.47  6.09  5.25  5.08  4.72  4.00  4.76  5.12  6.06  6.01
STD DEV   2.88  2.42  2.70  2.63  2.19  1.97  1.95  1.74  1.97  2.19  2.41  2.42
SKEW      0.82  0.49  0.55  0.79  0.55  0.49  0.62  1.06  0.50  0.72  0.81  0.45
% W      11.07 11.95 11.05  9.68  8.72  7.63  7.85  7.79  8.44  7.66 11.15 13.37
MEAN      6.03  5.87  5.86  5.85  4.89  4.29  4.05  3.80  4.15  4.70  5.57  5.40
STD DEV   2.55  2.72  2.69  2.63  2.27  1.89  1.85  1.70  2.00  2.18  2.30  2.31
SKEW      0.83  0.75  0.71  0.79  0.61  0.54  0.85  0.82  0.85  0.58  0.55  0.43
% WNW     9.62 11.02 12.04 10.44  8.20  7.25  6.80  6.64  8.48  5.98  8.98  9.13
MEAN      6.00  5.77  6.06  5.89  4.71  4.48  4.26  4.06  4.67  4.70  5.66  5.35
STD DEV   2.41  2.42  2.57  2.44  2.05  1.95  1.82  1.67  2.12  2.01  2.45  2.22
SKEW      0.61  0.56  0.54  0.64  0.56  0.74  0.62  0.68  0.91  0.45  0.82  0.38
% NW      5.15  5.65  6.60  5.19  4.38  4.00  4.21  5.03  4.91  5.23  5.34  3.84
MEAN      4.89  5.04  4.94  5.03  3.88  3.84  3.58  3.44  3.78  4.05  4.67  4.40
STD DEV   1.99  2.31  2.09  2.07  1.72  1.64  1.51  1.48  1.61  1.84  2.02  1.97
SKEW      0.31  0.70  0.57  0.48  0.64  0.56  0.39  0.43  0.54  0.59  0.43  0.47
% NNW     4.95  5.20  4.98  5.27  4.69  5.14  5.48  6.25  5.06  4.71  5.15  3.29
MEAN      4.72  4.79  4.68  4.72  3.94  4.12  4.17  3.77  4.01  4.57  4.93  4.82
STD DEV   1.88  2.00  2.04  1.81  1.64  1.63  1.74  1.49  1.64  1.72  1.92  2.03
SKEW      0.47  0.53  0.62  0.46  0.55  0.52  0.51  0.24  0.40  0.33  0.20  0.27
CALM      3.61  3.44  3.57  3.99  5.14  6.45  8.33  8.77  7.60  6.93  4.30  3.79
FINDLAY       OH    0.541  DAYTON/WRIGHT OH    0.232  MANSFIELD     OH    0.228
 NEW LEXINGTON 2 NW OH                   335857 0
 LATT=  39.73 LONG= -82.22 YEARS= 50. TYPE= 3
 ELEVATION =  890. TP5 = 2.15 TP6= 3.85
 MEAN P   0.20  0.23  0.28  0.30  0.32  0.42  0.43  0.41  0.32  0.27  0.26  0.24
 S DEV P  0.26  0.31  0.39  0.36  0.37  0.51  0.54  0.51  0.42  0.31  0.32  0.29
 SQEW  P  2.53  2.85  3.57  2.02  2.43  2.31  2.24  2.61  2.23  2.13  2.70  2.05
 P(W/W)   0.50  0.48  0.50  0.52  0.55  0.45  0.43  0.40  0.41  0.43  0.50  0.49
 P(W/D)   0.36  0.33  0.35  0.35  0.31  0.26  0.27  0.22  0.23  0.21  0.31  0.34
 TMAX AV 38.38 42.10 53.12 64.99 74.94 82.59 85.51 84.31 78.31 67.49 53.39 41.55
 TMIN AV 18.30 20.11 28.32 37.31 47.19 55.66 59.55 57.83 50.84 39.32 30.47 22.09
 SD TMAX 12.03 11.82 13.16 11.76  9.19  6.77  5.33  5.76  8.05  9.87 11.47 11.66
 SD TMIN 12.84 11.99 10.72  9.78  9.04  7.48  6.44  6.96  9.35  9.80 10.34 11.77
 SOL.RAD  138.  209.  310.  388.  500.  575.  561.  498.  407.  290.  175.  134.
 SD SOL   45.0  53.7  65.4  87.0  83.1  73.8  70.5 123.3  67.7  39.1  39.8  37.6
 MX .5 P  0.22  0.32  0.50  0.46  0.76  1.19  1.55  1.42  0.78  0.35  0.51  0.23
 DEW PT  24.63 24.35 29.80 39.43 49.80 58.80 62.80 61.99 54.99 44.35 33.18 25.54
Time Pk  0.679 0.766 0.807 0.850 0.858 0.865 0.878 0.889 0.901 0.918 0.954 1.000
% N       3.71  4.14  3.63  4.43  5.65  4.16  5.27  5.86  4.64  4.61  2.43  2.11
MEAN      3.78  3.42  3.81  3.69  3.56  3.12  2.79  2.83  2.88  3.20  3.47  3.25
STD DEV   1.78  1.59  1.73  1.73  1.71  1.45  1.20  1.28  1.29  1.57  1.59  1.67
SKEW      0.67  0.44  0.51  0.55  0.69  0.77  0.88  0.67  0.93  0.74  0.70  0.64
% NNE     3.97  3.97  4.14  5.38  6.15  4.39  5.21  5.64  4.54  5.08  2.79  2.27
MEAN      3.53  3.44  3.74  3.71  3.37  3.12  2.81  2.83  2.98  3.24  3.75  3.46
STD DEV   1.56  1.43  1.48  1.60  1.59  1.37  1.15  1.26  1.34  1.39  1.69  1.69
SKEW      0.53  0.41  0.36  0.49  0.79  0.74  0.56  0.92  0.71  0.56  0.62  0.77
% NE      3.73  4.15  3.70  3.99  4.15  3.15  3.67  4.35  3.48  4.29  1.52  1.91
MEAN      2.95  3.01  3.33  3.20  2.99  2.67  2.58  2.64  2.49  2.85  3.01  2.85
STD DEV   1.33  1.34  1.39  1.39  1.40  1.11  1.22  1.14  1.13  1.38  1.22  1.38
SKEW      0.63  0.62  0.30  0.57  0.67  0.76  0.73  0.82  0.91  1.11  0.35  0.76
% ENE     2.47  3.17  3.70  3.71  3.03  2.62  2.35  2.80  2.72  2.61  1.08  1.92
MEAN      3.18  3.40  3.62  3.64  3.17  2.79  2.57  2.79  2.81  2.85  2.97  3.35
STD DEV   1.30  1.46  1.46  1.44  1.41  1.18  1.11  1.19  1.32  1.21  1.03  1.31
SKEW      0.37  0.68  0.35  0.52  0.53  0.39  0.64  0.60  0.84  0.75  0.62  0.27
% E       2.69  3.18  3.86  3.23  2.99  3.19  2.69  3.20  3.62  3.37  1.91  2.98
MEAN      2.83  3.13  3.15  3.05  2.71  2.56  2.57  2.23  2.49  2.49  3.07  2.96
STD DEV   1.19  1.34  1.37  1.39  1.22  1.27  1.16  0.91  1.09  1.11  1.18  1.32
SKEW      0.43  0.27  0.50  0.47  0.68  1.04  0.79  0.83  1.02  0.81  0.43  0.68
% ESE     2.76  3.14  3.39  3.23  3.27  3.56  2.61  3.13  3.53  3.74  3.16  3.58
MEAN      3.15  3.40  3.37  3.31  2.95  2.71  2.61  2.69  2.68  2.75  2.75  3.24
STD DEV   1.24  1.48  1.36  1.29  1.26  1.14  1.06  1.08  1.12  1.07  1.03  1.39
SKEW      0.48  0.81  0.32  0.49  0.72  0.82  0.73  0.59  0.63  0.68  0.70  0.65
% SE      5.59  5.65  5.98  5.26  5.26  5.68  4.95  5.56  5.57  5.71  5.49  6.22
MEAN      3.29  3.58  3.46  3.24  2.73  2.63  2.36  2.32  2.58  2.81  3.27  3.10
STD DEV   1.46  1.96  1.64  1.53  1.33  1.21  0.99  1.01  1.14  1.51  1.61  1.54
SKEW      0.81  1.03  0.73  0.61  0.96  0.93  0.75  0.82  0.90  1.25  0.79  1.43
% SSE     7.42  6.67  7.12  6.03  5.36  7.56  6.47  6.05  7.07  7.02  8.87  9.12
MEAN      4.68  4.85  5.26  4.54  3.77  3.69  3.38  3.15  3.63  3.90  4.79  4.72
STD DEV   2.09  2.13  2.31  2.00  1.86  1.66  1.50  1.41  1.71  1.87  2.21  2.23
SKEW      0.49  0.28  0.32  0.44  0.91  0.67  0.61  0.74  0.87  0.71  0.52  0.59
% S      11.32  8.06  6.89  7.50  7.04  9.56  8.33  6.07  8.30  8.75 10.58 10.19
MEAN      5.19  4.72  4.93  4.66  4.02  3.90  3.54  3.24  3.91  4.08  4.71  4.78
STD DEV   2.20  2.09  2.46  2.16  1.94  1.70  1.51  1.45  1.72  1.82  1.98  2.10
SKEW      0.42  0.47  0.58  0.62  0.62  0.64  0.46  0.63  0.57  0.59  0.49  0.47
% SSW     9.97  8.58  6.80  7.58  7.37 10.49 10.18  6.99  8.07  8.89 12.00  9.88
MEAN      5.81  5.32  5.73  5.54  4.72  4.45  4.23  3.80  4.38  4.53  5.28  5.11
STD DEV   2.55  2.37  2.61  2.59  2.09  1.83  1.90  1.67  2.02  1.98  2.19  2.10
SKEW      0.37  0.26  0.55  0.36  0.38  0.40  0.62  0.61  0.62  0.42  0.45  0.43
% SW      7.38  7.49  7.15  8.54  7.76  8.82  7.31  5.57  5.39  6.87  9.63  8.80
MEAN      5.31  4.90  5.45  5.50  4.56  4.37  4.01  3.54  3.82  4.34  5.24  4.94
STD DEV   2.43  2.23  2.69  2.54  2.19  2.02  1.87  1.70  1.87  2.10  2.28  2.23
SKEW      0.74  0.42  0.63  0.33  0.60  0.51  0.48  0.62  0.65  0.58  0.58  0.49
% WSW     8.17  8.70  9.23  9.43  7.49  6.07  5.21  4.51  5.18  5.58 10.32 11.44
MEAN      6.49  6.08  6.68  6.56  5.65  4.89  4.49  4.27  4.62  5.05  6.25  5.98
STD DEV   2.59  2.53  2.77  2.55  2.22  2.01  1.93  1.97  2.05  2.27  2.46  2.42
SKEW      0.20  0.32  0.22  0.11  0.06  0.28  0.32  0.55  0.46  0.46  0.20  0.39
% W       7.34  7.75  7.77  6.33  5.30  3.63  3.33  3.31  3.69  3.12  5.92  7.36
MEAN      6.01  5.89  6.09  6.03  4.90  4.30  3.93  3.97  4.25  4.94  5.61  5.64
STD DEV   2.48  2.47  2.74  2.68  2.10  1.90  1.73  1.87  1.97  2.32  2.17  2.47
SKEW      0.19  0.29  0.69  0.32  0.18  0.49  0.29  0.60  0.59  0.60  0.11  0.37
% WNW     7.56  8.82  9.76  7.77  6.21  4.62  4.13  4.40  5.40  4.65  7.88  7.43
MEAN      5.75  5.82  6.25  6.03  5.13  4.59  4.10  4.04  4.65  5.18  5.74  5.38
STD DEV   2.15  2.39  2.39  2.25  2.15  1.89  1.86  1.80  1.93  2.21  2.12  2.29
SKEW      0.20  0.23  0.17  0.24  0.29  0.58  0.54  0.44  0.32  0.26  0.13  0.36
% NW      6.47  6.78  6.64  6.31  5.98  4.49  4.49  4.87  4.95  5.00  4.14  4.33
MEAN      4.61  4.69  5.00  4.95  4.21  3.84  3.56  3.49  3.74  3.99  4.72  4.21
STD DEV   2.16  2.27  2.32  1.98  2.12  1.72  1.64  1.66  1.78  1.91  1.96  1.96
SKEW      0.34  0.46  0.46  0.13  0.58  0.40  0.55  0.58  0.59  0.38  0.23  0.48
% NNW     5.20  4.83  5.76  5.32  6.38  4.94  5.72  6.50  5.04  5.42  4.51  3.45
MEAN      4.73  4.23  4.95  4.55  4.17  3.91  3.48  3.33  3.59  3.83  4.50  4.10
STD DEV   2.12  1.87  2.10  1.92  1.87  1.69  1.58  1.52  1.75  2.01  1.91  1.92
SKEW      0.39  0.17  0.30  0.29  0.43  0.47  0.64  0.61  0.73  0.73  0.40  0.49
CALM      4.34  5.03  4.46  5.98 10.70 13.08 18.20 21.22 18.88 15.30  7.87  6.95
ZANESVILLE    OH    0.486  COLUMBUS      OH    0.289  PARKERSBURG   WV    0.225
 NEW PHILADELPHIA OH                     335894 0
 LATT=  40.50 LONG= -81.45 YEARS= 32. TYPE= 3
 ELEVATION =  900. TP5 = 2.02 TP6= 3.73
 MEAN P   0.17  0.19  0.24  0.25  0.29  0.34  0.42  0.37  0.30  0.23  0.23  0.21
 S DEV P  0.23  0.29  0.31  0.33  0.34  0.45  0.55  0.45  0.40  0.29  0.31  0.28
 SQEW  P  2.37  3.17  2.95  2.39  2.32  2.26  2.74  2.11  2.22  2.60  2.38  2.41
 P(W/W)   0.56  0.54  0.55  0.56  0.56  0.52  0.45  0.43  0.47  0.48  0.58  0.53
 P(W/D)   0.32  0.31  0.37  0.37  0.31  0.29  0.28  0.27  0.26  0.26  0.35  0.40
 TMAX AV 34.02 37.51 49.38 60.80 72.37 80.84 84.57 83.01 76.40 64.12 51.18 38.76
 TMIN AV 16.30 17.71 27.35 36.42 46.26 55.47 59.61 58.13 51.24 39.32 32.04 22.73
 SD TMAX 12.05 11.87 13.16 12.62 10.30  7.52  6.19  5.99  8.50 10.45 11.34 11.74
 SD TMIN 12.49 12.28 10.43  9.58  9.20  7.67  6.77  7.04  9.30  9.24  9.65 11.20
 SOL.RAD  116.  183.  273.  323.  470.  539.  535.  462.  335.  261.  142.  106.
 SD SOL   53.1  63.9  81.0 114.1  99.5  92.1  84.5 167.9  93.5  49.3  50.9  47.0
 MX .5 P  0.25  0.31  0.39  0.45  0.73  1.15  1.42  1.28  0.75  0.48  0.35  0.23
 DEW PT  23.15 22.76 27.52 37.57 47.52 56.76 60.76 60.33 53.57 42.76 32.38 24.09
Time Pk  0.694 0.782 0.818 0.856 0.863 0.870 0.882 0.891 0.904 0.926 0.951 1.000
% N       3.64  4.60  5.20  5.83  6.76  5.90  6.99  7.25  5.67  5.26  2.67  2.60
MEAN      4.61  4.30  4.61  4.45  4.20  3.81  3.47  3.53  3.62  3.85  3.99  4.21
STD DEV   2.01  1.74  1.92  1.69  1.72  1.47  1.34  1.37  1.45  1.60  1.61  1.77
SKEW      0.58  0.32  0.69  0.43  0.58  0.59  0.84  0.63  0.82  0.74  0.59  0.44
% NNE     3.10  3.51  3.95  4.80  5.22  4.22  5.10  5.26  4.49  4.19  2.25  1.93
MEAN      4.22  4.22  4.55  4.27  4.04  3.82  3.41  3.40  3.50  3.61  4.09  4.32
STD DEV   1.65  1.62  1.65  1.61  1.64  1.48  1.26  1.32  1.41  1.31  1.64  1.74
SKEW      0.58  0.36  0.41  0.46  0.58  0.59  0.63  0.80  0.90  0.56  0.55  0.64
% NE      3.35  3.76  4.16  3.92  4.82  3.91  4.47  4.85  4.53  4.59  2.05  2.32
MEAN      3.78  3.89  4.11  3.88  3.59  3.38  3.04  3.12  3.14  3.31  3.57  3.82
STD DEV   1.57  1.47  1.53  1.52  1.41  1.22  1.16  1.18  1.26  1.34  1.31  1.73
SKEW      0.85  0.57  0.51  0.62  0.68  0.48  0.77  0.68  1.03  1.24  0.54  0.97
% ENE     2.66  3.15  4.14  3.44  2.97  2.62  2.39  2.66  3.02  2.59  1.56  2.15
MEAN      4.22  4.22  4.53  4.28  3.78  3.67  3.21  3.26  3.39  3.48  3.57  4.22
STD DEV   1.72  1.43  1.59  1.56  1.41  1.37  1.19  1.14  1.29  1.32  1.28  1.49
SKEW      0.78  0.39  0.31  0.39  0.38  0.42  0.63  0.49  0.53  0.66  0.79  0.28
% E       2.45  2.94  3.89  3.15  3.14  2.62  2.45  2.71  3.31  3.09  2.51  2.66
MEAN      3.81  3.93  4.06  4.01  3.53  3.27  3.12  2.82  3.14  3.18  3.77  3.70
STD DEV   1.51  1.40  1.59  1.55  1.42  1.34  1.23  1.02  1.18  1.19  1.35  1.39
SKEW      0.73  0.27  0.56  0.43  0.70  0.71  0.73  0.70  0.77  0.43  0.47  0.40
% ESE     2.50  3.09  3.57  3.57  3.36  2.54  2.10  2.45  3.06  3.18  2.52  2.90
MEAN      4.04  4.27  4.36  4.34  3.83  3.32  3.03  3.08  3.27  3.45  3.64  4.01
STD DEV   1.46  1.67  1.65  1.62  1.45  1.18  1.16  1.10  1.29  1.22  1.24  1.59
SKEW      0.39  0.71  0.21  0.36  0.55  0.42  0.56  0.59  0.41  0.40  0.42  0.46
% SE      4.81  5.16  5.51  5.00  5.11  5.05  4.30  4.90  5.95  6.23  5.03  5.56
MEAN      3.90  4.19  4.20  4.09  3.59  3.24  2.87  2.87  3.18  3.48  3.87  3.83
STD DEV   1.63  1.82  1.74  1.68  1.47  1.24  1.05  1.10  1.25  1.60  1.69  1.58
SKEW      0.76  0.75  0.58  0.63  0.73  0.77  0.88  0.86  0.76  0.97  0.80  1.13
% SSE     5.48  5.00  5.50  5.22  4.56  5.39  4.79  4.75  5.90  5.90  6.82  6.71
MEAN      4.78  4.94  5.19  4.87  4.25  3.76  3.44  3.29  3.80  4.11  4.88  4.84
STD DEV   1.92  1.97  2.10  1.92  1.88  1.54  1.40  1.33  1.65  1.76  2.05  1.97
SKEW      0.48  0.37  0.38  0.44  0.75  0.75  0.95  0.90  0.89  0.77  0.62  0.57
% S      10.56  8.19  6.60  7.97  8.47 10.82  9.21  8.00 10.90 10.36 12.26 10.75
MEAN      5.24  4.97  5.00  4.92  4.43  4.14  3.75  3.58  4.09  4.25  4.97  5.02
STD DEV   2.03  1.99  2.20  2.12  1.87  1.67  1.54  1.47  1.71  1.73  1.98  1.98
SKEW      0.52  0.40  0.50  0.57  0.61  0.76  0.77  0.78  0.71  0.67  0.56  0.57
% SSW     7.26  6.83  5.16  6.23  6.14  9.00  8.56  6.66  7.25  7.61  9.34  9.26
MEAN      5.74  5.68  5.78  5.78  4.84  4.55  4.31  4.13  4.59  5.01  5.52  5.59
STD DEV   2.32  2.23  2.44  2.43  1.96  1.77  1.78  1.64  1.92  1.96  2.12  2.03
SKEW      0.39  0.18  0.49  0.33  0.42  0.50  0.71  0.65  0.61  0.35  0.37  0.27
% SW      9.85  7.79  7.92  8.88  8.88 11.05 10.22  8.73  7.65  8.82 10.76 10.27
MEAN      5.37  5.19  5.73  5.51  4.81  4.38  4.05  3.83  4.09  4.70  5.47  5.36
STD DEV   2.28  2.17  2.70  2.48  2.10  1.82  1.69  1.60  1.80  2.01  2.27  2.05
SKEW      0.81  0.48  0.73  0.51  0.64  0.62  0.72  0.68  0.65  0.51  0.57  0.39
% WSW    11.14  9.88  9.59  9.45  8.16  7.68  7.21  6.42  5.90  7.27 11.58 12.56
MEAN      6.26  5.94  6.61  6.40  5.41  4.71  4.35  4.16  4.59  4.94  6.14  6.02
STD DEV   2.51  2.44  2.97  2.59  2.21  1.86  1.78  1.76  2.02  2.06  2.48  2.30
SKEW      0.32  0.44  0.57  0.34  0.40  0.50  0.62  0.78  0.62  0.54  0.35  0.45
% W       9.99  9.72  8.97  7.44  6.42  5.52  5.56  5.60  5.39  5.68  9.14  9.95
MEAN      6.08  6.17  6.22  6.13  5.08  4.47  4.04  4.07  4.28  4.83  5.66  5.79
STD DEV   2.39  2.51  2.63  2.73  2.12  1.85  1.68  1.70  1.80  2.22  2.21  2.30
SKEW      0.38  0.44  0.55  0.57  0.40  0.69  0.67  0.66  0.65  0.79  0.29  0.31
% WNW     8.70 10.16  9.68  8.31  6.87  5.33  5.16  5.11  5.95  5.71  8.53  8.55
MEAN      6.38  6.38  6.71  6.48  5.61  4.96  4.37  4.42  4.75  5.33  6.33  6.21
STD DEV   2.32  2.53  2.50  2.30  2.28  2.01  1.80  1.82  1.96  2.29  2.33  2.36
SKEW      0.28  0.27  0.19  0.13  0.35  0.65  0.53  0.59  0.45  0.49  0.12  0.19
% NW      7.24  8.45  7.96  7.78  7.18  5.55  6.25  6.24  5.73  6.26  5.11  5.20
MEAN      5.71  5.94  5.95  5.85  5.03  4.53  4.13  4.18  4.47  4.90  5.57  5.46
STD DEV   2.31  2.60  2.42  2.13  2.20  1.82  1.69  1.70  1.99  2.04  2.23  2.19
SKEW      0.29  0.52  0.46  0.21  0.53  0.51  0.55  0.51  0.56  0.41  0.24  0.24
% NNW     4.37  4.30  5.05  5.25  5.59  4.87  4.94  5.46  3.97  4.33  3.24  2.61
MEAN      5.79  5.45  5.57  5.24  4.93  4.77  4.24  4.12  4.50  4.62  4.98  5.36
STD DEV   2.23  2.37  2.21  1.97  1.96  1.88  1.69  1.64  1.95  1.96  1.93  2.16
SKEW      0.16  0.52  0.38  0.33  0.31  0.44  0.56  0.45  0.56  0.45  0.36  0.23
CALM      2.99  3.45  3.10  3.82  6.24  7.95 10.35 12.91 11.40  9.01  4.74  4.07
AKRON/CANTON  OH    0.478  ZANESVILLE    OH    0.308  PITTSBURGH/GR PA    0.213
 SANDUSKY WB CITY OH                     337447 0
 LATT=  41.45 LONG= -82.72 YEARS= 56. TYPE= 3
 ELEVATION =  610. TP5 = 1.95 TP6= 3.59
 MEAN P   0.17  0.18  0.22  0.24  0.28  0.37  0.39  0.38  0.32  0.22  0.21  0.19
 S DEV P  0.24  0.25  0.27  0.30  0.38  0.52  0.63  0.44  0.47  0.29  0.28  0.26
 SQEW  P  2.89  2.96  2.47  2.74  3.22  3.64  4.40  2.07  3.47  2.95  2.31  2.69
 P(W/W)   0.48  0.48  0.50  0.54  0.55  0.47  0.39  0.43  0.46  0.46  0.52  0.49
 P(W/D)   0.33  0.31  0.31  0.33  0.30  0.31  0.25  0.21  0.23  0.23  0.32  0.32
 TMAX AV 33.41 35.38 44.58 57.17 68.65 78.70 83.05 81.57 74.66 63.35 49.48 37.48
 TMIN AV 19.57 20.96 29.29 39.86 50.81 60.76 65.29 63.86 56.39 45.69 34.96 24.51
 SD TMAX 11.62 11.23 12.70 12.68 10.85  8.74  6.71  6.41  8.94 10.38 11.20 10.96
 SD TMIN 11.34 10.53  9.06  8.19  7.57  6.39  5.17  5.36  7.82  8.24  8.97 10.34
 SOL.RAD  123.  198.  303.  350.  480.  549.  554.  482.  349.  272.  140.  109.
 SD SOL   44.9  52.8  65.0  98.9  90.9  84.3  74.3 137.8  83.6  40.2  45.9  40.4
 MX .5 P  0.22  0.38  0.33  0.42  0.74  1.07  1.12  1.21  0.58  0.41  0.27  0.35
 DEW PT  21.99 21.61 27.38 37.00 47.00 56.77 60.77 60.77 53.77 43.16 32.38 23.61
Time Pk  0.668 0.767 0.817 0.860 0.864 0.870 0.885 0.895 0.903 0.928 0.955 1.000
% N       3.41  4.87  5.29  5.98  7.07  6.20  7.40  7.68  5.83  4.73  3.19  3.03
MEAN      4.62  4.86  4.84  4.84  4.53  4.31  4.08  3.93  4.12  4.26  4.66  4.78
STD DEV   1.95  2.03  1.93  1.92  1.85  1.71  1.62  1.56  1.67  1.75  2.02  2.06
SKEW      0.45  0.44  0.50  0.42  0.37  0.46  0.37  0.40  0.45  0.38  0.56  0.39
% NNE     3.48  4.49  5.22  5.33  7.07  5.05  5.39  5.85  4.54  3.53  2.11  1.97
MEAN      5.00  5.06  5.31  5.09  4.86  4.48  4.25  4.18  4.32  4.45  4.77  4.79
STD DEV   2.02  1.94  2.15  1.91  1.93  1.69  1.61  1.60  1.75  1.76  2.19  1.85
SKEW      0.46  0.40  0.45  0.39  0.44  0.43  0.36  0.36  0.51  0.45  0.59  0.18
% NE      3.48  4.05  4.97  4.93  5.85  4.19  4.59  5.07  4.21  3.62  2.12  2.23
MEAN      4.92  4.95  5.06  4.77  4.38  3.99  3.82  3.70  3.88  4.22  3.99  4.61
STD DEV   2.09  1.95  2.08  2.08  1.81  1.69  1.60  1.55  1.63  1.88  1.92  1.98
SKEW      0.48  0.36  0.38  0.52  0.43  0.61  0.53  0.39  0.54  0.51  0.69  0.36
% ENE     2.74  4.42  5.61  4.85  5.08  4.01  3.58  3.66  3.54  3.08  1.77  2.21
MEAN      4.90  4.89  5.28  4.96  4.44  3.97  3.69  3.63  3.76  4.05  4.24  4.60
STD DEV   2.04  1.96  2.06  1.85  1.84  1.44  1.50  1.46  1.47  1.53  1.79  1.75
SKEW      0.56  0.50  0.45  0.22  0.52  0.28  0.66  0.37  0.38  0.45  0.64  0.46
% E       2.59  3.00  4.28  4.14  4.21  3.44  3.16  3.17  3.90  3.05  2.13  2.60
MEAN      4.25  4.15  4.69  4.63  4.01  3.59  3.37  3.12  3.46  3.45  4.01  4.24
STD DEV   1.63  1.55  1.85  1.83  1.62  1.52  1.43  1.34  1.42  1.43  1.63  1.66
SKEW      0.29  0.19  0.40  0.37  0.34  0.49  0.52  0.65  0.56  0.54  0.21  0.24
% ESE     2.54  2.94  3.43  3.34  3.20  2.94  2.52  2.93  3.09  2.75  2.22  2.90
MEAN      4.11  4.23  4.64  4.36  3.99  3.63  3.22  3.18  3.37  3.55  4.14  4.42
STD DEV   1.47  1.58  1.66  1.69  1.58  1.44  1.34  1.32  1.30  1.36  1.64  1.67
SKEW      0.48  0.37  0.32  0.53  0.49  0.41  0.60  0.55  0.53  0.44  0.37  0.59
% SE      2.73  3.30  3.86  3.61  3.97  3.90  3.66  4.19  4.79  4.34  3.63  3.50
MEAN      4.17  4.39  4.43  4.18  3.71  3.11  2.80  2.69  3.02  3.34  3.98  4.12
STD DEV   1.70  1.78  1.89  1.76  1.63  1.32  1.14  1.14  1.24  1.43  1.84  1.67
SKEW      0.51  0.41  0.49  0.60  0.57  0.74  0.59  0.79  0.80  0.81  0.77  0.60
% SSE     5.14  4.81  5.42  5.30  5.09  5.61  5.03  5.32  6.71  6.97  6.58  6.05
MEAN      4.94  5.15  5.27  4.82  4.17  3.63  3.17  3.23  3.61  3.94  4.73  4.87
STD DEV   1.97  2.01  2.21  2.01  1.72  1.51  1.22  1.37  1.46  1.62  1.97  1.98
SKEW      0.49  0.40  0.55  0.55  0.62  0.77  0.76  0.94  0.64  0.82  0.64  0.64
% S      10.51  8.27  7.52  8.82  9.09 11.55 10.39 10.31 12.22 13.52 12.15 11.48
MEAN      5.71  5.62  5.62  5.31  4.68  4.21  3.64  3.56  4.12  4.41  5.28  5.57
STD DEV   2.14  2.27  2.35  2.28  2.09  1.80  1.53  1.51  1.71  1.80  2.18  2.23
SKEW      0.35  0.36  0.51  0.55  0.85  0.79  0.80  0.72  0.67  0.55  0.58  0.50
% SSW    10.97  8.70  7.22  8.22  7.80 10.77 10.00  8.76 10.00 11.47 11.91 11.55
MEAN      6.38  6.18  6.39  5.99  5.31  4.86  4.36  4.05  4.65  4.99  5.76  6.12
STD DEV   2.54  2.41  2.68  2.46  2.21  1.93  1.77  1.63  1.91  2.04  2.21  2.26
SKEW      0.54  0.42  0.41  0.46  0.58  0.52  0.61  0.56  0.56  0.62  0.36  0.34
% SW     12.08 10.13  7.81  9.21  9.20 11.93 11.94 10.75  9.93 11.62 13.33 13.37
MEAN      6.31  6.04  6.33  6.18  5.20  4.87  4.34  3.99  4.55  4.97  5.75  5.95
STD DEV   2.58  2.47  2.84  2.71  2.35  2.04  1.88  1.68  1.94  2.06  2.38  2.36
SKEW      0.65  0.38  0.61  0.62  0.69  0.45  0.70  0.60  0.67  0.52  0.86  0.49
% WSW    14.46 11.70  9.81  9.32  8.07  8.13  8.35  7.64  7.08  7.96 13.87 13.91
MEAN      6.80  6.49  6.76  6.55  5.66  5.09  4.67  4.24  4.69  5.02  6.22  6.14
STD DEV   2.74  2.55  2.81  2.77  2.38  2.03  1.92  1.72  1.95  2.16  2.40  2.38
SKEW      0.73  0.40  0.46  0.60  0.33  0.39  0.60  0.56  0.66  0.52  0.49  0.52
% W       8.94  8.88  9.08  7.16  6.46  5.72  5.75  5.55  5.81  5.70  8.09  9.10
MEAN      6.34  6.28  6.40  6.17  5.40  4.83  4.37  4.09  4.71  5.04  5.87  6.03
STD DEV   2.44  2.49  2.60  2.41  2.19  2.10  1.82  1.80  2.18  2.19  2.27  2.30
SKEW      0.40  0.25  0.34  0.29  0.41  0.39  0.48  0.60  0.58  0.40  0.24  0.24
% WNW     7.68  8.74  9.15  7.86  6.33  5.01  5.08  5.31  6.10  5.51  7.08  7.51
MEAN      6.33  6.42  6.63  6.39  5.61  5.04  4.82  4.45  5.16  5.33  5.90  5.99
STD DEV   2.38  2.49  2.55  2.29  2.13  2.03  1.92  1.75  2.02  2.07  2.29  2.14
SKEW      0.38  0.34  0.42  0.22  0.37  0.34  0.43  0.33  0.34  0.38  0.41  0.24
% NW      4.73  5.69  5.78  5.47  4.44  4.29  4.56  4.50  4.44  5.17  4.89  4.21
MEAN      5.78  5.60  5.96  5.72  4.84  4.50  4.35  4.10  4.62  5.14  5.60  5.42
STD DEV   2.23  2.34  2.39  2.12  1.90  1.84  1.90  1.70  1.94  2.13  2.34  2.10
SKEW      0.11  0.33  0.33  0.16  0.38  0.40  0.55  0.28  0.34  0.29  0.33  0.21
% NNW     3.38  4.57  4.04  4.51  4.47  4.10  4.32  4.43  4.06  3.97  3.36  2.91
MEAN      5.35  5.48  5.59  5.17  4.60  4.56  4.31  4.09  4.66  5.04  5.29  5.72
STD DEV   2.13  2.23  2.15  1.94  1.79  1.85  1.69  1.60  1.81  1.97  2.13  2.12
SKEW      0.34  0.35  0.35  0.08  0.46  0.52  0.30  0.28  0.19  0.29  0.34  0.21
CALM      1.19  1.44  1.48  1.93  2.60  3.23  4.34  4.83  3.66  3.00  1.54  1.44
TOLEDO        OH    0.363  MANSFIELD     OH    0.319  CLEVELAND     OH    0.318
 TOLEDO EXPRESS WSAP OH                  338357 0
 LATT=  41.58 LONG= -83.80 YEARS= 37. TYPE= 3
 ELEVATION =  660. TP5 = 1.99 TP6= 3.65
 MEAN P   0.14  0.17  0.19  0.24  0.25  0.36  0.34  0.37  0.27  0.23  0.23  0.19
 S DEV P  0.21  0.25  0.26  0.30  0.31  0.44  0.46  0.46  0.39  0.35  0.31  0.30
 SQEW  P  3.04  4.02  3.33  3.03  2.08  2.61  3.40  2.03  3.43  3.61  2.73  4.38
 P(W/W)   0.52  0.47  0.50  0.51  0.52  0.47  0.41  0.38  0.46  0.46  0.50  0.54
 P(W/D)   0.36  0.33  0.37  0.35  0.30  0.27  0.26  0.26  0.27  0.24  0.33  0.39
 TMAX AV 30.44 33.82 45.18 59.18 70.78 79.77 83.66 81.75 74.69 62.72 48.32 35.45
 TMIN AV 15.58 17.82 26.64 36.93 47.13 56.12 60.85 58.95 51.55 40.36 31.40 20.94
 SD TMAX 11.22 11.03 12.55 12.27 10.59  8.09  6.27  6.29  8.90 10.30 11.20 11.12
 SD TMIN 12.12 11.51  9.95  9.52  9.08  7.76  6.75  7.17  9.40  9.66  9.75 11.65
 SOL.RAD  124.  202.  301.  378.  470.  540.  549.  479.  380.  270.  144.  108.
 SD SOL   44.5  51.1  64.9  88.0  93.1  86.2  75.5 137.4  72.9  41.0  44.2  40.4
 MX .5 P  0.24  0.37  0.34  0.40  0.68  0.95  0.90  1.20  0.59  0.46  0.29  0.43
 DEW PT  20.57 20.82 26.82 36.57 46.82 56.98 60.98 60.70 53.85 43.13 32.13 23.00
Time Pk  0.675 0.773 0.815 0.859 0.869 0.875 0.889 0.901 0.910 0.933 0.960 1.000
% N       2.74  3.56  3.50  3.61  4.18  3.37  4.55  5.40  4.28  3.72  3.09  2.66
MEAN      4.14  4.34  4.43  4.43  3.92  3.55  3.53  3.28  3.42  3.87  4.57  4.45
STD DEV   1.89  1.88  1.91  1.91  1.78  1.57  1.64  1.56  1.52  1.76  2.05  2.10
SKEW      0.44  0.29  0.68  0.43  0.35  0.43  0.54  0.54  0.49  0.33  0.31  0.26
% NNE     3.99  3.67  3.46  4.06  4.85  3.36  3.90  4.47  3.67  3.65  2.53  2.22
MEAN      4.57  4.88  5.04  4.73  4.44  3.96  3.81  3.70  3.96  4.31  4.94  4.62
STD DEV   1.83  2.00  2.18  1.83  1.86  1.61  1.54  1.52  1.64  1.80  2.22  1.79
SKEW      0.34  0.47  0.35  0.45  0.48  0.48  0.25  0.25  0.46  0.55  0.56  0.27
% NE      4.18  4.27  4.17  4.98  6.40  4.31  4.42  5.87  4.53  4.06  2.06  2.39
MEAN      4.91  4.91  4.96  4.79  4.46  3.80  3.79  3.77  3.72  4.17  3.65  4.51
STD DEV   1.98  2.11  2.18  2.09  1.87  1.66  1.68  1.65  1.65  2.01  1.64  1.97
SKEW      0.29  0.44  0.36  0.34  0.56  0.51  0.44  0.41  0.44  0.52  0.44  0.26
% ENE     4.14  6.75  8.40  7.34  7.92  5.84  5.27  5.25  4.57  4.24  2.15  2.89
MEAN      5.17  5.39  5.88  5.48  4.89  4.20  3.83  3.82  3.84  4.07  4.00  4.75
STD DEV   2.09  2.25  2.29  2.21  2.07  1.69  1.65  1.60  1.60  1.92  1.73  2.01
SKEW      0.36  0.52  0.33  0.31  0.56  0.42  0.38  0.29  0.36  0.66  0.41  0.59
% E       3.20  3.67  5.59  5.46  5.42  4.58  4.21  4.16  4.01  3.45  2.39  3.14
MEAN      4.12  4.25  4.89  4.66  4.00  3.72  3.36  3.06  3.40  3.27  3.52  4.26
STD DEV   1.75  1.68  2.10  1.82  1.70  1.63  1.43  1.37  1.51  1.57  1.60  1.80
SKEW      0.23  0.26  0.32  0.15  0.33  0.37  0.22  0.53  0.41  0.59  0.60  0.31
% ESE     3.58  3.52  4.37  4.64  4.48  4.07  3.49  3.51  3.81  2.94  2.39  3.31
MEAN      3.99  4.26  4.62  4.33  4.00  3.45  3.08  3.08  3.19  3.40  3.83  4.28
STD DEV   1.60  1.55  1.77  1.71  1.67  1.49  1.30  1.26  1.34  1.54  1.65  1.78
SKEW      0.38  0.27  0.34  0.45  0.37  0.45  0.59  0.45  0.52  0.72  0.39  0.44
% SE      3.54  3.54  3.83  3.54  4.22  4.55  4.34  4.89  5.30  4.80  3.74  3.73
MEAN      3.94  4.12  4.05  3.93  3.51  3.10  2.66  2.57  2.93  2.98  3.68  3.80
STD DEV   1.60  1.76  1.79  1.73  1.67  1.39  1.09  1.13  1.29  1.34  1.72  1.57
SKEW      0.33  0.38  0.53  0.49  0.55  0.79  0.63  0.79  0.72  0.73  0.70  0.56
% SSE     4.81  4.92  5.06  4.64  4.13  5.04  3.67  4.16  5.25  5.05  5.27  5.50
MEAN      4.67  4.91  5.00  4.66  3.79  3.33  2.92  2.95  3.35  3.45  4.69  4.55
STD DEV   1.89  2.03  2.17  2.01  1.67  1.43  1.24  1.29  1.43  1.44  2.12  1.88
SKEW      0.41  0.52  0.46  0.52  0.58  0.66  0.66  1.03  0.71  0.71  0.75  0.56
% S       6.54  5.01  4.91  4.91  5.55  7.04  6.34  6.11  7.54  7.70  7.54  6.59
MEAN      4.84  4.89  4.80  4.61  3.96  3.60  3.19  2.98  3.60  3.71  4.64  4.73
STD DEV   2.01  2.18  2.22  2.01  1.88  1.48  1.33  1.27  1.58  1.61  2.03  2.24
SKEW      0.29  0.52  0.50  0.58  0.96  0.83  0.79  0.88  0.71  0.61  0.60  0.63
% SSW    10.95  8.29  6.51  7.92  7.13 10.56  9.12  7.39  9.84 11.65 12.69 11.83
MEAN      5.94  5.56  5.91  5.50  4.58  4.31  4.01  3.43  4.28  4.63  5.34  5.57
STD DEV   2.44  2.28  2.55  2.38  1.97  1.87  1.73  1.48  1.89  2.04  2.08  2.17
SKEW      0.54  0.38  0.48  0.61  0.63  0.61  0.63  0.74  0.70  0.68  0.34  0.49
% SW     10.13  9.13  7.21  8.99  9.24 11.69 11.75 10.74 10.48 12.20 12.01 12.68
MEAN      5.51  5.34  5.76  5.46  4.53  4.39  3.80  3.34  3.90  4.42  5.09  5.42
STD DEV   2.28  2.33  2.75  2.56  2.24  1.95  1.76  1.46  1.85  2.06  2.29  2.28
SKEW      0.50  0.44  0.53  0.70  0.78  0.54  0.89  0.64  0.92  0.67  1.06  0.45
% WSW    15.19 13.06 10.43 10.29  9.82  9.66 10.26  8.26  8.61  9.68 15.87 16.20
MEAN      6.23  6.11  6.21  5.98  5.15  4.70  4.17  3.73  4.26  4.75  5.67  5.75
STD DEV   2.64  2.57  2.81  2.60  2.36  2.08  1.81  1.72  1.96  2.16  2.34  2.28
SKEW      0.70  0.51  0.52  0.57  0.45  0.56  0.60  0.92  0.74  0.65  0.54  0.39
% W       8.41  9.31  8.82  7.75  6.89  6.75  7.13  6.47  6.68  6.32  8.10  9.66
MEAN      5.88  5.63  5.86  5.79  5.07  4.20  3.86  3.47  4.23  4.37  5.25  5.42
STD DEV   2.57  2.48  2.79  2.51  2.46  2.05  1.88  1.71  2.19  2.08  2.27  2.38
SKEW      0.52  0.53  0.57  0.39  0.61  0.51  0.73  0.85  0.81  0.43  0.36  0.43
% WNW     8.92 10.09 11.01  9.80  7.79  7.05  6.67  6.58  8.27  6.84  8.19  8.09
MEAN      6.11  5.96  6.33  6.19  5.25  4.72  4.36  4.14  4.89  4.93  5.50  5.58
STD DEV   2.54  2.49  2.63  2.48  2.21  2.10  1.97  1.87  2.18  2.09  2.33  2.26
SKEW      0.66  0.47  0.46  0.26  0.39  0.42  0.56  0.56  0.52  0.29  0.47  0.28
% NW      4.44  5.06  6.14  5.36  4.62  4.10  4.67  5.07  4.43  4.75  4.99  3.80
MEAN      5.41  5.33  5.69  5.50  4.61  4.08  3.90  3.70  4.10  4.41  5.04  4.76
STD DEV   2.22  2.34  2.38  2.10  2.01  1.86  1.79  1.82  1.90  2.11  2.17  1.94
SKEW      0.17  0.46  0.41  0.15  0.50  0.51  0.45  0.48  0.45  0.38  0.37  0.35
% NNW     4.16  4.85  4.89  4.95  4.54  4.36  4.82  5.27  4.52  4.83  5.05  3.60
MEAN      5.07  5.09  5.34  4.91  4.23  4.16  4.14  3.52  4.28  4.81  5.09  4.95
STD DEV   2.13  2.00  2.03  1.94  1.79  1.85  1.81  1.62  1.79  1.95  2.12  2.02
SKEW      0.39  0.33  0.37  0.10  0.37  0.37  0.43  0.42  0.32  0.28  0.51  0.21
CALM      1.05  1.27  1.65  1.71  2.82  3.74  5.41  6.35  4.18  4.10  1.98  1.69
TOLEDO        OH    0.576  FINDLAY       OH    0.253  JACKSON       MI    0.171
 WASHINGTON COURT HS OH                  338794 0
 LATT=  39.52 LONG= -83.42 YEARS= 56. TYPE= 3
 ELEVATION =  960. TP5 = 2.14 TP6= 3.85
 MEAN P   0.23  0.23  0.30  0.30  0.35  0.37  0.38  0.37  0.33  0.26  0.26  0.24
 S DEV P  0.31  0.30  0.42  0.39  0.43  0.45  0.46  0.42  0.43  0.33  0.33  0.29
 SQEW  P  2.89  2.66  3.80  3.19  3.16  3.00  2.46  1.67  3.01  2.88  2.30  2.01
 P(W/W)   0.49  0.48  0.50  0.51  0.54  0.44  0.42  0.38  0.44  0.46  0.49  0.52
 P(W/D)   0.33  0.33  0.36  0.36  0.29  0.29  0.26  0.23  0.20  0.22  0.30  0.29
 TMAX AV 36.76 40.38 51.10 63.08 73.23 81.14 84.33 83.33 77.68 66.87 52.22 40.45
 TMIN AV 20.56 22.56 30.85 40.53 50.94 59.78 63.38 61.77 54.65 43.56 33.22 24.41
 SD TMAX 12.17 11.81 12.94 11.54  9.16  7.00  5.78  6.00  8.52 10.16 11.75 11.59
 SD TMIN 12.14 11.28 10.29  9.42  8.67  6.76  5.71  6.24  8.80  9.31  9.92 10.93
 SOL.RAD  137.  215.  311.  410.  495.  573.  562.  498.  430.  299.  185.  135.
 SD SOL   43.8  50.1  63.0  76.6  82.0  71.8  67.8 112.7  58.3  35.1  35.4  36.2
 MX .5 P  0.26  0.42  0.48  0.43  0.90  1.06  1.38  1.24  0.84  0.37  0.58  0.31
 DEW PT  25.01 25.07 29.87 39.67 50.54 59.54 63.20 62.20 55.20 44.07 32.54 25.74
Time Pk  0.685 0.770 0.806 0.863 0.873 0.878 0.890 0.901 0.913 0.933 0.954 1.000
% N       4.71  5.06  4.74  4.38  5.07  4.62  4.82  6.48  4.59  5.21  2.80  3.42
MEAN      4.50  4.47  4.46  4.03  4.19  3.59  3.44  3.23  3.58  3.67  3.86  4.08
STD DEV   1.93  2.07  1.92  1.56  1.89  1.48  1.46  1.49  1.61  1.56  1.84  1.78
SKEW      0.46  0.47  0.42  0.41  0.47  0.45  0.59  1.09  0.60  0.65  1.04  0.31
% NNE     3.58  4.28  3.91  3.99  5.28  4.07  4.99  5.42  5.01  3.90  2.49  2.46
MEAN      4.27  4.43  4.34  4.14  4.34  3.53  3.50  3.12  3.13  3.48  3.85  4.17
STD DEV   1.77  1.94  1.85  1.60  1.92  1.57  1.47  1.32  1.53  1.53  1.69  1.91
SKEW      0.46  0.33  0.54  0.47  0.32  0.44  0.48  1.05  1.06  0.55  0.36  0.57
% NE      4.23  3.96  4.93  5.72  6.74  4.22  6.44  6.52  6.32  5.62  2.53  3.20
MEAN      4.04  3.98  4.38  3.93  4.05  3.56  3.14  3.10  3.38  3.54  3.27  3.99
STD DEV   1.72  1.68  1.73  1.56  1.63  1.42  1.34  1.15  1.50  1.35  1.36  1.79
SKEW      0.47  0.66  0.36  0.54  0.41  0.60  0.98  0.62  0.68  0.53  0.64  0.49
% ENE     3.59  3.61  5.20  4.93  4.08  3.68  3.87  3.58  5.64  3.40  1.92  2.32
MEAN      4.27  4.18  4.53  4.60  3.99  3.71  3.32  3.11  3.74  3.55  3.36  3.99
STD DEV   1.53  1.54  1.87  1.60  1.57  1.49  1.32  1.09  1.60  1.49  1.26  1.52
SKEW      0.24  0.47  0.46  0.23  0.48  0.61  0.56  0.49  0.61  0.55  0.57  0.33
% E       4.75  4.25  5.05  5.77  4.25  4.17  4.59  4.03  6.47  3.71  2.91  3.52
MEAN      3.66  3.94  3.79  4.09  3.43  3.19  3.05  2.77  3.16  2.99  3.41  3.95
STD DEV   1.45  1.50  1.46  1.65  1.39  1.38  1.21  1.14  1.25  1.22  1.29  1.56
SKEW      0.44  0.44  0.39  0.27  0.51  1.00  0.84  0.95  0.57  0.60  0.40  0.32
% ESE     2.07  2.57  3.27  3.34  2.79  2.62  2.81  2.45  3.76  3.02  2.30  2.39
MEAN      3.63  4.00  3.83  3.96  3.36  2.89  3.02  2.85  2.89  2.97  3.25  3.62
STD DEV   1.45  1.49  1.51  1.46  1.47  1.18  1.16  1.18  1.09  1.11  1.24  1.50
SKEW      0.37  0.36  0.40  0.30  0.80  0.61  0.70  0.77  0.72  0.67  0.57  0.72
% SE      3.17  3.47  4.04  4.20  4.01  3.60  3.57  3.58  4.11  4.30  4.24  4.29
MEAN      3.82  4.08  3.96  3.95  3.30  2.90  2.87  2.76  3.02  3.06  3.44  3.58
STD DEV   1.68  1.66  1.76  1.59  1.33  1.15  1.17  1.21  1.17  1.17  1.43  1.43
SKEW      0.76  0.49  0.66  0.68  0.61  1.04  1.22  1.54  0.55  0.70  1.00  0.75
% SSE     4.61  5.12  4.64  4.16  3.74  4.29  3.34  3.22  4.38  5.05  5.18  6.37
MEAN      4.29  4.40  4.68  4.83  3.78  3.50  3.28  3.30  3.76  3.57  4.36  4.21
STD DEV   1.96  1.86  2.09  1.91  1.52  1.50  1.36  1.41  1.67  1.46  2.03  1.76
SKEW      0.86  0.68  0.65  0.49  0.53  0.97  1.07  0.85  0.91  0.88  0.85  0.67
% S      11.19  8.78  7.49 10.11  8.62 11.22  8.59  7.70 10.08 10.25 11.18 12.60
MEAN      5.05  5.19  4.68  4.75  4.06  3.76  3.41  3.22  3.81  4.13  4.58  4.94
STD DEV   2.20  2.28  2.12  2.12  1.79  1.76  1.42  1.34  1.60  1.88  1.91  2.20
SKEW      0.42  0.46  0.73  0.69  0.75  0.95  0.65  0.58  0.61  0.72  0.45  0.59
% SSW     8.73  7.69  8.01  8.03  7.62  9.94  7.57  7.09  7.49  8.23 10.12 10.06
MEAN      5.36  5.57  5.57  5.61  4.61  4.25  3.84  3.76  4.38  4.59  4.95  5.11
STD DEV   2.32  2.46  2.58  2.31  1.95  1.87  1.72  1.67  1.92  2.02  2.09  2.08
SKEW      0.38  0.61  0.77  0.35  0.55  0.55  0.81  0.65  0.58  0.57  0.38  0.57
% SW      8.43  7.24  7.12  8.73  9.28  9.74  9.44  7.83  7.42  8.39 11.42 11.29
MEAN      5.37  5.47  5.31  5.51  4.62  4.42  3.99  3.82  4.25  4.58  5.21  5.43
STD DEV   2.21  2.39  2.54  2.38  2.12  1.99  1.72  1.70  1.72  1.98  2.14  2.27
SKEW      0.45  0.60  0.76  0.42  0.64  0.65  0.78  0.61  0.52  0.51  0.33  0.40
% WSW     8.29  8.26  6.76  6.95  6.92  6.77  6.54  5.68  4.70  5.91  9.45  8.50
MEAN      5.90  5.70  6.19  6.09  4.93  4.45  4.30  4.08  4.53  4.61  5.75  5.55
STD DEV   2.42  2.38  2.78  2.39  2.16  1.89  1.85  1.80  1.93  2.06  2.39  2.42
SKEW      0.34  0.28  0.64  0.30  0.47  0.51  0.86  0.66  0.44  0.66  0.20  0.48
% W      11.44 13.27 11.27  7.68  7.69  6.82  6.39  6.02  4.95  7.04 10.37  9.94
MEAN      6.00  5.88  6.27  6.08  4.84  4.34  3.97  3.91  4.37  4.87  5.57  5.36
STD DEV   2.47  2.41  2.76  2.63  2.13  1.89  1.72  1.75  1.95  2.02  2.41  2.23
SKEW      0.46  0.39  0.76  0.26  0.57  0.59  0.61  0.66  0.45  0.52  0.45  0.35
% WNW     6.67  7.17  7.76  6.19  4.99  3.32  3.73  3.55  3.66  4.69  6.81  6.37
MEAN      5.54  6.09  5.97  5.66  4.80  4.29  4.08  3.99  4.49  4.82  5.34  5.14
STD DEV   2.31  2.20  2.38  2.38  2.05  1.79  1.99  1.87  2.07  2.14  2.28  2.07
SKEW      0.34 -0.04  0.26  0.58  0.35  0.51  2.15  0.85  0.81  0.37  0.31  0.28
% NW      5.05  5.88  6.08  5.43  4.77  3.16  3.99  4.03  4.01  4.60  5.05  4.49
MEAN      4.92  5.44  5.21  4.90  4.24  3.93  3.73  3.60  3.86  4.43  4.86  4.48
STD DEV   2.18  2.34  2.19  2.02  1.91  1.71  1.64  1.56  1.61  1.92  2.10  2.00
SKEW      0.48  0.28  0.20  0.44  0.49  0.49  1.08  0.87  0.63  0.37  0.48  0.57
% NNW     4.37  4.70  3.66  3.83  3.83  3.19  3.16  3.98  2.92  3.84  3.66  3.14
MEAN      4.80  4.70  4.58  4.59  4.10  3.74  3.72  3.52  3.55  4.11  4.50  4.37
STD DEV   2.19  2.21  1.91  1.92  1.71  1.68  1.57  1.47  1.57  1.87  1.84  1.83
SKEW      0.52  0.60  0.51  0.44  0.39  1.35  0.45  1.07  0.76  0.63  0.38  0.30
CALM      5.19  4.63  6.02  6.51 10.42 14.46 16.15 18.81 14.47 12.84  7.61  5.56
WILMINGTON    OH    0.637  COVINGTON/CIN.KY    0.196  ZANESVILLE    OH    0.167
