 ALLENTOWN BETH WBAP PA                  36 106 0
 LATT=  40.65 LONG= -75.43 YEARS= 44. TYPE= 3
 ELEVATION =  380. TP5 = 2.54 TP6= 5.11
 MEAN P   0.29  0.30  0.31  0.33  0.35  0.34  0.43  0.44  0.44  0.36  0.37  0.33
 S DEV P  0.38  0.34  0.39  0.40  0.46  0.47  0.56  0.59  0.69  0.45  0.49  0.41
 SQEW  P  2.04  1.71  2.38  2.04  2.61  3.22  2.29  2.68  3.56  1.79  2.56  2.04
 P(W/W)   0.46  0.44  0.46  0.50  0.49  0.46  0.37  0.45  0.44  0.43  0.46  0.45
 P(W/D)   0.29  0.29  0.30  0.29  0.32  0.28  0.30  0.26  0.24  0.20  0.28  0.30
 TMAX AV 35.35 38.61 48.26 60.90 71.45 80.28 84.73 82.43 75.07 64.40 51.81 39.51
 TMIN AV 19.97 21.77 29.41 39.12 49.19 58.50 63.38 61.75 53.93 42.79 33.82 24.09
 SD TMAX  9.87 10.07 11.06 10.77  9.48  7.74  6.29  6.18  8.25  8.89  9.67  9.84
 SD TMIN  9.98  9.71  8.35  7.70  8.13  6.57  5.57  6.39  8.37  8.74  8.57  9.56
 SOL.RAD  138.  209.  298.  376.  453.  498.  488.  426.  355.  254.  160.  121.
 SD SOL   48.8  59.0  77.6 102.0 112.4 112.9 107.4 224.2  91.6  55.1  47.7  44.7
 MX .5 P  0.30  0.39  0.38  0.58  0.81  1.01  1.01  1.28  0.95  0.58  0.60  0.48
 DEW PT  21.00 22.00 27.00 38.00 48.00 58.00 62.00 62.00 55.00 44.00 34.00 23.00
Time Pk  0.663 0.745 0.777 0.817 0.831 0.842 0.859 0.872 0.885 0.916 0.943 1.000
% N       3.28  3.53  4.07  4.32  3.98  3.37  3.07  3.84  3.84  3.77  2.34  2.82
MEAN      4.19  4.19  4.53  4.75  4.32  3.83  3.52  3.28  3.76  3.88  3.79  3.60
STD DEV   2.33  2.37  2.34  2.24  2.13  1.79  1.77  1.57  1.83  1.88  2.13  1.95
SKEW      0.82  0.80  0.67  0.52  0.55  0.84  0.93  0.92  0.71  0.69  0.82  0.95
% NNE     1.95  2.18  2.44  2.30  2.12  1.85  1.59  2.82  2.79  3.00  1.72  1.53
MEAN      3.21  3.58  3.81  3.66  3.38  3.08  2.85  3.07  3.43  3.85  3.31  3.03
STD DEV   1.45  1.82  2.08  1.62  1.53  1.43  1.11  1.42  1.60  2.10  1.58  1.58
SKEW      0.80  1.00  0.92  0.71  0.72  0.82  0.79  0.98  0.53  1.37  0.84  2.22
% NE      4.52  5.37  4.74  4.42  3.98  3.08  2.95  4.32  4.98  4.95  3.84  4.76
MEAN      3.80  3.67  4.01  3.67  3.46  3.41  2.93  3.18  3.12  3.37  3.52  3.56
STD DEV   2.07  1.78  2.09  1.79  1.51  1.71  1.25  1.49  1.49  1.54  1.92  1.82
SKEW      0.95  0.86  1.11  1.08  0.57  0.81  0.84  0.85  1.04  0.85  1.37  0.98
% ENE     7.73  8.78  8.36  6.35  7.27  4.67  4.41  6.05  7.12  7.87  6.39  9.01
MEAN      3.93  3.97  4.46  4.28  3.67  3.38  3.25  3.20  3.56  3.88  3.78  4.11
STD DEV   1.98  1.82  1.95  2.01  1.67  1.53  1.33  1.31  1.62  1.80  1.57  1.85
SKEW      1.19  0.88  0.60  0.84  0.69  0.76  0.46  0.71  0.94  0.80  0.59  1.10
% E       4.27  5.01  6.29  6.39  6.85  5.39  4.47  4.32  5.20  4.97  4.76  4.23
MEAN      3.36  3.98  4.34  4.61  3.75  3.49  3.14  2.97  3.39  3.58  3.87  3.39
STD DEV   1.79  2.26  2.05  2.09  1.83  1.63  1.43  1.28  1.62  1.77  1.88  1.67
SKEW      1.60  0.87  0.47  0.35  0.90  0.69  0.76  0.75  0.76  0.87  0.88  1.33
% ESE     1.69  2.09  3.20  3.82  4.46  3.79  3.05  3.18  3.47  3.25  2.76  1.75
MEAN      3.19  3.56  4.50  4.50  4.14  3.72  3.43  3.20  3.59  4.03  3.95  3.46
STD DEV   1.59  1.70  2.07  2.07  1.89  1.68  1.48  1.41  1.55  2.10  1.76  1.63
SKEW      1.12  0.44  0.57  0.31  0.46  0.59  0.47  0.75  0.72  0.79  0.66  0.99
% SE      1.23  1.57  2.15  2.47  2.97  3.30  2.54  3.01  2.59  2.36  2.29  1.17
MEAN      3.67  3.29  4.43  3.82  4.04  3.48  3.36  3.22  3.34  3.40  3.89  3.89
STD DEV   2.00  1.40  2.10  1.83  2.02  1.72  1.57  1.45  1.51  1.77  1.85  2.01
SKEW      0.74  0.63  0.48  0.57  0.67  0.74  0.55  0.59  0.50  0.80  0.59  0.51
% SSE     1.02  1.46  1.75  2.64  2.66  3.11  2.54  2.77  2.37  1.61  1.85  1.00
MEAN      2.94  3.81  4.48  4.21  4.05  3.52  3.57  3.34  3.52  3.56  4.06  4.44
STD DEV   1.06  2.16  2.18  1.87  1.78  1.56  1.59  1.30  1.60  1.59  1.92  2.19
SKEW      0.02  1.43  0.50  0.34  0.37  0.47  0.57  0.44  0.47  1.01  0.59  0.68
% S       2.02  2.20  2.73  4.32  4.20  5.36  4.69  4.36  4.36  2.68  3.28  1.89
MEAN      3.45  3.90  4.50  4.40  4.26  3.93  3.82  3.72  3.72  3.61  3.89  3.64
STD DEV   1.67  1.97  2.22  2.03  1.94  1.73  1.68  1.73  1.77  1.58  1.94  1.82
SKEW      0.79  0.64  0.49  0.36  0.61  0.51  0.66  0.67  0.52  0.53  0.74  0.90
% SSW     3.19  2.72  3.10  5.18  5.66  6.91  6.65  5.59  5.53  4.27  3.97  3.25
MEAN      3.96  3.64  4.38  4.60  4.18  4.01  3.63  3.60  3.70  3.65  3.90  3.85
STD DEV   1.81  1.68  2.08  2.08  1.83  1.77  1.56  1.58  1.57  1.53  1.94  1.90
SKEW      0.68  0.60  1.09  0.27  0.65  0.65  0.71  0.71  0.62  0.64  1.09  1.33
% SW      7.21  6.47  5.85  8.13  9.38 10.54 11.69  9.51  8.30  8.07  7.85  8.71
MEAN      3.98  3.98  4.39  4.47  4.25  3.72  3.64  3.53  3.59  3.72  3.93  4.06
STD DEV   1.73  1.94  2.01  2.03  1.87  1.65  1.52  1.53  1.47  1.63  1.77  1.77
SKEW      0.62  0.76  0.64  0.68  0.63  0.74  0.74  0.62  0.57  0.79  0.74  0.88
% WSW    10.24  8.45  7.73  9.29  9.33 11.05 11.55  9.72  8.69  9.68 11.11 11.97
MEAN      4.54  4.61  4.92  4.77  4.38  4.02  3.71  3.61  3.79  4.12  4.64  4.79
STD DEV   2.03  2.22  2.33  2.28  2.03  1.84  1.70  1.59  1.77  2.01  2.20  2.24
SKEW      0.56  0.72  0.80  0.68  0.64  0.77  0.82  0.67  0.84  0.98  0.67  0.80
% W      14.17 14.02 11.30  9.80  8.08  8.20  8.93  8.22  7.56  9.46 13.64 14.04
MEAN      6.35  6.65  6.64  6.01  4.73  4.08  3.79  3.64  3.85  4.37  5.62  5.92
STD DEV   3.10  3.35  3.23  3.11  2.52  2.19  2.03  1.90  2.12  2.32  2.85  2.79
SKEW      0.38  0.31  0.35  0.44  0.62  0.89  0.96  0.99  1.02  0.86  0.43  0.31
% WNW    11.16 11.31 12.26  9.11  6.31  6.55  6.28  6.10  6.27  7.49 10.71 10.69
MEAN      7.05  7.19  7.34  6.58  5.43  4.94  4.12  4.04  4.23  4.83  6.09  6.51
STD DEV   3.21  3.40  3.34  3.13  2.61  2.53  2.18  2.17  2.27  2.44  2.96  3.12
SKEW      0.32  0.29  0.43  0.31  0.41  0.63  0.84  1.03  0.80  0.55  0.28  0.27
% NW      8.84  9.05  9.56  7.78  5.95  5.41  5.75  5.12  5.53  6.14  6.82  7.15
MEAN      6.37  6.45  6.43  5.93  5.09  4.57  3.98  3.63  4.11  5.02  5.61  5.99
STD DEV   3.05  2.97  2.88  2.85  2.36  2.31  1.92  1.79  2.12  2.59  2.73  3.09
SKEW      0.25  0.07  0.12  0.27  0.33  0.62  0.70  0.59  0.74  0.69  0.32  0.30
% NNW     5.91  5.79  6.98  6.31  5.37  4.46  4.09  4.22  4.77  5.14  4.05  4.36
MEAN      5.80  6.01  5.70  6.00  5.42  4.71  4.18  4.07  4.37  5.12  5.44  5.86
STD DEV   2.52  2.58  2.56  2.54  2.38  2.18  1.92  1.98  2.04  2.49  2.65  2.83
SKEW      0.17  0.26  0.42  0.21  0.20  0.42  0.53  0.56  0.46  0.51  0.34  0.20
CALM     11.51  9.96  7.41  7.53 11.23 12.92 15.69 16.87 16.63 15.39 12.45 11.68
ALLENTOWN/BET PA    1.000  WILKESBARRE/S PA    0.000  FORT DIX/MCGU NJ    0.000
 EAGLES MERE PA                          362343 0
 LATT=  41.40 LONG= -76.58 YEARS= 38. TYPE= 3
 ELEVATION = 2020. TP5 = 2.30 TP6= 4.32
 MEAN P   0.26  0.28  0.27  0.31  0.30  0.37  0.38  0.38  0.40  0.34  0.34  0.28
 S DEV P  0.34  0.34  0.31  0.36  0.37  0.43  0.43  0.56  0.48  0.47  0.47  0.40
 SQEW  P  2.77  2.49  2.35  2.14  2.15  1.69  1.84  3.08  2.01  3.04  2.57  2.80
 P(W/W)   0.42  0.45  0.40  0.56  0.55  0.50  0.46  0.48  0.51  0.49  0.53  0.50
 P(W/D)   0.26  0.25  0.25  0.23  0.22  0.23  0.22  0.20  0.16  0.20  0.25  0.23
 TMAX AV 28.47 30.95 39.49 53.34 64.91 71.27 75.80 73.80 66.61 56.55 44.46 31.88
 TMIN AV 13.23 13.86 21.57 33.93 44.13 53.06 58.20 56.61 49.52 39.33 29.74 18.02
 SD TMAX 10.13  9.95 10.63 11.94 10.49  7.57  5.65  5.73  8.21  9.36  9.89  9.97
 SD TMIN 11.36 11.99  9.95  9.12  8.06  6.82  5.43  5.84  8.26  8.85  9.20 11.04
 SOL.RAD  130.  200.  294.  341.  470.  525.  524.  463.  337.  261.  148.  114.
 SD SOL   45.0  55.4  72.5 107.8 102.0  99.5  90.9 179.5  91.7  46.5  45.4  40.9
 MX .5 P  0.26  0.27  0.38  0.62  0.82  1.06  1.06  1.22  0.98  0.53  0.29  0.36
 DEW PT  19.14 18.25 24.40 35.10 46.14 55.29 60.14 59.29 52.89 42.85 31.70 20.65
Time Pk  0.664 0.753 0.798 0.861 0.868 0.871 0.885 0.896 0.906 0.925 0.941 1.000
% N       4.51  4.78  5.50  6.11  6.10  5.88  5.54  6.28  6.06  5.42  3.72  3.48
MEAN      3.58  3.83  3.81  3.91  3.77  3.39  3.05  3.08  3.13  3.30  3.17  3.28
STD DEV   1.57  1.74  1.76  1.79  1.67  1.54  1.31  1.32  1.43  1.48  1.38  1.48
SKEW      0.82  0.74  0.75  0.70  0.71  1.10  1.07  1.04  1.26  0.94  0.84  1.04
% NNE     2.43  2.46  3.07  3.09  3.51  2.91  2.59  3.10  2.98  2.98  1.93  2.02
MEAN      3.24  3.37  3.36  3.61  3.53  3.25  2.98  3.04  3.06  3.16  3.14  2.88
STD DEV   1.37  1.60  1.37  1.54  1.49  1.34  1.28  1.34  1.30  1.34  1.42  1.32
SKEW      0.63  0.97  0.79  0.52  0.60  0.62  0.95  0.90  0.86  0.73  0.85  0.87
% NE      2.88  2.52  3.30  3.16  3.09  2.68  2.72  3.07  3.16  3.15  2.53  2.84
MEAN      3.18  3.20  3.17  3.03  2.97  2.82  2.59  2.76  2.82  2.83  3.10  3.18
STD DEV   1.56  1.55  1.53  1.32  1.33  1.17  1.04  1.18  1.22  1.24  1.43  1.49
SKEW      0.87  1.04  1.12  0.75  0.94  0.73  0.86  1.03  0.97  0.78  0.85  0.96
% ENE     4.23  4.35  4.47  3.97  4.21  3.33  2.84  3.36  4.08  4.12  3.74  4.54
MEAN      4.03  3.75  3.94  3.94  3.55  3.28  2.95  3.18  3.37  3.52  3.79  3.90
STD DEV   1.73  1.62  1.69  1.66  1.40  1.33  1.13  1.25  1.30  1.40  1.63  1.64
SKEW      0.67  0.68  0.69  0.66  0.65  0.77  0.56  0.80  0.61  0.57  0.79  1.25
% E       6.09  5.87  6.11  5.75  6.11  5.24  4.42  4.96  5.71  5.48  5.69  6.42
MEAN      3.72  3.81  4.08  3.96  3.64  3.31  3.00  3.05  3.38  3.54  3.88  3.77
STD DEV   1.62  1.65  1.76  1.61  1.51  1.38  1.20  1.24  1.37  1.54  1.78  1.69
SKEW      0.65  0.72  0.74  0.47  0.69  0.72  0.59  0.77  0.77  0.82  1.29  0.74
% ESE     3.89  4.41  4.61  4.43  5.00  4.58  4.20  4.40  4.67  4.64  4.55  4.38
MEAN      3.68  3.88  4.49  4.15  3.88  3.60  3.24  3.24  3.50  3.67  4.20  3.73
STD DEV   1.69  1.75  2.07  1.75  1.64  1.50  1.34  1.24  1.38  1.65  2.18  1.68
SKEW      0.75  0.82  1.00  0.81  0.69  0.83  1.00  0.87  0.61  0.94  1.65  0.81
% SE      3.17  3.51  4.02  3.58  4.32  4.02  3.61  3.84  3.78  3.86  4.01  3.52
MEAN      3.63  4.04  4.65  4.44  4.02  3.76  3.19  3.15  3.47  3.60  3.99  3.72
STD DEV   1.85  2.14  2.41  2.12  1.90  1.81  1.46  1.38  1.60  1.78  2.11  1.96
SKEW      0.98  1.08  0.81  0.50  0.63  0.89  0.99  0.98  0.87  1.10  1.02  1.10
% SSE     3.03  3.47  3.70  4.74  4.87  4.46  3.77  4.17  4.44  4.10  4.16  2.98
MEAN      4.36  4.62  5.12  5.56  4.77  4.49  4.06  4.01  4.31  4.09  4.88  4.33
STD DEV   2.47  2.33  2.53  2.33  2.07  1.99  1.93  1.79  2.02  1.95  2.48  2.39
SKEW      0.96  0.61  0.70  0.21  0.36  0.48  0.69  0.63  0.51  0.63  0.65  0.98
% S       3.79  3.92  3.97  5.38  6.09  7.26  6.76  6.43  6.75  5.69  5.10  4.14
MEAN      4.18  4.18  4.89  5.47  4.81  4.37  4.05  3.98  4.17  3.99  4.59  4.11
STD DEV   2.41  2.19  2.66  2.57  2.22  1.95  1.90  1.81  1.98  1.99  2.55  2.22
SKEW      1.08  0.78  0.65  0.33  0.44  0.51  0.65  0.67  0.60  0.63  0.90  0.91
% SSW     3.94  3.46  2.86  3.99  4.38  5.66  5.45  5.37  5.41  4.29  4.65  4.23
MEAN      3.71  3.88  4.11  4.44  4.30  3.90  3.87  3.69  3.81  3.55  4.06  3.54
STD DEV   1.64  1.84  1.88  1.99  1.94  1.59  1.70  1.61  1.77  1.66  1.96  1.57
SKEW      0.72  0.83  0.60  0.51  0.43  0.59  0.68  0.76  0.70  0.83  0.70  0.86
% SW      6.73  5.89  4.42  5.64  6.19  7.52  8.27  7.74  7.27  6.74  7.06  7.87
MEAN      3.75  4.02  4.20  4.18  3.93  3.67  3.55  3.44  3.35  3.51  3.71  3.88
STD DEV   1.69  1.90  1.97  2.00  1.82  1.50  1.49  1.46  1.33  1.57  1.76  1.91
SKEW      0.90  0.81  0.70  0.60  0.59  0.78  0.81  0.87  0.67  1.02  0.79  1.07
% WSW     8.13  6.94  6.64  6.73  7.40  7.92  8.50  7.44  6.72  7.05  8.63  8.96
MEAN      5.05  4.91  5.29  5.02  4.52  4.19  3.89  3.75  3.80  4.13  4.88  4.88
STD DEV   2.29  2.15  2.31  2.20  1.95  1.73  1.59  1.52  1.66  1.85  2.08  2.07
SKEW      0.52  0.42  0.40  0.36  0.40  0.47  0.64  0.57  0.70  0.50  0.29  0.37
% W      12.18 11.49 10.65 10.25  8.53  8.63  9.32  8.85  8.18  9.08 12.09 12.81
MEAN      5.21  5.20  5.32  5.12  4.29  3.89  3.65  3.52  3.65  4.01  4.82  4.99
STD DEV   2.34  2.28  2.48  2.33  1.98  1.73  1.57  1.56  1.66  1.87  2.06  2.16
SKEW      0.48  0.45  0.59  0.59  0.69  0.60  0.71  0.76  0.80  0.63  0.36  0.40
% WNW    10.59 11.36 10.66  9.10  6.61  7.15  7.62  6.73  6.96  7.29  9.31 10.08
MEAN      5.70  5.80  5.77  5.35  4.43  4.08  3.82  3.57  3.64  4.31  5.13  5.39
STD DEV   2.41  2.37  2.37  2.34  2.06  1.90  1.75  1.68  1.69  2.06  2.24  2.26
SKEW      0.29  0.20  0.34  0.40  0.60  0.70  0.69  0.77  0.73  0.51  0.31  0.20
% NW      9.06 10.58 11.24  9.74  7.75  7.68  7.79  7.39  7.16  8.18  8.07  7.80
MEAN      5.05  5.51  5.29  5.00  4.26  3.91  3.52  3.25  3.38  4.00  4.67  5.02
STD DEV   2.26  2.30  2.26  2.25  2.03  1.88  1.67  1.56  1.65  1.99  2.09  2.37
SKEW      0.26  0.15  0.19  0.35  0.58  0.76  0.91  1.14  1.12  0.59  0.35  0.57
% NNW     6.68  6.95  7.88  7.64  7.28  6.41  6.36  6.02  5.86  6.35  4.66  4.68
MEAN      4.63  4.88  4.87  4.79  4.39  3.81  3.51  3.43  3.59  3.93  4.21  4.44
STD DEV   1.98  2.03  2.02  2.03  1.94  1.70  1.54  1.48  1.62  1.77  1.86  2.02
SKEW      0.47  0.34  0.28  0.29  0.54  0.82  1.00  0.92  0.80  0.70  0.50  0.69
CALM      8.71  8.06  6.87  6.67  8.53  8.67 10.37 10.87 10.81 11.59 10.05  9.31
WILLIAMSPORT  PA    0.541  WILKESBARRE/S PA    0.287  BINGHAMTON/BR NY    0.172
 EBENSBERG SWG PL PA                     362470 0
 LATT=  24.03 LONG=-878.73 YEARS= 28. TYPE= 3
 ELEVATION = 1940. TP5 = 1.20 TP6= 4.50
 MEAN P   0.19  0.19  0.26  0.27  0.32  0.34  0.39  0.33  0.36  0.26  0.25  0.20
 S DEV P  0.23  0.23  0.32  0.31  0.37  0.42  0.52  0.39  0.41  0.32  0.29  0.26
 SQEW  P  2.06  2.35  2.50  2.33  3.00  2.71  3.29  1.84  2.65  2.03  1.79  2.88
 P(W/W)   0.70  0.69  0.64  0.63  0.62  0.54  0.51  0.50  0.55  0.56  0.65  0.68
 P(W/D)   0.48  0.46  0.40  0.39  0.36  0.35  0.32  0.31  0.28  0.30  0.38  0.52
 TMAX AV 33.97 37.28 47.76 59.62 69.95 77.67 81.19 79.65 73.18 61.82 49.91 38.48
 TMIN AV 15.31 15.83 24.19 33.23 42.48 50.35 55.13 54.06 47.78 36.70 29.84 20.83
 SD TMAX 11.43 11.31 12.73 12.01  9.40  6.72  5.49  5.61  7.84  9.58 11.20 10.85
 SD TMIN 12.26 12.73 10.40  9.34  9.40  8.32  7.16  7.64  9.62  9.60  9.84 11.21
 SOL.RAD  132.  232.  341.  490.  595.  663.  699.  609.  449.  289.  161.   96.
 SD SOL   43.8  43.8  55.6  56.3  57.9  51.0  30.1  82.0  55.3  36.3  40.5  46.5
 MX .5 P  0.22  0.19  0.53  0.25  0.23  1.03  0.22  0.42  0.32  0.28  0.28  0.28
 DEW PT  63.59 62.59 63.00 64.41 65.41 66.00 67.41 67.41 68.00 67.00 65.41 64.00
Time Pk  0.632 0.716 0.759 0.809 0.823 0.839 0.856 0.868 0.880 0.905 0.936 1.000
% N      17.96 21.59 23.64 26.94 28.23 23.90 29.87 29.77 26.27 26.12 23.89 25.17
MEAN      4.54  4.79  5.00  4.86  4.62  4.60  4.87  4.92  4.49  4.51  4.78  4.93
STD DEV   2.29  2.14  2.27  2.03  1.86  1.90  1.84  1.94  1.82  1.88  2.20  2.23
SKEW      0.95  0.52  0.54  0.38  0.36  0.17  0.11  0.06  0.23  0.37  0.66  0.49
% NNE     8.20 10.49 10.95 13.06 13.16 14.85 13.74 13.27 11.37 12.11 11.56 10.66
MEAN      4.89  5.21  5.28  5.34  5.14  5.22  5.37  5.39  4.94  4.91  5.11  4.87
STD DEV   2.60  2.34  2.35  2.13  1.97  2.07  1.93  1.97  2.01  2.06  2.32  2.16
SKEW      0.51  0.18  0.25  0.00 -0.18 -0.02 -0.18 -0.15  0.00  0.05  0.19  0.33
% NE      6.74  6.48  7.14  7.36  6.59  8.20  7.18  6.66  8.00  6.56  7.41  6.12
MEAN      3.09  3.60  3.63  4.03  4.30  4.21  4.32  4.09  3.79  3.27  3.52  3.46
STD DEV   1.42  1.76  1.81  2.03  2.12  2.11  2.06  2.01  1.92  1.54  1.84  1.72
SKEW      1.63  1.32  1.20  0.64  0.46  0.56  0.37  0.52  0.85  1.38  1.20  1.50
% ENE     2.26  2.37  2.57  3.13  3.22  3.77  3.23  3.40  3.10  2.74  2.63  2.35
MEAN      3.04  3.18  3.18  3.39  3.24  3.45  3.19  3.14  3.21  2.95  3.25  3.07
STD DEV   0.97  0.97  0.90  1.03  1.03  1.29  0.91  0.85  1.15  0.84  1.16  0.97
SKEW      1.06  0.86  0.43  0.46  0.90  0.70  0.54  0.72  1.20  0.68  0.94  0.93
% E       4.04  3.50  3.85  3.35  3.76  4.25  3.25  3.06  3.05  3.23  3.36  3.18
MEAN      3.03  3.22  3.22  3.27  3.20  3.49  3.04  3.06  3.10  3.05  3.10  2.99
STD DEV   0.98  1.01  0.94  1.09  1.19  1.21  0.87  0.89  0.97  0.93  0.96  0.93
SKEW      0.86  0.96  0.63  0.98  0.50  0.69  0.93  0.78  1.24  0.24  0.77  0.60
% ESE     2.56  2.58  2.59  2.43  2.23  2.31  1.57  1.60  1.68  2.12  2.22  2.12
MEAN      3.36  3.41  3.27  3.50  3.09  3.73  2.98  1.78  2.99  3.05  3.13  3.27
STD DEV   0.99  0.94  0.76  1.07  0.69  1.21  0.67  0.68  0.64  0.70  0.93  1.00
SKEW      0.60  1.11  0.03  0.52 -1.68  0.13 -1.69  0.12 -1.68  0.12  0.84  0.83
% SE      3.29  2.80  2.38  1.80  1.26  1.41  0.79  1.01  1.00  1.77  2.01  2.46
MEAN      3.55  3.49  3.38  3.77  3.01  2.84  2.62  2.73  2.73  3.17  2.94  3.57
STD DEV   1.39  1.34  1.16  1.62  1.04  0.96  0.58  0.78  0.70  1.15  0.94  1.59
SKEW      0.76  0.86  0.43  0.63  0.28  0.63 -1.49 -1.40 -1.48  0.85  1.41  0.80
% SSE     2.51  1.69  1.75  1.06  0.79  0.75  0.46  0.63  0.68  1.06  1.30  1.56
MEAN      4.29  3.55  4.39  2.78  3.03  2.38  2.36  1.35  2.77  2.71  3.43  3.64
STD DEV   1.91  1.40  2.12  0.78  1.07  0.46  0.40  0.65  0.80  0.67  1.31  1.44
SKEW      0.53  0.54  0.55  0.42  0.27 -1.57 -1.58  0.60  0.20  0.39  0.46  0.63
% S      10.03  8.43  6.21  2.99  1.84  1.65  1.26  1.90  2.15  3.27  4.55  5.18
MEAN      4.71  4.44  4.19  4.25  3.24  3.30  3.11  5.00  3.80  3.70  4.34  4.37
STD DEV   2.15  1.77  1.78  1.79  1.19  1.17  1.02  2.09  1.42  1.42  1.89  1.96
SKEW      0.97  0.75  0.61  0.70  0.38  0.40  0.18  0.54  0.46  0.68  0.79  1.22
% SSW     6.40  4.72  4.44  3.29  2.57  2.40  1.81  2.00  2.89  3.93  3.87  4.42
MEAN      4.42  4.15  4.11  3.04  3.81  4.06  4.06  1.07  3.51  4.08  3.68  3.89
STD DEV   1.59  1.53  1.45  1.08  1.44  0.32  0.32  0.34  0.85  1.25  1.28  1.50
SKEW      0.17  0.44  0.16  0.39  0.20 -1.66  0.10  0.32  0.20 -0.12  0.46  0.51
% SW      7.98  7.04  6.52  5.61  5.51  5.81  4.95  4.91  6.57  7.08  6.78  7.61
MEAN      3.60  3.81  3.04  2.61  2.33  1.13  1.11  1.10  2.33  2.83  2.77  3.58
STD DEV   1.57  1.63  1.01  0.67  0.34  0.35  0.35  0.33  0.34  0.88  0.86  1.21
SKEW      0.47  0.51  0.40  0.15 -1.57  0.13  0.19  0.11 -1.61  0.27  0.40  0.09
% WSW     4.81  4.61  4.98  5.24  5.72  6.46  6.20  6.27  6.76  6.32  6.31  5.54
MEAN      2.45  1.25  2.43  1.19  1.21  1.22  1.20  1.19  1.23  1.20  1.19  2.40
STD DEV   0.41  0.39  0.38  0.37  0.36  0.39  0.37  0.36  0.36  0.38  0.38  0.38
SKEW      0.11  0.16 -1.66  0.08  0.11  0.15  0.13  0.08  0.08  0.11  0.14 -1.68
% W       2.29  2.97  2.83  3.39  3.88  3.70  4.18  4.18  4.06  3.15  3.46  2.70
MEAN      2.69  3.01  2.71  2.68  3.20  2.71  2.36  2.42  2.43  2.70  3.15  2.69
STD DEV   0.72  1.05  0.69  0.71  1.15  0.70  0.37  0.38  0.38  0.70  1.14  0.74
SKEW      0.06  0.24  0.11  0.12  0.32  0.12 -1.64 -1.67 -1.67  0.16  0.31  0.23
% WNW     0.98  1.14  1.33  1.37  1.73  1.27  1.42  1.60  1.22  1.15  1.20  1.30
MEAN      3.10  2.68  3.03  3.02  3.21  3.34  3.15  3.50  2.91  4.72  2.88  3.20
STD DEV   1.02  0.69  1.06  1.08  1.01  1.41  1.04  1.00  1.01  1.64  1.00  1.04
SKEW      0.34  0.06  0.18  0.28  0.01  0.48  0.14  0.12  0.30  0.20  0.17  0.46
% NW      4.43  4.81  5.19  4.80  5.68  5.41  4.79  5.65  5.38  5.33  4.50  4.87
MEAN      3.19  3.59  3.56  3.57  3.85  3.67  4.00  3.87  3.82  3.53  3.37  3.59
STD DEV   1.35  1.51  1.48  1.60  1.67  1.55  1.72  1.68  1.60  1.33  1.46  1.67
SKEW      0.83  0.70  0.57  0.61  0.51  0.63  0.43  0.36  0.45  0.52  0.94  0.88
% NNW     5.27  6.45  6.52  8.33  9.52  9.00 11.20 10.04 10.15  7.32  6.99  6.46
MEAN      3.94  4.19  4.34  4.37  4.31  4.29  4.65  4.38  4.30  4.26  4.17  4.28
STD DEV   1.86  1.75  1.84  1.82  1.66  1.82  1.75  1.80  1.65  1.71  1.91  2.06
SKEW      1.02  0.58  0.52  0.45  0.36  0.45  0.09  0.60  0.23  0.34  0.84  0.66
CALM     10.30  8.38  7.04  5.74  4.40  4.86  4.10  3.99  5.52  6.73  7.97  8.32
PUUNENE MAUI  HI    0.592  HILO          HI    0.408  LIHUE KAUAI   HI    0.000
 ERIE AIRPORT PA                         362682 0
 LATT=  42.08 LONG= -80.20 YEARS= 66. TYPE= 3
 ELEVATION =  730. TP5 = 1.83 TP6= 3.61
 MEAN P   0.14  0.15  0.19  0.24  0.28  0.34  0.34  0.34  0.37  0.28  0.23  0.17
 S DEV P  0.18  0.22  0.25  0.31  0.34  0.43  0.45  0.46  0.48  0.37  0.28  0.23
 SQEW  P  2.83  3.59  2.66  2.74  2.25  2.47  2.27  2.44  3.38  3.67  2.80  2.91
 P(W/W)   0.65  0.60  0.56  0.57  0.52  0.46  0.41  0.43  0.48  0.57  0.63  0.65
 P(W/D)   0.46  0.42  0.41  0.38  0.31  0.29  0.26  0.27  0.28  0.30  0.43  0.45
 TMAX AV 33.16 34.00 42.46 54.20 65.59 75.00 79.56 78.18 71.92 61.03 48.56 37.34
 TMIN AV 20.34 19.81 27.20 37.20 47.59 57.39 62.65 61.64 55.30 45.35 35.73 25.70
 SD TMAX 11.52 11.49 12.96 12.36 10.53  8.33  6.14  6.18  8.63 10.12 11.04 10.49
 SD TMIN 10.79 10.79  9.66  8.91  8.70  7.54  6.22  6.36  8.09  8.05  8.74  9.46
 SOL.RAD  121.  187.  301.  301.  495.  556.  554.  485.  298.  278.  137.  111.
 SD SOL   45.8  57.5  67.3 118.6  90.7  86.4  78.0 151.3 101.8  38.5  47.1  40.0
 MX .5 P  0.21  0.31  0.33  0.60  0.77  1.01  1.27  1.32  0.77  0.40  0.25  0.22
 DEW PT  21.43 21.15 26.27 36.43 45.99 55.99 59.99 59.55 52.99 42.84 32.56 22.84
Time Pk  0.726 0.807 0.833 0.864 0.871 0.877 0.890 0.900 0.911 0.928 0.954 1.000
% N       3.24  3.01  3.31  3.40  4.36  4.37  4.81  5.55  4.93  4.98  2.69  3.02
MEAN      4.83  4.44  4.26  4.21  3.94  3.95  4.13  4.35  4.59  4.93  5.17  5.44
STD DEV   1.95  1.84  1.57  1.63  1.43  1.42  1.43  1.46  1.58  1.87  2.11  2.07
SKEW      0.52  0.90  0.79  0.61  0.68  0.79  0.52  0.41  0.38  0.57  0.58  0.36
% NNE     3.68  3.77  5.79  5.40  6.05  3.92  4.68  5.47  4.40  4.42  2.06  2.40
MEAN      5.34  5.16  5.53  5.17  5.02  4.44  4.79  4.83  4.87  5.06  5.00  5.03
STD DEV   2.09  2.09  1.92  1.94  1.97  1.69  1.68  1.72  1.87  1.72  2.16  2.05
SKEW      0.05  0.44  0.17  0.71  0.50  0.78  0.45  0.30  0.55  0.31  0.89  0.47
% NE      4.92  6.42  8.48  7.42  8.03  4.71  4.39  4.46  4.26  4.13  2.63  2.89
MEAN      4.84  5.31  5.29  5.25  5.03  4.95  4.78  4.74  4.72  4.86  4.73  4.53
STD DEV   2.35  2.16  2.20  2.28  2.19  2.14  1.94  1.81  1.93  1.95  2.25  1.88
SKEW      0.62  0.36  0.36  0.72  0.48  0.57  0.51  0.29  0.35  0.20  1.00  0.70
% ENE     3.35  3.40  4.30  3.54  3.17  1.76  2.27  1.97  2.40  2.59  2.20  2.73
MEAN      4.94  4.83  4.90  4.81  4.41  4.17  4.03  4.23  4.07  4.13  5.05  5.01
STD DEV   2.04  2.09  2.19  2.06  1.97  1.62  1.71  1.63  1.92  1.86  1.92  2.36
SKEW      0.38  0.63  1.00  0.93  1.02  0.65  0.81  0.63  1.03  0.77  0.32  1.22
% E       1.26  1.77  1.78  1.89  1.57  1.15  1.40  1.45  2.08  1.70  1.38  1.73
MEAN      3.22  3.45  3.60  3.80  3.07  3.16  3.06  2.95  3.10  3.19  3.66  3.60
STD DEV   1.32  1.45  1.63  1.73  1.03  1.27  1.01  1.08  1.16  1.46  1.39  1.28
SKEW      0.69  0.96  1.10  1.06  0.66  0.89  0.69  0.75  1.00  1.52  0.84  0.65
% ESE     1.07  1.11  1.37  1.47  1.18  0.98  0.91  1.44  1.65  1.49  1.21  1.10
MEAN      3.28  3.71  4.19  4.60  3.42  3.11  2.94  2.96  3.20  3.01  3.82  3.43
STD DEV   1.40  1.86  2.16  2.05  1.58  1.29  1.14  1.11  1.23  1.34  1.60  1.32
SKEW      1.26  0.93  1.63  0.57  1.06  0.80  1.16  0.75  1.22  1.24  0.86  0.95
% SE      2.86  3.16  3.20  3.78  3.18  2.84  2.17  2.66  3.26  3.70  3.39  3.41
MEAN      4.62  5.88  5.50  5.33  4.64  3.99  3.40  3.55  4.03  4.39  5.08  5.53
STD DEV   2.63  2.95  3.07  2.58  2.29  1.83  1.61  1.69  2.06  2.29  2.50  3.68
SKEW      0.95  0.77  0.87  0.53  0.63  0.53  0.79  0.77  0.99  0.80  0.62  2.37
% SSE     7.46  8.00  8.51  7.98  7.95  8.19  6.95  7.86 12.06 12.28 11.59 10.62
MEAN      6.73  6.60  7.09  6.53  5.28  4.90  4.37  4.40  5.22  5.92  6.40  6.74
STD DEV   2.84  2.95  2.96  2.95  2.52  2.05  2.01  1.84  2.19  2.48  2.72  3.33
SKEW      0.25  0.52  0.22  0.36  0.63  0.37  0.47  0.44  0.44  0.48  0.50  1.22
% S      11.29 10.44  8.47  9.34 12.41 16.55 17.31 19.21 18.69 18.79 15.52 13.37
MEAN      6.23  5.79  5.73  5.08  4.53  4.35  3.90  3.89  4.54  4.93  5.81  6.31
STD DEV   2.83  2.71  2.80  2.57  2.28  2.01  1.71  1.72  1.99  2.18  2.50  2.69
SKEW      0.72  0.46  0.51  0.70  0.92  0.73  1.11  1.01  0.82  0.50  0.35  0.24
% SSW    13.25  9.23  7.03  8.04  8.03 10.64 10.87 10.43 11.12 12.27 16.11 15.49
MEAN      6.25  6.01  6.08  5.49  4.94  4.58  4.37  4.01  4.71  5.54  6.00  6.19
STD DEV   2.48  2.60  2.85  2.53  2.37  2.00  1.80  1.67  1.99  2.21  2.23  2.34
SKEW      0.31  0.42  0.51  0.54  0.88  0.70  0.80  0.92  0.61  0.39  0.22  0.21
% SW      9.82  7.93  6.32  7.55  5.70  7.14  6.70  6.02  5.63  6.48 10.81 11.21
MEAN      5.49  4.85  4.95  4.59  4.08  4.09  3.86  3.87  4.25  5.15  5.92  5.75
STD DEV   2.40  2.22  2.36  2.25  1.93  1.80  1.68  1.71  1.91  2.15  2.42  2.41
SKEW      0.45  0.70  0.85  1.04  0.99  0.69  0.87  0.87  1.01  0.41  0.38  0.91
% WSW    10.07 11.58 11.25 10.92  9.44  8.35  7.03  5.44  4.28  4.03  6.05  7.27
MEAN      6.12  5.74  5.75  5.74  5.24  4.80  4.45  4.23  4.81  5.22  6.08  6.01
STD DEV   2.45  2.30  2.35  2.21  2.19  2.00  1.82  1.74  1.98  2.05  2.24  2.34
SKEW      0.55  0.37  0.48  0.57  0.60  0.56  0.58  1.00  0.61  0.38  0.46  0.57
% W       8.83  9.96  9.24  9.66  8.45  7.37  6.96  5.67  4.71  4.05  5.62  6.51
MEAN      6.26  5.88  5.78  5.78  5.10  4.68  4.67  4.61  5.04  5.27  6.39  6.50
STD DEV   2.60  2.38  2.28  2.30  2.20  1.98  1.87  1.83  2.12  2.36  2.45  2.40
SKEW      0.48  0.43  0.33  0.51  0.61  0.48  0.51  0.50  0.59  0.46  0.45  0.52
% WNW     7.99  7.91  8.49  6.70  5.17  6.53  6.34  6.28  6.14  5.19  6.73  8.00
MEAN      6.09  5.65  5.88  5.40  4.56  4.33  4.34  4.43  5.04  5.76  6.60  6.46
STD DEV   2.33  2.22  2.24  2.04  1.75  1.66  1.55  1.53  1.83  2.28  2.29  2.15
SKEW      0.59  0.36  0.36  0.55  0.51  0.62  0.58  0.55  0.37  0.30  0.13  0.14
% NW      3.64  4.30  4.62  4.25  3.95  4.44  4.66  4.76  4.77  3.87  4.37  3.68
MEAN      5.78  4.62  5.16  4.76  4.02  3.94  4.14  4.24  4.73  5.38  6.25  6.30
STD DEV   2.54  2.03  2.12  2.11  1.70  1.53  1.56  1.72  1.78  2.37  2.38  2.42
SKEW      0.29  0.66  0.44  0.74  0.86  0.70  0.60  0.74  0.54  0.52  0.25  0.55
% NNW     3.36  2.98  3.26  3.45  3.87  4.02  4.60  4.78  4.55  5.07  4.46  4.05
MEAN      5.85  4.63  4.86  4.55  3.99  3.86  4.29  4.36  4.81  5.59  6.19  6.20
STD DEV   2.43  1.76  2.03  1.94  1.62  1.38  1.54  1.58  1.73  2.14  2.22  2.18
SKEW      0.50  0.71  0.77  0.68  0.71  0.65  0.58  0.81  0.25  0.27  0.40  0.29
CALM      3.95  4.99  4.55  5.18  7.61  7.05  7.92  6.54  5.03  4.95  3.23  2.49
ERIE          PA    1.000  DUNKIRK       NY    0.000  YOUNGSTOWN    OH    0.000
 HARRISBURG 3S WB AP PA                  363699 0
 LATT=  40.22 LONG= -76.85 YEARS= 53. TYPE= 3
 ELEVATION =  340. TP5 = 2.50 TP6= 4.93
 MEAN P   0.25  0.27  0.28  0.26  0.33  0.30  0.36  0.35  0.36  0.35  0.33  0.30
 S DEV P  0.34  0.33  0.35  0.33  0.43  0.46  0.49  0.47  0.59  0.46  0.43  0.38
 SQEW  P  2.35  2.18  2.15  2.28  2.32  4.61  2.78  2.47  4.10  2.72  2.26  2.09
 P(W/W)   0.48  0.45  0.46  0.52  0.51  0.49  0.40  0.41  0.46  0.45  0.46  0.45
 P(W/D)   0.28  0.28  0.31  0.33  0.34  0.30  0.27  0.26  0.22  0.20  0.26  0.26
 TMAX AV 36.96 39.91 49.81 62.21 72.96 81.39 85.89 83.83 76.45 65.26 52.49 40.68
 TMIN AV 22.55 24.29 31.87 41.60 51.70 60.75 65.47 63.90 56.38 45.14 35.80 26.50
 SD TMAX 10.06 10.04 11.62 11.20  9.65  7.97  6.33  6.47  8.48  9.29  9.74  9.73
 SD TMIN  9.39  8.91  8.23  7.84  7.51  6.44  5.29  5.94  8.28  8.42  8.19  8.93
 SOL.RAD  142.  230.  297.  379.  469.  501.  492.  413.  354.  253.  168.  133.
 SD SOL   49.2  53.1  78.1  99.9 104.5 108.8 103.5 217.0  91.6  57.0  47.2  42.8
 MX .5 P  0.33  0.41  0.61  0.49  0.85  0.86  1.31  1.34  1.23  0.89  0.55  0.30
 DEW PT  23.26 22.90 27.90 37.79 48.79 58.43 62.43 62.16 55.06 44.43 33.16 24.26
Time Pk  0.698 0.784 0.820 0.862 0.873 0.877 0.890 0.899 0.910 0.933 0.963 1.000
% N       2.76  3.11  3.59  4.52  4.21  3.51  3.58  4.23  3.72  3.92  2.50  2.37
MEAN      3.43  3.66  3.89  4.06  3.56  3.23  3.22  2.98  3.23  3.45  3.31  3.41
STD DEV   1.74  1.86  1.82  1.92  1.80  1.61  1.52  1.52  1.53  1.83  1.67  1.80
SKEW      0.39  0.48  0.37  0.35  0.52  0.56  0.49  0.77  0.36  0.60  0.55  0.50
% NNE     1.46  1.74  1.97  2.48  2.10  1.86  1.72  2.23  2.05  2.07  0.97  1.30
MEAN      3.16  3.16  3.28  3.11  2.79  2.88  2.64  3.01  2.75  2.63  2.53  2.70
STD DEV   1.59  1.43  1.48  1.44  1.38  1.51  1.37  1.75  1.31  1.25  1.08  1.37
SKEW      0.38  0.16  0.75  0.52  0.78  0.73  0.91  1.17  0.45  0.49  0.37  0.57
% NE      1.23  1.28  1.53  1.96  2.07  1.51  1.64  1.76  1.75  1.63  0.81  1.18
MEAN      2.39  2.83  2.94  3.21  2.87  2.55  2.30  2.70  2.49  2.59  2.25  2.58
STD DEV   1.17  1.46  1.35  1.57  1.28  1.02  1.04  1.31  1.26  1.39  1.01  1.27
SKEW      0.40  0.34  0.30  0.84  0.36  0.21  0.53  0.42  0.66  0.51  0.16  0.27
% ENE     2.83  3.32  4.12  4.14  4.36  3.15  2.90  3.19  3.67  3.52  2.02  3.45
MEAN      2.97  3.26  3.44  3.59  3.15  2.99  2.86  2.40  2.79  2.93  2.86  2.89
STD DEV   1.53  1.41  1.32  1.46  1.26  1.36  1.30  1.12  1.21  1.28  1.30  1.46
SKEW      0.46  0.31  0.42  0.49  0.44  0.55  0.75  0.63  0.49  0.24  0.54  0.61
% E       6.26  7.76  8.93  8.13  8.23  5.85  4.18  5.15  7.09  6.58  6.50  7.16
MEAN      2.85  3.25  3.71  3.78  3.36  3.26  2.90  2.76  2.87  2.91  3.08  3.01
STD DEV   1.34  1.50  1.50  1.58  1.42  1.35  1.32  1.17  1.30  1.32  1.34  1.38
SKEW      0.82  0.63  0.39  0.47  0.43  0.40  0.47  0.31  0.48  0.66  0.50  1.04
% ESE     8.15  9.14  8.69  8.20  8.70  6.54  4.76  6.43  7.24  8.38  8.30  7.81
MEAN      2.80  3.19  3.79  3.80  3.42  3.32  2.92  2.80  2.86  2.96  3.23  2.89
STD DEV   1.30  1.47  1.60  1.63  1.53  1.59  1.19  1.17  1.33  1.36  1.41  1.28
SKEW      0.53  0.54  0.47  0.45  0.62  0.75  0.34  0.31  0.69  0.49  0.31  0.57
% SE      4.67  5.01  4.30  4.58  5.53  4.77  4.28  5.11  5.51  4.15  5.01  4.15
MEAN      2.64  3.15  3.79  3.87  3.33  3.06  2.98  2.92  2.83  2.92  2.92  2.62
STD DEV   1.31  1.68  1.93  1.88  1.56  1.44  1.29  1.47  1.46  1.61  1.58  1.34
SKEW      0.73  0.91  0.44  0.53  0.59  0.51  0.39  0.75  0.67  0.74  0.84  1.06
% SSE     2.18  2.58  3.03  3.87  4.24  5.13  4.55  3.88  4.17  3.33  2.97  2.39
MEAN      2.93  3.19  4.16  4.63  3.78  3.65  3.15  3.27  3.47  3.20  3.54  2.72
STD DEV   1.61  1.83  1.96  2.03  1.69  1.74  1.48  1.65  1.73  1.66  2.00  1.30
SKEW      0.86  0.77  0.22  0.20  0.27  0.32  0.35  0.52  0.46  0.52  0.61  0.46
% S       1.79  2.00  2.42  3.49  4.17  4.93  4.98  4.12  4.16  2.79  2.75  2.02
MEAN      2.69  3.31  4.09  4.33  3.66  3.47  3.32  2.88  3.07  2.93  3.41  2.58
STD DEV   1.49  1.90  2.14  1.97  1.79  1.67  1.58  1.42  1.73  1.67  2.40  1.53
SKEW      0.57  0.57  0.35  0.13  0.33  0.47  0.32  0.31  0.64  0.46  1.26  1.02
% SSW     1.90  1.78  2.20  2.99  3.73  4.42  5.64  4.30  4.06  2.91  2.76  2.32
MEAN      3.19  3.62  4.57  4.51  3.70  3.25  3.11  2.84  2.83  2.73  3.50  3.08
STD DEV   2.07  2.31  2.44  2.21  1.88  1.60  1.56  1.60  1.67  1.82  2.12  1.88
SKEW      0.91  0.61  0.18 -0.01  0.36  0.27  0.42  0.63  0.60  0.99  0.61  0.93
% SW      2.57  2.46  2.36  2.89  3.58  5.03  5.93  5.66  4.64  4.00  3.67  3.01
MEAN      2.41  2.74  3.06  3.40  2.92  2.61  2.49  2.41  2.36  2.38  2.55  2.53
STD DEV   1.47  1.64  1.75  1.86  1.63  1.40  1.38  1.33  1.29  1.54  1.65  1.53
SKEW      1.09  1.13  0.76  0.75  0.82  0.81  0.93  0.98  0.78  1.20  1.24  1.20
% WSW     6.90  6.65  6.82  8.05  8.31  9.51 10.16  9.45  8.27  8.49  9.67  8.77
MEAN      3.25  3.56  3.97  3.87  3.41  2.96  2.74  2.64  2.68  2.88  3.40  3.38
STD DEV   1.56  1.78  2.00  1.75  1.72  1.34  1.36  1.23  1.33  1.42  1.87  1.63
SKEW      0.86  0.69  0.89  0.54  0.81  0.82  0.91  0.80  0.81  0.79  0.96  0.82
% W      16.28 14.20 12.72 13.09 12.46 13.19 14.74 13.60 11.53 12.99 16.78 15.88
MEAN      4.64  4.91  5.25  4.64  3.93  3.41  3.02  2.96  3.09  3.41  4.34  4.42
STD DEV   2.34  2.73  2.59  2.18  1.94  1.61  1.42  1.44  1.54  1.75  2.28  2.24
SKEW      0.86  0.94  0.61  0.49  0.74  0.73  0.61  0.81  0.86  0.76  0.75  0.70
% WNW    19.51 19.96 18.53 13.32 10.71 11.62 10.95  9.07  9.80 11.34 14.92 17.45
MEAN      5.89  6.25  6.32  5.75  4.50  3.98  3.42  3.24  3.57  4.27  5.27  5.55
STD DEV   2.60  2.84  2.64  2.56  2.19  1.99  1.78  1.72  1.93  2.23  2.50  2.56
SKEW      0.17  0.36  0.33  0.21  0.29  0.57  0.61  0.71  0.68  0.56  0.24  0.31
% NW      8.36  7.24  8.77  8.12  6.29  6.60  6.33  7.09  6.33  7.01  6.35  7.46
MEAN      4.95  5.28  5.27  5.09  4.01  3.33  3.18  2.96  3.25  3.71  4.50  4.94
STD DEV   2.61  2.73  2.46  2.58  2.11  1.71  1.72  1.58  1.84  2.17  2.43  2.67
SKEW      0.53  0.61  0.49  0.65  0.54  0.61  0.87  0.85  0.74  0.57  0.31  0.44
% NNW     4.91  4.26  5.03  5.29  4.80  4.68  4.39  4.25  4.59  5.05  3.43  3.78
MEAN      3.97  4.04  4.45  4.31  3.68  3.34  2.87  3.10  3.38  3.49  3.86  4.09
STD DEV   1.98  2.29  1.94  2.10  1.89  1.69  1.51  1.59  1.63  2.06  2.17  2.46
SKEW      0.40  0.97  0.30  0.36  0.34  0.75  0.60  0.53  0.40  0.88  0.59  0.80
CALM      8.27  7.53  4.94  4.86  6.68  7.64  9.24 10.56 11.31 11.76 10.52  9.63
HARRISBURG    PA    1.000  MIDDLETON/OLM PA    0.000  SELINGSGROVE  PA    0.000
 JAMESTOWN 2 NW PA                       364325 0
 LATT=  41.50 LONG= -80.47 YEARS= 44. TYPE= 3
 ELEVATION = 1050. TP5 = 1.92 TP6= 3.69
 MEAN P   0.16  0.17  0.21  0.24  0.28  0.35  0.38  0.35  0.31  0.24  0.23  0.18
 S DEV P  0.22  0.25  0.27  0.28  0.32  0.39  0.47  0.44  0.41  0.36  0.29  0.24
 SQEW  P  2.75  3.57  2.90  1.83  2.11  1.93  2.25  2.54  2.93  4.50  4.04  2.84
 P(W/W)   0.58  0.56  0.56  0.58  0.58  0.49  0.47  0.45  0.51  0.61  0.58  0.59
 P(W/D)   0.41  0.39  0.38  0.36  0.32  0.31  0.28  0.27  0.29  0.27  0.40  0.47
 TMAX AV 32.67 34.85 44.23 57.27 68.72 77.52 81.63 80.07 73.53 62.37 48.99 36.76
 TMIN AV 14.97 15.65 24.36 34.72 44.22 53.25 57.39 55.83 49.10 38.88 30.93 20.80
 SD TMAX 11.62 11.42 12.89 12.94 10.23  7.94  6.11  6.08  8.70 10.50 11.45 11.03
 SD TMIN 12.49 12.68 10.68  9.64  9.16  7.92  6.81  6.96  8.97  8.67  9.11 11.20
 SOL.RAD  113.  177.  271.  296.  475.  536.  538.  462.  299.  259.  132.  100.
 SD SOL   53.0  65.2  82.0 124.3 100.2  95.3  85.8 175.4 105.0  49.2  53.2  47.7
 MX .5 P  0.25  0.29  0.35  0.52  0.72  1.08  1.28  1.30  0.79  0.55  0.25  0.23
 DEW PT  21.73 21.44 26.19 36.53 45.91 55.91 59.91 59.28 53.19 42.66 32.66 22.66
Time Pk  0.731 0.808 0.834 0.873 0.880 0.888 0.904 0.911 0.918 0.937 0.961 1.000
% N       3.75  4.16  5.05  5.48  6.55  5.63  6.12  6.70  5.22  4.86  2.82  2.56
MEAN      4.80  4.62  4.58  4.53  4.32  4.09  3.88  3.90  4.12  4.41  4.44  5.01
STD DEV   1.91  1.87  1.79  1.71  1.62  1.57  1.54  1.47  1.51  1.73  1.87  1.90
SKEW      0.41  0.60  0.63  0.43  0.56  0.69  0.67  0.54  0.57  0.57  0.54  0.42
% NNE     3.09  3.64  4.81  4.60  5.57  4.12  4.73  5.15  4.48  4.11  2.01  2.07
MEAN      4.24  4.49  4.63  4.36  4.21  3.95  3.70  3.75  3.97  4.07  4.31  4.47
STD DEV   1.73  1.78  1.77  1.65  1.59  1.54  1.42  1.42  1.63  1.49  1.74  1.97
SKEW      0.39  0.55  0.51  0.61  0.47  0.58  0.73  0.71  0.71  0.51  0.63  0.65
% NE      3.18  4.41  5.57  4.78  6.09  4.09  5.15  5.62  4.90  4.40  2.25  2.24
MEAN      4.03  4.15  4.28  4.18  3.91  3.68  3.49  3.45  3.56  3.68  3.86  4.02
STD DEV   1.83  1.66  1.70  1.73  1.53  1.52  1.35  1.31  1.45  1.37  1.63  1.74
SKEW      1.02  0.44  0.72  0.68  0.53  0.81  0.68  0.58  0.78  0.43  0.71  0.64
% ENE     2.79  3.17  3.91  3.34  3.30  2.65  3.20  3.31  3.44  3.03  1.91  2.26
MEAN      4.16  3.97  4.26  4.11  3.71  3.48  3.35  3.33  3.41  3.53  3.93  4.11
STD DEV   1.60  1.56  1.68  1.63  1.42  1.30  1.23  1.26  1.32  1.34  1.59  1.67
SKEW      0.72  0.61  0.66  0.80  0.40  0.51  0.60  0.59  0.60  0.54  0.52  0.63
% E       2.61  3.32  3.95  3.65  3.56  3.05  3.25  3.82  4.08  3.85  2.62  2.91
MEAN      3.75  3.76  4.16  4.02  3.47  3.33  3.06  2.97  3.15  3.28  3.72  3.90
STD DEV   1.44  1.49  1.70  1.63  1.28  1.25  1.15  1.08  1.11  1.35  1.50  1.46
SKEW      0.66  0.59  0.61  0.64  0.61  0.48  0.72  0.60  0.63  0.83  0.79  0.57
% ESE     2.85  3.75  4.17  4.24  3.39  3.34  2.72  3.02  4.11  4.15  3.46  3.55
MEAN      4.32  4.45  4.77  4.88  3.95  3.40  3.13  2.96  3.39  3.64  4.28  4.25
STD DEV   1.73  1.86  1.98  1.94  1.63  1.29  1.18  1.13  1.28  1.39  1.75  1.71
SKEW      0.72  0.68  0.68  0.28  0.69  0.61  0.85  0.63  0.82  0.56  0.59  0.77
% SE      4.28  4.82  5.22  4.89  4.98  4.44  3.63  4.06  6.28  6.47  5.36  5.46
MEAN      4.55  5.03  5.05  4.86  4.20  3.58  3.20  3.23  3.62  4.09  4.68  4.73
STD DEV   1.98  2.19  2.26  2.11  1.75  1.45  1.31  1.29  1.47  1.76  2.04  2.26
SKEW      0.70  0.61  0.69  0.44  0.66  0.64  0.75  0.87  0.84  0.68  0.57  1.02
% SSE     4.77  4.83  5.01  5.13  5.07  5.16  4.35  4.71  6.44  6.88  6.77  6.30
MEAN      5.00  5.22  5.21  4.97  4.42  3.83  3.52  3.51  4.04  4.47  5.03  5.12
STD DEV   1.91  2.16  2.02  1.97  1.87  1.47  1.35  1.43  1.56  1.80  1.91  2.08
SKEW      0.29  0.47  0.41  0.46  0.63  0.67  0.41  0.69  0.54  0.67  0.50  0.60
% S       7.81  6.89  6.09  6.61  7.31 10.02  9.56 10.19 10.86 11.18 10.13  8.85
MEAN      5.01  4.95  5.07  4.70  4.18  3.85  3.52  3.44  4.03  4.18  4.88  4.96
STD DEV   1.98  1.93  2.06  1.96  1.81  1.52  1.31  1.38  1.51  1.55  1.86  1.88
SKEW      0.48  0.35  0.54  0.50  0.79  0.62  0.67  0.87  0.71  0.56  0.60  0.33
% SSW     9.96  7.39  5.60  6.90  7.34 10.24  9.60  8.66  9.58  9.79 11.53 11.02
MEAN      5.36  5.29  5.39  5.11  4.64  4.25  3.95  3.88  4.31  4.80  5.22  5.34
STD DEV   2.06  2.08  2.32  2.21  1.82  1.66  1.51  1.53  1.63  1.84  1.91  1.92
SKEW      0.33  0.44  0.53  0.51  0.54  0.56  0.74  0.77  0.46  0.42  0.41  0.17
% SW     11.81  8.89  7.48  9.12  8.38 10.41 10.56  9.07  8.84  9.85 13.22 12.98
MEAN      5.55  5.27  5.53  5.34  4.72  4.39  4.12  3.90  4.34  4.97  5.60  5.61
STD DEV   2.31  2.16  2.44  2.38  1.93  1.75  1.69  1.60  1.87  2.00  2.18  2.14
SKEW      0.50  0.47  0.64  0.79  0.56  0.51  0.69  0.70  0.66  0.35  0.33  0.45
% WSW    12.60 11.27 10.98 10.55  9.10  9.20  9.29  7.39  6.59  7.31 12.37 13.25
MEAN      6.09  5.94  6.24  5.81  5.35  4.70  4.31  4.10  4.54  5.03  6.09  6.11
STD DEV   2.50  2.38  2.63  2.42  2.25  1.92  1.76  1.66  1.97  1.99  2.34  2.25
SKEW      0.57  0.41  0.54  0.52  0.45  0.47  0.54  0.73  0.57  0.43  0.41  0.35
% W      11.46 11.32 10.30  8.62  7.27  6.74  6.38  6.24  6.01  6.24  9.76 10.41
MEAN      6.16  6.09  6.03  5.76  5.00  4.42  4.31  4.13  4.60  5.02  6.00  6.17
STD DEV   2.41  2.50  2.46  2.36  2.26  1.97  1.78  1.73  2.06  2.26  2.34  2.26
SKEW      0.32  0.38  0.39  0.46  0.56  0.56  0.48  0.59  0.62  0.52  0.37  0.34
% WNW     7.57  8.57  8.21  7.24  6.06  5.48  5.24  5.36  5.09  4.74  5.87  6.86
MEAN      5.95  5.96  5.97  5.73  4.79  4.48  4.20  4.11  4.51  4.98  5.84  5.85
STD DEV   2.33  2.43  2.36  2.28  2.02  1.95  1.78  1.72  1.87  2.04  2.16  2.23
SKEW      0.41  0.29  0.33  0.40  0.52  0.57  0.66  0.66  0.48  0.44  0.08  0.36
% NW      5.12  6.00  6.63  6.32  6.03  5.18  5.30  5.28  4.95  4.58  3.98  4.02
MEAN      5.59  5.29  5.57  5.52  4.67  4.40  4.24  4.26  4.46  4.99  5.35  5.81
STD DEV   2.28  2.19  2.15  2.21  1.92  1.83  1.67  1.70  1.82  2.10  2.18  2.27
SKEW      0.26  0.37  0.21  0.35  0.56  0.63  0.54  0.59  0.49  0.42  0.31  0.27
% NNW     3.68  4.41  4.29  5.33  5.58  5.08  4.44  4.95  4.13  4.34  3.25  3.13
MEAN      5.27  4.93  5.18  5.06  4.64  4.52  4.31  4.25  4.40  5.03  5.09  5.56
STD DEV   2.07  1.98  2.06  1.93  1.81  1.76  1.65  1.57  1.69  1.99  2.12  2.24
SKEW      0.25  0.65  0.52  0.43  0.48  0.61  0.53  0.53  0.40  0.35  0.47  0.35
CALM      2.62  3.19  2.81  3.22  4.39  5.13  6.48  6.54  5.01  4.24  2.65  2.07
YOUNGSTOWN    OH    0.581  ERIE          PA    0.261  PITTSBURGH/GR PA    0.158
 LEWISTOWN PA                            364992 0
 LATT=  40.58 LONG= -77.58 YEARS= 44. TYPE= 3
 ELEVATION =  480. TP5 = 2.64 TP6= 4.98
 MEAN P   0.25  0.26  0.29  0.26  0.32  0.36  0.37  0.35  0.33  0.34  0.33  0.29
 S DEV P  0.30  0.32  0.36  0.29  0.41  0.46  0.46  0.44  0.42  0.48  0.44  0.34
 SQEW  P  2.54  2.81  2.58  1.94  2.89  2.67  2.10  2.02  2.52  2.62  2.81  1.64
 P(W/W)   0.38  0.42  0.47  0.54  0.53  0.47  0.44  0.42  0.48  0.46  0.47  0.41
 P(W/D)   0.26  0.27  0.27  0.29  0.32  0.29  0.28  0.24  0.22  0.22  0.27  0.26
 TMAX AV 36.83 39.82 49.42 62.30 73.28 81.45 85.64 84.05 76.69 65.66 52.51 39.92
 TMIN AV 19.50 20.91 28.26 38.06 47.27 55.95 60.85 59.44 52.30 41.04 32.65 23.78
 SD TMAX 10.11 10.26 11.31 11.85  9.90  7.70  6.09  6.03  8.66  9.47  9.94  9.42
 SD TMIN 10.03  9.82  8.47  8.27  7.95  7.00  6.06  6.52  8.71  8.67  8.65  9.31
 SOL.RAD  158.  246.  329.  379.  519.  521.  530.  449.  348.  287.  188.  152.
 SD SOL   40.1  43.5  62.2  93.0  81.3  94.5  84.2 163.7  87.2  41.7  37.0  33.2
 MX .5 P  0.33  0.36  0.55  0.72  1.17  0.87  1.32  1.34  1.41  0.84  0.36  0.25
 DEW PT  23.30 22.94 27.94 37.89 48.89 58.53 62.53 62.24 55.18 44.53 33.24 24.30
Time Pk  0.709 0.797 0.833 0.865 0.877 0.884 0.893 0.906 0.918 0.934 0.954 1.000
% N       1.90  1.76  2.00  2.79  2.41  2.33  2.14  2.65  2.17  2.59  1.24  1.26
MEAN      3.33  3.36  3.93  4.15  3.32  3.28  2.92  3.20  2.99  3.23  3.26  3.38
STD DEV   1.49  1.44  1.80  1.67  1.44  1.37  1.22  1.36  1.16  1.48  1.51  1.36
SKEW      0.47  0.20  0.48  0.31  0.37  0.50  0.53  0.37  0.32  0.63  0.53  0.57
% NNE     1.74  1.39  1.69  2.61  2.31  1.74  1.77  2.56  1.76  2.26  1.51  1.12
MEAN      3.57  3.24  3.72  3.82  3.48  3.08  3.09  3.25  3.12  3.34  3.28  3.05
STD DEV   1.39  1.21  1.56  1.51  1.38  1.28  1.35  1.43  1.30  1.39  1.38  1.34
SKEW      0.41  0.11  0.53  0.27  0.36  0.50  0.66  0.56  0.39  0.66  0.55  0.35
% NE      1.79  1.66  1.86  2.53  2.95  1.84  2.39  3.04  2.42  2.87  1.31  1.81
MEAN      2.67  2.79  3.09  3.21  3.04  2.85  2.60  2.88  2.78  2.79  2.85  2.69
STD DEV   1.12  1.22  1.35  1.38  1.28  1.21  1.10  1.30  1.20  1.22  1.36  1.22
SKEW      0.40  0.47  0.46  0.44  0.42  0.60  0.48  0.55  0.61  0.54  0.87  0.83
% ENE     2.06  2.13  2.87  3.15  3.31  2.45  2.59  2.66  2.43  2.93  1.34  2.28
MEAN      2.95  3.14  3.67  3.54  3.21  2.82  2.82  2.69  2.69  2.96  2.85  3.04
STD DEV   1.44  1.29  1.74  1.42  1.33  1.21  1.18  1.18  1.11  1.30  1.21  1.28
SKEW      0.50  0.42  1.25  0.47  0.49  0.58  0.58  0.81  0.57  0.50  0.50  0.37
% E       3.14  3.84  4.41  4.27  4.62  3.59  2.66  3.20  3.64  4.06  2.96  3.30
MEAN      2.94  3.28  3.72  3.59  3.16  3.04  2.85  2.57  2.80  2.95  3.27  3.23
STD DEV   1.26  1.45  1.66  1.55  1.36  1.21  1.22  1.01  1.20  1.38  1.71  1.42
SKEW      0.80  0.46  0.63  0.57  0.46  0.32  0.67  0.50  0.59  1.12  1.97  0.61
% ESE     4.89  5.82  6.32  5.90  5.58  4.77  3.02  4.08  4.59  4.93  4.53  4.59
MEAN      3.39  3.54  4.13  4.07  3.58  3.65  2.98  3.05  3.14  3.24  3.84  3.83
STD DEV   1.38  1.43  1.74  1.64  1.37  1.62  1.15  1.21  1.29  1.34  1.82  1.98
SKEW      0.45  0.38  0.61  0.57  0.31  0.84  0.36  0.28  0.63  0.57  0.72  1.21
% SE      3.96  5.56  5.19  5.04  5.30  4.70  3.46  4.09  4.81  4.53  5.03  4.29
MEAN      3.55  3.99  4.58  4.13  3.70  3.46  3.11  3.16  3.37  3.29  3.92  3.70
STD DEV   1.69  1.91  2.01  1.74  1.63  1.48  1.26  1.33  1.51  1.50  1.88  1.75
SKEW      0.78  0.91  0.44  0.31  0.66  0.47  0.36  0.51  0.81  0.60  0.71  0.77
% SSE     6.27  7.60  6.97  6.92  6.73  6.75  4.67  5.37  6.69  6.58  6.66  5.53
MEAN      4.26  4.43  5.05  4.98  4.31  4.00  3.44  3.42  3.86  3.78  4.50  4.00
STD DEV   1.96  2.09  2.16  1.93  1.85  1.71  1.41  1.53  1.62  1.55  2.10  1.77
SKEW      0.68  0.86  0.46  0.30  0.56  0.57  0.51  0.68  0.39  0.54  0.63  0.62
% S       4.11  3.90  3.56  4.26  4.44  4.97  4.32  4.82  4.98  4.15  3.73  4.23
MEAN      3.70  4.03  4.77  4.78  3.92  3.59  3.41  3.24  3.42  3.44  3.81  3.48
STD DEV   1.71  2.03  2.31  2.05  1.78  1.61  1.53  1.42  1.53  1.54  1.97  1.67
SKEW      0.75  0.84  0.70  0.42  0.57  0.58  0.49  0.48  0.52  0.47  1.06  0.98
% SSW     5.02  3.21  2.76  3.74  3.80  5.18  5.15  4.21  4.46  4.10  4.35  3.93
MEAN      4.17  4.29  4.82  4.89  3.92  3.64  3.48  3.39  3.51  3.67  4.07  3.87
STD DEV   1.86  2.09  2.28  2.07  1.69  1.57  1.52  1.52  1.53  1.78  1.83  1.74
SKEW      0.57  0.71  0.29  0.34  0.50  0.50  0.40  0.49  0.38  0.68  0.59  0.67
% SW      4.35  3.68  3.15  4.10  4.54  5.64  6.71  5.36  5.69  4.93  5.80  5.71
MEAN      3.79  3.80  4.22  4.14  3.53  3.44  3.22  3.04  3.38  3.55  3.77  4.00
STD DEV   1.96  1.87  2.05  2.06  1.72  1.59  1.43  1.41  1.52  1.82  1.83  1.83
SKEW      1.01  0.76  0.45  0.69  0.75  0.57  0.61  0.74  0.66  0.72  0.88  0.65
% WSW     7.69  7.26  8.09  8.13  8.21  9.04 10.02  7.10  7.11  7.84 11.59 10.44
MEAN      4.97  5.17  5.77  5.31  4.66  4.09  3.85  3.33  3.96  4.45  4.84  4.96
STD DEV   2.30  2.33  2.47  2.13  2.07  1.77  1.69  1.45  1.74  1.93  2.10  1.89
SKEW      0.78  0.55  0.39  0.29  0.47  0.57  0.60  0.56  0.71  0.46  0.55  0.33
% W      11.62 10.33 10.53 10.80  9.36  9.46  9.84  8.27  8.53  9.21 13.49 13.51
MEAN      5.34  5.51  6.09  5.33  4.49  4.13  3.64  3.37  3.84  4.28  5.17  5.24
STD DEV   2.61  2.72  2.67  2.38  2.18  1.88  1.64  1.58  1.84  2.08  2.36  2.25
SKEW      0.72  0.58  0.30  0.47  0.65  0.54  0.68  0.67  0.66  0.55  0.56  0.45
% WNW    20.51 21.06 20.61 15.25 12.51 11.52 10.02  8.72  9.22 10.54 15.21 18.26
MEAN      6.52  6.62  6.80  6.23  5.30  4.62  4.06  3.90  4.32  4.84  5.79  6.00
STD DEV   2.70  2.75  2.72  2.55  2.30  1.98  1.80  1.61  1.90  2.21  2.40  2.36
SKEW      0.54  0.34  0.39  0.44  0.37  0.44  0.50  0.37  0.50  0.59  0.55  0.28
% NW      7.18  7.62  8.00  8.01  6.29  6.16  5.99  5.75  5.38  5.40  5.29  5.82
MEAN      5.04  5.38  5.66  5.21  4.54  4.02  3.48  3.40  3.62  4.17  4.47  4.88
STD DEV   2.44  2.58  2.56  2.42  2.09  1.85  1.58  1.48  1.74  2.04  2.08  2.34
SKEW      0.70  0.56  0.56  0.51  0.60  0.51  0.61  0.44  0.88  0.63  0.38  0.52
% NNW     3.74  3.94  4.66  4.57  4.36  3.76  3.44  3.59  3.36  3.87  2.60  2.73
MEAN      4.25  4.60  4.66  4.46  4.19  3.78  3.31  3.52  3.71  3.93  4.36  4.44
STD DEV   1.84  2.24  1.97  1.96  1.82  1.60  1.42  1.44  1.69  1.75  2.07  2.06
SKEW      0.54  0.77  0.26  0.39  0.45  0.56  0.48  0.38  0.53  0.53  0.58  0.69
CALM     10.04  9.25  7.32  7.85 13.30 16.05 21.76 24.56 22.71 19.25 13.23 11.17
PHILIPSBURG   PA    0.405  HARRISBURG    PA    0.304  ALTOONA/BLAIR PA    0.292
 LOCK  HAVEN 2 PA                        365109 0
 LATT=  41.13 LONG= -77.45 YEARS= 24. TYPE= 3
 ELEVATION =  630. TP5 = 2.38 TP6= 4.77
 MEAN P   0.25  0.28  0.29  0.27  0.33  0.44  0.44  0.43  0.35  0.31  0.31  0.29
 S DEV P  0.27  0.31  0.32  0.29  0.36  0.54  0.46  0.47  0.42  0.39  0.44  0.32
 SQEW  P  1.86  2.66  2.32  2.17  1.80  2.98  1.78  2.04  3.39  1.95  4.32  1.85
 P(W/W)   0.36  0.44  0.43  0.53  0.50  0.45  0.44  0.39  0.45  0.45  0.45  0.36
 P(W/D)   0.25  0.21  0.24  0.21  0.27  0.29  0.24  0.23  0.25  0.22  0.24  0.28
 TMAX AV 33.11 39.07 49.22 61.65 73.48 80.99 84.76 82.40 74.56 62.77 50.78 38.89
 TMIN AV 16.38 19.91 25.41 35.96 45.59 53.15 58.79 56.54 50.56 38.71 30.62 22.70
 SD TMAX  9.75  9.38 12.04 11.75  9.94  7.50  6.99  6.55  8.46  9.51  9.91 10.11
 SD TMIN 10.56  9.85  9.79  7.61  8.29  7.12  6.14  6.81  8.37  8.49  8.10 10.15
 SOL.RAD  148.  225.  316.  365.  494.  535.  524.  457.  343.  280.  175.  138.
 SD SOL   44.2  51.8  69.2 102.8  95.2  96.9  92.1 189.2  92.9  45.2  41.4  38.1
 MX .5 P  0.28  0.36  0.57  0.61  0.79  0.91  1.16  1.24  1.26  0.72  0.35  0.38
 DEW PT  23.26 22.89 27.89 37.78 48.78 58.41 62.41 62.15 55.04 44.41 33.15 24.26
Time Pk  0.731 0.806 0.838 0.883 0.892 0.897 0.904 0.914 0.924 0.944 0.966 1.000
% N       2.66  2.75  3.17  3.87  4.07  4.23  3.98  4.48  4.27  3.90  2.23  2.08
MEAN      3.38  3.56  3.76  3.80  3.45  3.06  2.76  2.89  2.79  2.98  3.00  3.15
STD DEV   1.54  1.52  1.74  1.63  1.52  1.34  1.18  1.19  1.20  1.33  1.34  1.33
SKEW      0.91  0.52  0.75  0.61  0.64  0.96  0.89  0.83  1.01  0.92  1.00  1.20
% NNE     1.54  1.69  2.08  2.31  2.79  2.38  2.02  2.66  2.05  2.33  1.45  1.12
MEAN      3.31  3.20  3.28  3.62  3.47  3.14  2.89  3.04  2.91  3.18  3.13  2.79
STD DEV   1.40  1.37  1.48  1.61  1.48  1.34  1.27  1.36  1.27  1.44  1.31  1.21
SKEW      0.61  0.68  0.76  0.47  0.57  0.64  0.84  0.74  0.74  0.88  0.68  0.60
% NE      1.84  1.61  2.27  2.34  2.63  2.16  2.17  2.64  2.56  2.73  1.74  1.83
MEAN      2.98  2.95  3.05  2.96  2.90  2.76  2.49  2.79  2.77  2.84  2.88  3.03
STD DEV   1.40  1.39  1.34  1.32  1.32  1.20  1.01  1.26  1.23  1.27  1.36  1.45
SKEW      0.78  0.89  0.76  0.68  0.85  0.77  0.70  0.94  0.79  0.84  1.05  0.91
% ENE     3.11  3.15  3.54  3.11  3.34  2.58  2.22  2.50  2.65  2.93  2.61  3.24
MEAN      3.76  3.61  3.88  3.76  3.49  3.09  2.87  3.02  3.11  3.37  3.62  3.82
STD DEV   1.64  1.49  1.68  1.53  1.42  1.32  1.22  1.20  1.23  1.41  1.54  1.48
SKEW      0.44  0.40  0.86  0.35  0.58  0.70  0.58  0.58  0.39  0.62  0.64  0.30
% E       4.82  4.73  5.05  4.53  4.71  3.86  2.76  3.17  3.59  3.76  4.32  5.03
MEAN      3.64  3.61  4.01  3.87  3.44  3.18  3.02  2.82  3.15  3.41  3.78  3.74
STD DEV   1.56  1.41  1.59  1.66  1.42  1.33  1.25  1.13  1.32  1.48  1.79  1.50
SKEW      0.48  0.23  0.52  0.54  0.48  0.68  0.62  0.71  0.64  0.78  1.60  0.40
% ESE     4.48  5.15  5.65  5.24  4.88  4.10  2.82  3.18  3.96  4.12  4.17  4.53
MEAN      3.90  4.02  4.50  4.23  3.80  3.57  3.07  3.17  3.39  3.52  4.19  3.98
STD DEV   1.76  1.69  1.93  1.69  1.62  1.60  1.26  1.23  1.40  1.50  2.14  1.97
SKEW      0.72  0.62  0.71  0.41  0.61  1.08  0.77  0.73  0.66  0.64  1.53  1.15
% SE      4.30  5.67  5.68  5.45  5.86  4.72  3.62  3.86  5.00  5.32  5.44  5.11
MEAN      3.91  4.29  4.52  4.38  3.84  3.64  3.08  3.09  3.45  3.43  4.13  3.89
STD DEV   1.89  2.16  2.03  1.91  1.70  1.67  1.30  1.26  1.53  1.55  2.03  2.01
SKEW      0.85  0.96  0.50  0.40  0.59  0.76  0.65  0.72  0.97  0.86  0.83  1.02
% SSE     5.86  6.89  6.52  7.30  7.36  5.66  4.25  4.98  6.54  6.40  6.84  5.64
MEAN      4.73  4.81  5.23  5.39  4.76  4.32  3.81  3.85  4.21  4.12  4.97  4.67
STD DEV   2.35  2.29  2.32  2.08  1.98  1.77  1.72  1.63  1.83  1.82  2.40  2.35
SKEW      0.71  0.66  0.58  0.34  0.48  0.48  0.64  0.47  0.45  0.58  0.62  0.75
% S       3.04  2.93  2.96  3.96  4.85  5.39  4.44  4.57  4.91  4.05  3.21  3.65
MEAN      4.05  4.19  5.03  5.38  4.56  4.11  3.80  3.69  3.84  3.87  4.33  3.98
STD DEV   2.24  2.15  2.61  2.40  2.06  1.78  1.82  1.59  1.74  1.83  2.31  2.09
SKEW      0.99  0.81  0.75  0.39  0.53  0.49  0.72  0.48  0.58  0.55  0.98  1.03
% SSW     3.04  2.26  2.15  2.27  2.60  3.65  3.32  3.26  3.58  2.75  2.72  2.77
MEAN      3.73  3.84  4.14  4.35  4.09  3.71  3.55  3.45  3.56  3.54  4.05  3.51
STD DEV   1.67  1.91  1.98  1.89  1.81  1.53  1.63  1.50  1.60  1.73  1.89  1.58
SKEW      0.69  0.93  0.62  0.45  0.59  0.58  0.67  0.63  0.56  0.85  0.79  0.85
% SW      3.85  3.36  2.96  3.34  3.91  4.92  5.67  4.92  4.62  4.04  4.62  5.23
MEAN      3.84  3.90  4.26  4.07  3.78  3.47  3.34  3.19  3.36  3.44  3.73  3.92
STD DEV   1.94  1.91  2.03  2.06  1.82  1.50  1.39  1.41  1.37  1.63  1.80  1.91
SKEW      1.07  0.90  0.61  0.74  0.71  0.77  0.67  0.95  0.69  0.95  0.92  0.97
% WSW     8.92  7.25  7.66  7.43  7.65  8.36  9.17  7.12  6.50  7.48 10.81 10.17
MEAN      5.36  5.34  5.63  5.24  4.86  4.40  3.99  3.76  4.14  4.50  5.25  5.18
STD DEV   2.39  2.26  2.38  2.18  1.99  1.80  1.65  1.52  1.78  1.98  2.16  1.98
SKEW      0.54  0.43  0.38  0.30  0.28  0.49  0.60  0.47  0.74  0.55  0.29  0.18
% W      14.62 13.01 12.31 11.82  9.96  9.83 10.08  9.02  9.25 10.32 14.68 15.62
MEAN      5.46  5.45  5.72  5.23  4.54  4.20  3.85  3.66  3.97  4.37  5.18  5.30
STD DEV   2.34  2.25  2.34  2.25  2.04  1.78  1.58  1.55  1.73  1.90  2.15  2.10
SKEW      0.58  0.39  0.42  0.57  0.70  0.56  0.63  0.58  0.69  0.49  0.39  0.41
% WNW    16.92 17.00 15.71 13.20  9.58  9.26  9.09  7.98  8.23  9.40 12.18 13.92
MEAN      5.87  6.06  5.85  5.49  4.90  4.23  3.91  3.65  3.94  4.44  5.32  5.51
STD DEV   2.38  2.51  2.34  2.29  2.16  1.80  1.70  1.49  1.74  2.01  2.14  2.20
SKEW      0.54  0.43  0.42  0.52  0.57  0.59  0.62  0.54  0.64  0.55  0.40  0.34
% NW      6.63  7.89  8.17  8.28  6.64  6.59  6.76  6.41  5.73  6.55  6.19  5.72
MEAN      4.78  5.20  5.10  4.69  4.06  3.71  3.18  3.09  3.15  3.79  4.38  4.79
STD DEV   2.22  2.38  2.30  2.23  1.94  1.76  1.49  1.39  1.52  1.84  1.90  2.19
SKEW      0.49  0.53  0.36  0.58  0.80  0.82  0.97  0.95  1.42  0.79  0.37  0.64
% NNW     3.87  4.22  4.99  5.20  5.17  4.65  4.70  4.67  4.11  4.55  3.01  2.88
MEAN      4.22  4.57  4.51  4.36  4.11  3.52  3.19  3.22  3.38  3.54  4.04  4.17
STD DEV   1.88  2.19  1.96  1.95  1.92  1.59  1.47  1.40  1.57  1.62  1.90  1.89
SKEW      0.54  0.68  0.32  0.52  0.67  0.88  0.94  0.87  0.93  0.66  0.72  0.89
CALM     10.54 10.42  9.06 10.30 13.91 17.64 23.00 24.57 22.50 19.37 13.64 11.40
WILLIAMSPORT  PA    0.461  PHILIPSBURG   PA    0.365  BRADFORD/REG  PA    0.174
 PITTSBURGH WB AP 2 PA                   366993 0
 LATT=  40.50 LONG= -80.22 YEARS= 40. TYPE= 3
 ELEVATION = 1150. TP5 = 2.02 TP6= 3.85
 MEAN P   0.16  0.17  0.21  0.23  0.29  0.32  0.36  0.34  0.30  0.23  0.20  0.17
 S DEV P  0.21  0.24  0.28  0.27  0.36  0.39  0.42  0.44  0.37  0.33  0.26  0.25
 SQEW  P  2.50  3.42  2.29  1.98  2.20  2.26  2.25  2.28  2.08  3.95  2.52  3.86
 P(W/W)   0.59  0.60  0.57  0.55  0.54  0.48  0.40  0.40  0.46  0.47  0.55  0.60
 P(W/D)   0.43  0.38  0.41  0.35  0.30  0.31  0.30  0.26  0.24  0.27  0.34  0.45
 TMAX AV 34.21 37.71 48.40 60.79 70.86 78.90 82.63 81.11 74.61 62.74 50.47 38.74
 TMIN AV 19.26 21.26 29.44 39.48 48.84 57.09 61.81 60.51 53.57 42.54 33.99 24.59
 SD TMAX 12.20 12.20 13.08 12.19  9.79  7.49  5.93  6.02  8.48 10.19 11.58 11.99
 SD TMIN 11.70 11.68 10.16  9.77  8.69  7.13  5.84  6.14  8.40  8.75  9.53 10.94
 SOL.RAD   94.  169.  216.  317.  429.  491.  497.  409.  339.  207.  118.   77.
 SD SOL   62.7  71.1 103.2 119.0 116.6 110.9 100.2 210.4  94.1  69.8  61.2  58.9
 MX .5 P  0.35  0.22  0.42  0.38  0.67  0.79  1.42  1.48  0.80  0.83  0.25  0.24
 DEW PT  22.50 22.24 27.26 36.99 46.75 56.50 60.25 59.51 53.51 42.52 32.52 23.27
Time Pk  0.711 0.791 0.826 0.867 0.875 0.881 0.891 0.903 0.914 0.931 0.963 1.000
% N       2.73  4.03  4.67  6.01  6.37  5.46  5.61  6.10  5.77  5.59  2.81  2.41
MEAN      4.36  4.39  4.72  4.64  4.41  4.23  3.99  3.84  4.02  4.14  4.33  4.44
STD DEV   1.64  1.54  1.81  1.57  1.55  1.49  1.40  1.36  1.56  1.53  1.63  1.61
SKEW      0.60  0.43  0.64  0.37  0.39  0.68  0.60  0.66  0.74  0.71  0.54  0.43
% NNE     2.05  2.87  3.52  3.06  3.77  3.79  4.22  4.37  5.04  3.36  1.91  1.62
MEAN      3.83  3.84  4.07  4.04  3.55  3.73  3.35  3.33  3.65  3.32  3.64  3.76
STD DEV   1.48  1.42  1.55  1.46  1.14  1.32  1.14  1.14  1.35  1.10  1.35  1.57
SKEW      0.90  0.64  1.03  0.53  0.51  0.71  0.72  0.65  0.89  0.57  0.62  1.23
% NE      2.28  2.92  3.66  2.49  3.14  2.87  3.74  3.59  4.36  3.13  1.89  2.35
MEAN      3.70  3.79  3.87  3.80  3.54  3.36  3.16  3.15  3.31  3.32  3.36  3.60
STD DEV   1.40  1.37  1.41  1.38  1.28  1.14  0.97  0.97  1.12  1.15  1.17  1.42
SKEW      0.72  0.63  0.63  0.89  0.94  0.49  0.59  0.63  0.65  0.98  0.99  1.23
% ENE     4.02  4.34  5.27  4.01  3.69  3.72  3.28  3.69  5.18  3.97  3.37  3.38
MEAN      4.02  4.07  4.20  4.14  3.79  3.75  3.36  3.38  3.44  3.56  3.69  4.01
STD DEV   1.64  1.43  1.50  1.52  1.27  1.28  1.07  1.11  1.19  1.26  1.43  1.37
SKEW      1.14  0.54  0.57  0.49  0.46  0.46  0.82  0.47  0.70  0.91  1.65  0.53
% E       3.99  5.05  6.04  4.78  4.19  3.69  3.34  3.87  5.33  5.03  4.68  4.02
MEAN      3.60  4.06  3.99  4.20  3.74  3.52  3.30  3.27  3.14  3.41  3.50  3.61
STD DEV   1.38  1.38  1.50  1.62  1.45  1.24  1.14  1.16  1.13  1.09  1.18  1.31
SKEW      0.64  0.39  0.49  0.88  0.99  0.71  0.70  0.95  0.96  0.45  0.63  0.94
% ESE     3.37  4.27  5.58  5.11  4.81  3.57  3.12  3.08  4.73  5.72  4.89  4.77
MEAN      3.75  4.24  4.78  4.51  4.07  3.31  3.10  3.16  3.35  3.68  3.77  4.00
STD DEV   1.41  1.59  1.89  1.74  1.54  1.20  0.98  1.12  1.25  1.44  1.44  1.55
SKEW      0.72  0.84  0.37  0.44  0.71  0.83  0.58  1.10  0.72  0.85  0.74  0.65
% SE      4.02  4.08  4.12  4.34  4.82  4.21  3.38  3.35  5.31  5.11  5.29  4.85
MEAN      3.73  3.85  4.37  4.30  3.89  3.29  2.96  3.09  3.36  3.55  3.94  3.53
STD DEV   1.44  1.42  1.79  1.75  1.43  1.13  0.97  1.09  1.17  1.50  1.61  1.22
SKEW      1.03  0.62  0.90  0.91  0.91  0.81  0.86  1.22  0.83  0.94  0.79  0.83
% SSE     3.48  3.39  2.94  3.71  3.73  3.49  3.25  3.18  4.08  3.63  4.09  4.31
MEAN      3.79  3.96  3.97  3.90  3.85  3.31  3.12  3.19  3.64  3.37  3.79  3.70
STD DEV   1.42  1.57  1.60  1.47  1.49  1.16  1.15  1.21  1.40  1.33  1.40  1.15
SKEW      0.74  0.89  0.81  0.70  0.79  0.79  1.07  1.18  0.83  1.02  0.86  0.42
% S       4.38  4.17  3.66  4.44  4.86  5.82  5.09  4.94  5.64  4.71  5.71  5.54
MEAN      3.87  3.95  4.15  4.16  3.88  3.60  3.34  3.39  3.69  3.68  4.09  3.93
STD DEV   1.40  1.42  1.78  1.67  1.57  1.41  1.24  1.31  1.41  1.42  1.59  1.52
SKEW      0.76  0.59  0.90  0.67  0.87  1.02  0.88  1.15  0.90  0.88  1.00  0.82
% SSW     5.43  4.72  3.82  5.11  5.50  7.44  5.86  5.62  5.53  5.35  6.13  6.44
MEAN      4.78  5.14  5.33  5.22  4.49  4.14  3.91  3.90  4.04  4.62  4.87  4.98
STD DEV   1.86  2.05  2.40  2.14  1.70  1.59  1.53  1.50  1.66  1.88  1.92  1.87
SKEW      0.50  0.37  0.63  0.33  0.43  0.56  0.77  0.73  0.80  0.48  0.55  0.39
% SW     10.37  8.08  6.96  7.77  7.98 10.14 10.00  9.18  8.01  9.04 10.19 10.25
MEAN      5.62  5.44  5.86  5.79  5.10  4.50  4.28  4.34  4.51  5.24  5.47  5.52
STD DEV   2.21  2.27  2.48  2.38  2.02  1.72  1.58  1.68  1.92  2.00  2.03  1.93
SKEW      0.27  0.39  0.54  0.33  0.54  0.49  0.66  0.63  0.62  0.39  0.32  0.30
% WSW    18.03 13.98 14.54 13.14 12.78 12.78 13.15 11.32  9.42 10.94 16.33 19.19
MEAN      6.01  5.84  6.38  5.99  5.30  4.62  4.46  4.17  4.73  4.99  5.68  6.14
STD DEV   2.52  2.36  2.66  2.45  2.17  1.75  1.65  1.58  1.94  1.95  2.19  2.24
SKEW      0.56  0.56  0.58  0.55  0.65  0.53  0.60  0.67  0.49  0.56  0.48  0.56
% W      13.84 13.33 10.76  8.88  7.50  7.11  7.56  7.56  6.49  8.32 11.87 11.46
MEAN      6.02  6.10  6.05  5.96  4.99  4.43  4.20  4.01  4.33  4.78  5.63  5.85
STD DEV   2.54  2.52  2.59  2.62  2.22  1.87  1.71  1.58  1.86  2.16  2.33  2.32
SKEW      0.56  0.45  0.60  0.61  0.79  0.64  0.62  0.72  0.79  0.77  0.48  0.57
% WNW     8.58  9.59  8.83  8.60  7.32  5.97  6.18  6.42  5.52  6.14  7.70  7.16
MEAN      5.91  6.04  5.95  5.99  5.08  4.34  4.17  4.11  4.17  4.93  5.87  5.92
STD DEV   2.36  2.43  2.33  2.38  2.16  1.83  1.75  1.73  1.78  2.14  2.29  2.28
SKEW      0.24  0.31  0.31  0.40  0.50  0.74  0.80  0.92  0.75  0.62  0.17  0.30
% NW      5.47  6.65  7.35  7.69  7.07  5.72  5.88  6.12  5.25  5.73  4.68  4.82
MEAN      5.27  5.57  5.62  5.65  4.88  4.47  4.08  4.15  4.18  4.67  5.14  5.62
STD DEV   2.06  2.28  2.36  2.25  1.96  1.86  1.59  1.61  1.75  1.99  2.20  2.20
SKEW      0.58  0.40  0.49  0.52  0.60  0.71  0.92  0.61  0.89  0.63  0.57  0.31
% NNW     3.24  4.09  4.41  5.61  5.76  5.13  4.77  4.98  3.72  5.07  3.07  2.63
MEAN      5.02  5.28  5.12  4.89  4.84  4.57  4.30  4.06  4.35  4.59  4.81  5.29
STD DEV   1.72  2.00  1.93  1.75  1.79  1.78  1.55  1.40  1.69  1.73  1.82  2.06
SKEW      0.07  0.63  0.40  0.54  0.55  0.82  0.73  0.62  0.48  0.39  0.38  0.46
CALM      4.74  4.38  3.86  5.33  6.65  9.14 11.55 12.54 10.72  9.26  5.51  4.73
PITTSBURGH/GR PA    1.000  YOUNGSTOWN    OH    0.000  MORGANTOWN    WV    0.000
 RIDGWAY PA                              367477 0
 LATT=  41.43 LONG= -78.73 YEARS= 66. TYPE= 3
 ELEVATION = 1370. TP5 = 2.03 TP6= 4.04
 MEAN P   0.18  0.18  0.23  0.25  0.30  0.35  0.38  0.34  0.31  0.25  0.23  0.19
 S DEV P  0.24  0.24  0.29  0.28  0.34  0.42  0.47  0.44  0.41  0.33  0.28  0.24
 SQEW  P  2.47  2.81  2.42  2.16  2.31  2.57  2.59  2.45  2.96  3.41  2.47  2.40
 P(W/W)   0.54  0.54  0.53  0.59  0.58  0.50  0.48  0.44  0.51  0.56  0.57  0.58
 P(W/D)   0.41  0.38  0.38  0.36  0.33  0.34  0.31  0.28  0.28  0.29  0.40  0.43
 TMAX AV 33.63 35.70 44.83 57.74 70.00 77.46 81.28 79.85 73.15 62.13 48.27 36.72
 TMIN AV 14.29 13.48 21.38 31.29 40.73 49.61 53.62 52.55 45.92 35.43 28.19 18.70
 SD TMAX 11.53 10.96 12.24 12.77 10.37  7.92  6.47  6.48  8.80 10.84 11.51 10.74
 SD TMIN 13.38 13.67 11.24  9.40  9.41  8.40  7.25  7.56  9.45  9.15  9.95 12.23
 SOL.RAD  120.  194.  273.  323.  472.  523.  523.  444.  320.  252.  142.  109.
 SD SOL   50.4  58.9  80.6 113.6 100.0  98.4  89.9 181.7  97.1  51.4  49.5  44.8
 MX .5 P  0.29  0.28  0.49  0.56  0.74  0.78  1.25  1.39  1.07  0.75  0.31  0.23
 DEW PT  19.10 18.03 23.80 34.05 45.19 54.87 59.19 58.57 52.19 42.32 31.25 19.80
Time Pk  0.716 0.790 0.833 0.864 0.877 0.882 0.892 0.902 0.915 0.930 0.949 1.000
% N       1.73  2.01  2.28  2.85  3.13  2.42  2.36  2.63  2.60  2.82  1.55  1.42
MEAN      3.76  3.64  3.73  3.88  3.52  3.20  2.97  3.09  2.93  3.24  3.32  3.54
STD DEV   1.62  1.40  1.53  1.56  1.45  1.29  1.15  1.17  1.09  1.36  1.36  1.33
SKEW      0.73  0.43  0.35  0.69  0.72  0.56  0.49  0.43  0.76  0.87  0.58  0.72
% NNE     0.97  1.51  1.73  1.95  2.15  1.64  1.32  2.03  1.35  1.69  1.13  0.72
MEAN      3.60  3.49  3.64  3.85  3.54  3.03  2.86  3.14  2.85  3.37  3.49  3.07
STD DEV   1.44  1.38  1.48  1.63  1.34  1.21  1.03  1.22  1.15  1.33  1.14  1.12
SKEW      0.55  0.60  0.54  0.59  0.44  0.58  0.19  0.62  0.65  0.65  0.21  0.37
% NE      2.80  3.43  3.34  3.72  4.50  3.36  3.93  4.94  4.83  5.32  3.00  2.58
MEAN      3.34  3.03  3.41  3.29  3.07  2.84  2.69  2.75  2.80  3.09  2.93  3.26
STD DEV   1.47  1.26  1.26  1.37  1.39  1.09  1.00  1.11  1.09  1.25  1.21  1.36
SKEW      0.65  0.96  0.55  0.75  0.98  0.77  0.71  0.92  0.82  0.99  1.16  0.57
% ENE     2.34  2.85  4.04  3.89  4.28  4.17  3.81  4.67  4.42  4.11  2.26  2.86
MEAN      3.64  3.27  3.80  3.64  3.41  2.97  2.76  2.68  2.80  3.16  3.14  3.51
STD DEV   1.44  1.25  1.52  1.48  1.43  1.14  1.01  0.97  1.06  1.22  1.32  1.32
SKEW      0.54  0.64  0.79  0.52  0.76  0.65  0.69  0.79  0.54  1.05  1.03  0.64
% E       3.68  4.00  4.23  3.70  3.41  3.37  3.25  3.67  3.45  4.14  2.55  3.08
MEAN      3.67  3.49  3.95  3.89  3.28  3.14  2.82  2.61  2.94  3.20  3.42  3.58
STD DEV   1.43  1.33  1.52  1.66  1.30  1.32  1.13  1.08  1.24  1.37  1.62  1.38
SKEW      0.38  0.44  0.37  0.57  0.41  0.66  0.53  1.05  0.80  1.10  1.43  0.45
% ESE     2.89  3.42  4.65  4.23  3.62  3.05  2.06  2.31  3.12  2.98  2.64  2.87
MEAN      4.21  4.39  4.60  4.46  3.83  3.63  3.16  3.18  3.50  3.75  4.21  4.41
STD DEV   1.58  1.70  1.76  1.61  1.50  1.46  1.16  1.21  1.29  1.35  1.69  1.78
SKEW      0.60  0.59  0.68  0.30  0.62  0.85  0.60  0.75  0.65  0.52  0.56  0.82
% SE      4.40  5.74  6.73  6.21  5.84  5.04  4.03  4.32  6.01  6.21  6.12  6.02
MEAN      4.46  4.58  4.66  4.30  3.90  3.52  3.28  3.09  3.62  3.59  4.26  4.43
STD DEV   2.15  2.08  2.04  1.74  1.60  1.43  1.40  1.27  1.56  1.54  1.87  1.93
SKEW      0.61  0.64  0.54  0.35  0.67  0.67  0.68  0.80  0.86  0.94  0.64  0.54
% SSE     5.15  5.99  6.16  5.89  5.83  4.33  3.00  3.74  5.48  5.47  6.48  5.63
MEAN      4.54  4.84  5.03  4.80  4.31  3.86  3.47  3.27  4.07  4.15  4.82  4.81
STD DEV   1.88  1.85  1.93  1.74  1.68  1.47  1.39  1.23  1.53  1.57  1.92  1.88
SKEW      0.49  0.46  0.42  0.55  0.69  0.56  0.66  0.18  0.52  0.49  0.46  0.52
% S       3.30  2.90  2.84  3.09  3.65  3.25  2.55  2.85  3.78  3.97  3.68  3.95
MEAN      3.64  3.89  4.56  4.25  3.84  3.61  3.18  3.30  3.53  3.62  4.06  3.83
STD DEV   1.47  1.72  1.95  1.73  1.58  1.48  1.34  1.32  1.41  1.45  1.66  1.51
SKEW      0.73  0.53  0.50  0.41  0.77  0.59  0.81  0.56  0.58  0.57  0.78  0.68
% SSW     4.99  3.65  2.82  3.34  3.41  4.22  3.31  3.23  4.13  4.24  5.12  5.06
MEAN      4.40  4.36  4.81  4.67  4.13  3.91  3.76  3.71  3.79  4.13  4.57  4.26
STD DEV   1.79  1.78  1.91  1.82  1.57  1.44  1.51  1.38  1.34  1.55  1.71  1.75
SKEW      0.62  0.56  0.36  0.45  0.64  0.36  0.66  0.51  0.43  0.53  0.81  0.73
% SW      9.15  7.35  6.06  6.50  7.48  9.08  8.99  7.43  7.97  8.50 11.50 12.78
MEAN      4.34  4.35  4.65  4.46  3.97  3.66  3.58  3.35  3.69  3.92  4.34  4.38
STD DEV   2.05  1.88  2.10  2.01  1.73  1.50  1.42  1.39  1.47  1.69  1.80  1.75
SKEW      0.90  0.62  0.69  0.72  0.75  0.71  0.62  0.75  0.55  0.57  0.65  0.44
% WSW    13.08 11.42 10.19 10.04  9.14  9.59  9.66  7.72  7.86  8.61 13.89 14.03
MEAN      5.38  5.40  5.61  5.18  4.81  4.29  4.03  3.64  4.19  4.54  5.15  5.18
STD DEV   2.29  2.20  2.42  2.07  1.91  1.66  1.54  1.39  1.63  1.80  1.92  1.78
SKEW      0.68  0.61  0.62  0.48  0.49  0.70  0.53  0.48  0.62  0.57  0.38  0.33
% W      13.43 11.07 11.02  9.09  8.06  7.66  7.28  6.61  7.26  7.17 11.35 11.88
MEAN      5.32  5.30  5.53  5.04  4.54  4.11  3.77  3.60  4.14  4.34  5.11  5.18
STD DEV   2.32  2.22  2.28  2.11  1.98  1.70  1.52  1.46  1.74  1.89  2.05  1.97
SKEW      0.87  0.50  0.50  0.52  0.67  0.60  0.62  0.51  0.56  0.50  0.51  0.44
% WNW    14.09 14.77 13.88 12.04  9.44  8.36  7.77  6.76  6.66  7.07  9.29 10.29
MEAN      5.44  5.83  5.48  5.35  4.94  4.49  4.07  3.88  4.19  4.48  5.09  5.39
STD DEV   2.13  2.42  2.15  2.12  2.05  1.71  1.58  1.38  1.65  1.79  1.87  2.01
SKEW      0.57  0.68  0.52  0.51  0.55  0.47  0.57  0.40  0.56  0.53  0.30  0.46
% NW      6.52  7.32  7.26  8.13  7.15  6.36  6.43  5.85  4.79  5.57  5.35  5.23
MEAN      4.77  4.86  4.81  4.61  4.18  3.93  3.49  3.43  3.59  3.89  4.33  4.59
STD DEV   2.01  2.15  1.97  1.93  1.79  1.67  1.44  1.41  1.60  1.65  1.75  1.80
SKEW      0.52  0.73  0.42  0.57  0.68  0.58  0.66  0.58  0.93  0.65  0.44  0.56
% NNW     2.84  3.37  4.08  4.12  4.30  3.88  3.45  4.04  2.85  3.59  2.28  2.11
MEAN      4.27  4.64  4.50  4.41  4.27  3.94  3.59  3.65  3.69  3.90  4.17  4.46
STD DEV   1.72  2.22  1.80  1.78  1.69  1.56  1.45  1.34  1.47  1.53  1.74  1.74
SKEW      0.32  0.74  0.42  0.49  0.49  0.66  0.42  0.40  0.65  0.38  0.62  0.56
CALM      8.66  9.14  8.59 11.17 14.53 20.29 26.75 27.25 23.46 18.64 11.73  9.43
BRADFORD/REG  PA    0.403  BROOKVILLE    PA    0.386  PHILIPSBURG   PA    0.211
 SALINA 3 W PA                           367782 0
 LATT=  40.52 LONG= -79.55 YEARS= 39. TYPE= 3
 ELEVATION = 1110. TP5 = 2.14 TP6= 4.08
 MEAN P   0.17  0.19  0.24  0.25  0.27  0.31  0.37  0.32  0.31  0.24  0.22  0.19
 S DEV P  0.22  0.26  0.30  0.28  0.31  0.39  0.46  0.41  0.44  0.33  0.27  0.25
 SQEW  P  2.24  3.15  2.15  2.25  2.18  2.46  2.75  2.08  2.34  2.98  2.49  2.96
 P(W/W)   0.55  0.53  0.53  0.59  0.60  0.54  0.49  0.49  0.52  0.54  0.57  0.55
 P(W/D)   0.36  0.37  0.37  0.34  0.34  0.31  0.32  0.28  0.27  0.28  0.35  0.38
 TMAX AV 35.84 39.66 49.73 62.42 72.61 80.03 83.56 82.12 75.85 64.37 52.01 40.56
 TMIN AV 17.48 19.50 26.90 36.33 45.65 53.92 58.39 57.20 50.77 39.98 32.18 23.21
 SD TMAX 11.82 11.81 12.75 11.91  9.40  6.75  5.45  5.54  7.94  9.80 11.35 11.86
 SD TMIN 12.30 12.29 10.59 10.01  9.29  8.03  6.83  7.30  9.40  9.64  9.80 11.20
 SOL.RAD  109.  184.  246.  325.  457.  501.  512.  426.  335.  232.  134.   95.
 SD SOL   55.8  64.0  90.7 113.2 104.9 104.6  92.9 189.2  93.0  59.8  54.1  51.4
 MX .5 P  0.34  0.24  0.41  0.52  0.83  0.80  1.35  1.46  0.93  0.78  0.27  0.24
 DEW PT  22.37 22.37 27.23 37.31 47.41 57.10 60.80 60.04 53.80 42.49 32.24 23.17
Time Pk  0.728 0.801 0.834 0.875 0.884 0.889 0.900 0.913 0.924 0.941 0.965 1.000
% N       2.11  2.53  2.77  4.03  4.06  3.36  3.56  3.90  3.50  3.89  1.84  1.63
MEAN      3.75  3.65  3.95  4.24  3.67  3.71  3.32  3.49  3.33  3.58  3.65  3.83
STD DEV   1.48  1.36  1.62  1.64  1.44  1.39  1.20  1.34  1.22  1.49  1.44  1.34
SKEW      0.52  0.37  0.38  0.46  0.53  0.54  0.58  0.51  0.73  0.80  0.24  0.26
% NNE     1.88  1.97  2.38  2.82  2.89  2.33  2.65  3.14  3.02  2.68  1.65  1.30
MEAN      3.73  3.59  4.08  4.09  3.67  3.25  3.18  3.25  3.27  3.44  3.76  3.35
STD DEV   1.32  1.26  1.46  1.50  1.18  1.15  1.13  1.14  1.24  1.15  1.35  1.29
SKEW      0.69  0.36  0.53  0.41  0.23  0.52  0.43  0.50  0.61  0.46  0.38  0.75
% NE      3.46  4.02  3.83  3.95  4.81  3.56  4.81  5.49  5.45  5.47  3.11  3.41
MEAN      3.40  3.29  3.59  3.51  3.31  3.03  2.92  2.87  2.95  3.03  3.36  3.29
STD DEV   1.33  1.27  1.46  1.34  1.33  1.13  1.03  1.00  1.02  1.13  1.44  1.32
SKEW      0.50  0.77  0.72  0.68  0.81  0.78  0.77  0.80  0.69  0.89  1.19  0.94
% ENE     3.58  3.95  4.87  4.59  4.86  4.64  4.41  5.07  5.55  5.04  2.99  3.68
MEAN      3.61  3.54  4.04  3.93  3.56  3.25  3.06  3.00  3.05  3.26  3.17  3.59
STD DEV   1.46  1.30  1.70  1.53  1.39  1.16  1.02  1.06  1.08  1.20  1.17  1.31
SKEW      0.79  0.65  0.87  0.66  0.62  0.63  0.80  0.78  0.65  0.81  1.15  0.53
% E       4.77  5.35  5.51  4.86  4.60  4.32  3.99  4.60  4.84  5.56  3.66  3.88
MEAN      3.50  3.84  4.04  4.05  3.46  3.35  2.97  2.87  3.05  3.16  3.44  3.50
STD DEV   1.36  1.57  1.80  1.66  1.43  1.30  1.15  1.14  1.22  1.33  1.52  1.45
SKEW      0.63  0.68  0.60  0.59  0.69  0.54  0.76  1.03  0.88  1.14  1.03  0.73
% ESE     2.65  3.44  4.56  4.23  3.92  3.30  2.32  2.71  3.49  3.79  3.34  3.43
MEAN      3.89  4.31  4.76  4.61  4.08  3.80  3.31  3.32  3.57  3.83  4.16  4.47
STD DEV   1.33  1.63  1.85  1.68  1.44  1.37  1.10  1.24  1.21  1.37  1.60  1.82
SKEW      0.48  0.53  0.36  0.39  0.41  0.45  0.41  0.64  0.48  0.55  0.45  0.72
% SE      3.23  3.76  4.32  4.00  3.95  4.17  3.14  3.34  4.47  4.26  4.57  3.84
MEAN      4.09  4.23  4.80  4.25  3.98  3.56  3.30  3.26  3.67  3.58  4.23  3.96
STD DEV   1.93  1.79  2.06  1.69  1.58  1.35  1.31  1.31  1.42  1.55  1.81  1.42
SKEW      0.79  0.61  0.63  0.38  0.74  0.52  0.75  0.86  0.53  0.74  0.59  0.35
% SSE     3.45  3.98  3.79  3.86  3.53  4.24  2.83  3.30  4.03  3.61  4.07  3.42
MEAN      4.08  4.56  4.72  4.54  4.19  3.86  3.57  3.30  4.09  3.87  4.53  4.14
STD DEV   1.57  1.75  1.77  1.64  1.65  1.47  1.32  1.33  1.52  1.50  1.65  1.44
SKEW      0.39  0.57  0.46  0.36  0.65  0.60  0.67  0.68  0.49  0.67  0.53  0.36
% S       4.30  3.89  3.58  4.16  4.05  4.64  3.99  4.24  4.81  4.42  5.11  4.59
MEAN      3.83  3.86  4.38  4.15  3.87  3.62  3.29  3.41  3.70  3.57  4.20  3.81
STD DEV   1.46  1.63  1.92  1.71  1.63  1.52  1.24  1.44  1.47  1.45  1.70  1.54
SKEW      0.66  0.62  0.59  0.47  0.79  0.75  0.63  0.95  0.63  0.69  0.75  0.72
% SSW     6.29  4.49  3.37  4.98  4.99  6.56  5.50  4.91  5.18  5.53  6.54  6.07
MEAN      4.76  4.85  5.28  5.20  4.25  4.07  4.05  3.93  4.07  4.43  4.78  4.71
STD DEV   1.83  1.86  2.17  2.09  1.63  1.54  1.51  1.51  1.55  1.69  1.80  1.82
SKEW      0.50  0.33  0.35  0.45  0.41  0.45  0.54  0.66  0.62  0.42  0.51  0.52
% SW      9.91  7.74  6.56  7.60  8.07  9.88 10.19  8.44  8.59  9.35 11.65 11.84
MEAN      4.75  4.84  5.11  5.02  4.26  4.07  3.93  3.74  3.98  4.56  4.85  4.94
STD DEV   2.04  2.08  2.35  2.21  1.80  1.64  1.53  1.49  1.67  1.92  1.94  1.90
SKEW      0.62  0.41  0.61  0.54  0.69  0.58  0.73  0.61  0.59  0.50  0.48  0.36
% WSW    13.97 12.44 12.30 11.59 10.37 10.41 10.62  8.21  8.24  8.77 14.33 15.84
MEAN      5.72  5.76  6.42  5.86  5.07  4.43  4.37  3.77  4.41  4.92  5.49  5.85
STD DEV   2.50  2.44  2.66  2.33  2.21  1.78  1.68  1.50  1.80  1.95  2.07  2.10
SKEW      0.73  0.51  0.40  0.40  0.62  0.56  0.46  0.62  0.51  0.37  0.36  0.43
% W      12.08 11.10 10.90  8.96  7.40  6.96  6.96  6.47  6.60  6.89 10.97 11.16
MEAN      5.71  5.86  5.98  5.67  4.75  4.27  3.94  3.63  4.25  4.55  5.49  5.60
STD DEV   2.68  2.68  2.59  2.53  2.26  1.93  1.75  1.59  1.98  2.27  2.30  2.22
SKEW      0.69  0.47  0.39  0.48  0.67  0.55  0.67  0.70  0.59  0.58  0.44  0.34
% WNW    10.88 12.95 12.93 10.41  9.42  7.76  6.85  6.56  6.57  6.28  9.06  9.60
MEAN      6.05  6.20  6.30  6.00  5.15  4.68  4.29  4.20  4.46  4.94  5.77  5.92
STD DEV   2.41  2.41  2.40  2.37  2.17  1.87  1.73  1.65  1.79  2.08  2.21  2.16
SKEW      0.39  0.26  0.32  0.33  0.43  0.47  0.59  0.54  0.54  0.52  0.30  0.22
% NW      6.26  7.34  7.57  7.76  6.85  5.85  6.02  5.88  5.37  5.30  4.43  4.77
MEAN      5.04  5.24  5.46  5.26  4.65  4.37  3.90  3.82  4.06  4.39  4.64  4.93
STD DEV   2.08  2.18  2.26  2.12  1.95  1.89  1.56  1.56  1.81  1.96  2.07  2.03
SKEW      0.55  0.32  0.46  0.37  0.52  0.49  0.63  0.52  0.70  0.55  0.53  0.34
% NNW     2.55  3.28  3.73  4.22  4.22  3.82  3.72  4.17  3.02  3.75  2.10  2.00
MEAN      4.52  4.88  4.89  4.71  4.54  4.28  3.91  3.87  4.08  4.43  4.56  4.95
STD DEV   1.60  1.95  1.86  1.82  1.67  1.65  1.41  1.31  1.66  1.70  1.79  1.92
SKEW      0.17  0.47  0.33  0.33  0.45  0.63  0.47  0.37  0.49  0.36  0.33  0.35
CALM      8.63  7.76  7.00  7.98 11.99 14.27 18.41 19.58 17.30 15.55 10.64  9.53
PITTSBURGH/GR PA    0.428  BROOKVILLE    PA    0.304  ALTOONA/BLAIR PA    0.268
 TIONESTA 2 SE DAM PA                    368873 0
 LATT=  41.48 LONG= -79.43 YEARS= 44. TYPE= 3
 ELEVATION = 1200. TP5 = 1.96 TP6= 3.75
 MEAN P   0.18  0.18  0.22  0.25  0.30  0.36  0.40  0.35  0.31  0.26  0.23  0.18
 S DEV P  0.25  0.24  0.29  0.30  0.35  0.44  0.48  0.45  0.38  0.39  0.27  0.23
 SQEW  P  2.55  2.70  2.65  2.42  2.55  2.22  2.32  2.89  2.16  4.50  2.24  2.48
 P(W/W)   0.58  0.57  0.56  0.61  0.59  0.52  0.46  0.45  0.55  0.56  0.59  0.64
 P(W/D)   0.39  0.35  0.36  0.34  0.29  0.29  0.27  0.28  0.27  0.28  0.40  0.43
 TMAX AV 32.51 34.62 44.09 57.44 69.27 77.25 80.98 79.52 72.80 61.72 48.51 36.20
 TMIN AV 13.26 13.14 21.64 32.45 42.20 51.34 56.19 55.05 48.05 37.09 29.20 18.81
 SD TMAX 11.31 11.28 12.36 12.81 10.34  7.83  5.91  5.98  8.60 10.50 11.27 10.97
 SD TMIN 12.30 12.78 10.49  8.91  8.62  7.42  6.20  6.56  8.55  8.23  8.91 11.23
 SOL.RAD  107.  177.  255.  307.  455.  516.  521.  445.  317.  238.  125.   92.
 SD SOL   52.3  62.4  84.7 117.5 105.1 100.6  89.9 178.4  96.7  53.6  52.9  47.9
 MX .5 P  0.28  0.22  0.38  0.55  0.74  0.84  1.20  1.40  0.89  0.65  0.27  0.21
 DEW PT  21.62 21.00 26.24 36.38 46.19 56.00 60.19 59.62 53.62 43.06 32.87 22.68
Time Pk  0.711 0.786 0.820 0.851 0.866 0.870 0.884 0.897 0.908 0.921 0.948 1.000
% N       2.12  2.28  2.50  3.09  3.61  2.84  3.08  3.38  3.19  3.50  1.93  1.85
MEAN      4.01  3.77  3.66  3.87  3.58  3.37  3.23  3.35  3.28  3.63  3.72  3.98
STD DEV   1.69  1.47  1.43  1.60  1.47  1.33  1.20  1.25  1.19  1.52  1.49  1.49
SKEW      0.67  0.59  0.33  0.72  0.83  0.59  0.51  0.49  0.80  0.89  0.43  0.50
% NNE     1.55  2.03  2.64  2.72  3.00  2.02  2.02  2.69  2.00  2.27  1.25  1.10
MEAN      3.93  3.90  4.11  4.15  3.85  3.26  3.21  3.49  3.20  3.72  3.90  3.45
STD DEV   1.53  1.55  1.51  1.70  1.43  1.27  1.11  1.30  1.27  1.34  1.31  1.24
SKEW      0.48  0.57  0.37  0.66  0.40  0.62  0.16  0.58  0.63  0.47  0.24  0.42
% NE      4.03  5.09  5.15  5.29  6.24  4.35  5.00  5.91  5.89  6.31  3.74  3.33
MEAN      3.78  3.60  3.91  3.74  3.52  3.25  3.16  3.11  3.16  3.46  3.41  3.63
STD DEV   1.72  1.50  1.52  1.58  1.60  1.27  1.20  1.19  1.21  1.40  1.49  1.48
SKEW      0.62  0.93  0.58  0.82  0.95  0.80  0.81  0.88  0.76  0.89  1.17  0.49
% ENE     3.06  3.66  4.86  4.61  4.98  4.69  4.42  5.30  5.28  4.82  2.81  3.55
MEAN      4.05  3.66  4.08  3.98  3.68  3.27  3.05  3.00  3.12  3.40  3.57  3.91
STD DEV   1.56  1.45  1.65  1.66  1.59  1.23  1.13  1.07  1.24  1.33  1.43  1.59
SKEW      0.51  0.71  0.67  0.72  0.90  0.70  0.83  0.80  0.67  1.03  1.00  0.86
% E       4.29  4.63  4.57  4.06  3.61  3.59  3.66  4.10  3.93  4.59  2.79  3.50
MEAN      3.73  3.62  4.00  4.01  3.28  3.22  2.84  2.71  3.03  3.19  3.48  3.63
STD DEV   1.45  1.46  1.64  1.73  1.26  1.37  1.11  1.13  1.27  1.42  1.54  1.40
SKEW      0.39  0.72  0.52  0.62  0.47  0.75  0.60  1.13  0.89  1.27  0.93  0.52
% ESE     2.09  2.46  3.51  3.29  2.77  2.32  1.64  1.93  2.54  2.36  2.13  2.27
MEAN      4.12  4.47  4.67  4.66  3.88  3.65  3.26  3.22  3.59  3.78  4.26  4.39
STD DEV   1.50  1.83  1.88  1.71  1.55  1.39  1.18  1.22  1.26  1.35  1.60  1.59
SKEW      0.72  0.67  0.81  0.27  0.73  0.61  0.69  0.75  0.70  0.61  0.42  0.62
% SE      3.68  4.42  5.48  5.14  4.59  4.34  3.51  3.79  5.08  5.25  5.17  4.97
MEAN      4.65  4.96  4.92  4.53  4.15  3.68  3.44  3.24  3.83  3.84  4.51  4.76
STD DEV   2.41  2.30  2.36  1.93  1.78  1.54  1.55  1.44  1.72  1.76  2.02  2.25
SKEW      0.64  0.58  0.62  0.32  0.63  0.59  0.79  0.84  0.72  0.91  0.56  0.78
% SSE     4.26  4.84  5.40  5.10  4.98  4.45  3.24  3.89  5.85  5.72  6.36  5.54
MEAN      4.91  5.29  5.50  5.19  4.53  4.17  3.80  3.52  4.48  4.66  5.27  5.26
STD DEV   1.99  2.02  2.07  1.99  1.83  1.62  1.57  1.36  1.71  1.84  2.04  2.14
SKEW      0.29  0.29  0.26  0.43  0.63  0.45  0.55  0.08  0.45  0.44  0.35  0.56
% S       4.87  4.30  3.97  4.31  5.35  5.98  5.72  6.22  6.89  7.28  6.59  5.74
MEAN      4.15  4.18  4.72  4.22  3.97  3.80  3.29  3.47  3.83  3.89  4.58  4.39
STD DEV   1.71  1.87  2.06  1.83  1.72  1.62  1.35  1.46  1.57  1.62  1.86  1.75
SKEW      0.67  0.42  0.35  0.39  0.82  0.59  0.83  0.73  0.61  0.57  0.55  0.48
% SSW     7.09  5.09  3.81  4.67  4.70  5.81  5.12  4.95  5.85  6.44  8.20  7.84
MEAN      4.91  4.79  5.24  4.94  4.37  4.15  4.07  3.91  4.11  4.55  5.06  4.84
STD DEV   1.98  1.90  2.09  2.01  1.76  1.55  1.59  1.47  1.50  1.65  1.85  1.93
SKEW      0.58  0.38  0.33  0.48  0.64  0.36  0.68  0.66  0.53  0.43  0.62  0.63
% SW     10.62  8.44  6.97  7.63  8.03  9.74  9.45  7.85  8.24  9.28 13.22 14.29
MEAN      4.53  4.51  4.70  4.50  3.97  3.75  3.69  3.47  3.77  4.22  4.76  4.68
STD DEV   2.07  1.95  2.20  2.06  1.75  1.54  1.49  1.44  1.53  1.77  1.95  1.88
SKEW      0.76  0.59  0.83  0.80  0.82  0.75  0.75  0.76  0.63  0.54  0.54  0.54
% WSW    13.23 12.64 11.12 11.00  9.36  9.23  8.70  7.09  7.25  7.35 12.25 13.12
MEAN      5.50  5.43  5.62  5.28  4.84  4.34  4.14  3.74  4.26  4.64  5.35  5.37
STD DEV   2.30  2.20  2.39  2.09  1.98  1.70  1.57  1.44  1.65  1.80  1.93  1.90
SKEW      0.69  0.55  0.61  0.52  0.59  0.71  0.50  0.63  0.57  0.50  0.37  0.45
% W      12.71 11.03 11.09  9.00  7.96  7.31  6.86  6.26  6.54  5.89  9.49 10.22
MEAN      5.48  5.40  5.44  5.16  4.62  4.16  3.94  3.78  4.37  4.48  5.37  5.43
STD DEV   2.40  2.28  2.25  2.15  2.03  1.76  1.61  1.53  1.86  2.04  2.12  2.04
SKEW      0.84  0.51  0.48  0.49  0.65  0.58  0.59  0.52  0.53  0.48  0.48  0.41
% WNW    10.18 11.28 10.93  9.44  7.72  7.18  6.72  6.05  6.05  5.41  6.99  7.52
MEAN      5.39  5.64  5.43  5.22  4.72  4.45  4.14  4.03  4.39  4.73  5.35  5.55
STD DEV   2.08  2.27  2.08  2.04  1.93  1.66  1.54  1.41  1.66  1.85  1.90  1.98
SKEW      0.52  0.56  0.46  0.44  0.53  0.47  0.56  0.44  0.50  0.43  0.17  0.36
% NW      5.86  6.55  6.54  7.06  6.47  5.87  6.05  5.72  4.90  5.20  4.85  4.66
MEAN      4.93  4.64  4.71  4.53  4.04  3.91  3.67  3.61  3.89  4.16  4.72  4.84
STD DEV   2.05  1.98  1.88  1.86  1.72  1.63  1.47  1.51  1.68  1.80  1.91  1.85
SKEW      0.39  0.63  0.38  0.56  0.68  0.58  0.64  0.68  0.74  0.58  0.43  0.51
% NNW     2.61  2.92  3.49  3.61  3.87  3.76  3.71  4.32  3.13  3.76  2.49  2.31
MEAN      4.53  4.53  4.57  4.45  4.17  3.95  3.77  3.81  3.95  4.33  4.57  4.88
STD DEV   1.79  2.00  1.80  1.81  1.62  1.52  1.44  1.35  1.51  1.69  1.79  1.82
SKEW      0.26  0.62  0.52  0.46  0.50  0.67  0.41  0.45  0.53  0.34  0.50  0.39
CALM      7.76  8.27  7.88  9.99 12.74 16.62 21.05 20.59 17.39 14.69  9.73  8.16
BROOKVILLE    PA    0.474  BRADFORD/REG  PA    0.290  ERIE          PA    0.235
 TOBYHANNA PA                            368893 0
 LATT=  41.18 LONG= -75.42 YEARS= 31. TYPE= 3
 ELEVATION = 1950. TP5 = 2.51 TP6= 4.98
 MEAN P   0.26  0.29  0.32  0.35  0.37  0.36  0.40  0.40  0.41  0.39  0.38  0.28
 S DEV P  0.41  0.41  0.45  0.45  0.49  0.45  0.52  0.54  0.61  0.53  0.57  0.40
 SQEW  P  3.34  2.38  2.82  2.59  2.66  2.36  3.10  2.69  3.31  2.31  3.32  2.91
 P(W/W)   0.47  0.48  0.46  0.54  0.54  0.49  0.42  0.45  0.51  0.47  0.50  0.49
 P(W/D)   0.32  0.30  0.28  0.26  0.26  0.28  0.27  0.24  0.22  0.23  0.30  0.36
 TMAX AV 30.38 33.04 42.92 55.25 66.85 74.31 78.41 76.58 68.89 58.68 46.48 34.71
 TMIN AV 13.22 14.02 22.82 32.61 42.44 50.47 55.35 54.44 46.91 37.01 29.03 18.84
 SD TMAX 10.22 10.33 11.17 10.91  9.25  6.83  5.60  5.65  8.09  9.31 10.19 10.29
 SD TMIN 11.41 11.59 10.19  8.76  8.64  8.01  7.06  7.52  9.33  9.48  9.28 10.74
 SOL.RAD  134.  206.  294.  370.  449.  494.  487.  424.  351.  250.  154.  117.
 SD SOL   48.7  58.6  77.6 102.9 113.0 113.2 106.8 220.7  91.9  55.2  48.6  44.7
 MX .5 P  0.30  0.37  0.36  0.57  0.83  1.01  1.01  1.29  0.92  0.57  0.61  0.44
 DEW PT  20.22 20.53 25.92 36.76 46.76 56.22 60.92 60.38 53.53 43.77 32.92 22.77
Time Pk  0.709 0.787 0.822 0.851 0.859 0.869 0.885 0.896 0.910 0.929 0.954 1.000
% N       4.51  4.73  5.18  5.20  4.69  3.76  3.32  4.01  4.20  4.17  3.16  3.44
MEAN      4.10  4.20  4.34  4.48  4.15  3.77  3.47  3.45  3.61  3.82  3.69  3.65
STD DEV   2.00  2.03  2.08  2.01  1.88  1.70  1.62  1.56  1.70  1.78  1.82  1.76
SKEW      0.66  0.65  0.69  0.56  0.57  0.78  0.94  0.76  0.82  0.71  0.83  0.82
% NNE     3.10  3.13  3.61  3.32  3.29  2.48  2.10  2.95  3.14  3.18  2.40  2.58
MEAN      3.74  3.88  3.93  4.01  3.78  3.43  3.20  3.33  3.57  3.80  3.51  3.52
STD DEV   1.66  1.71  1.77  1.69  1.67  1.47  1.29  1.49  1.51  1.72  1.71  1.64
SKEW      0.68  0.72  0.70  0.70  0.67  0.64  0.81  1.14  0.57  0.82  1.06  1.15
% NE      4.48  4.65  5.10  4.59  4.11  3.32  3.25  4.17  4.49  4.58  3.62  4.22
MEAN      3.76  3.76  3.86  3.67  3.49  3.35  3.00  3.18  3.27  3.48  3.46  3.56
STD DEV   1.82  1.67  1.82  1.59  1.51  1.46  1.21  1.43  1.43  1.50  1.60  1.68
SKEW      0.92  0.95  1.16  0.94  0.91  0.78  0.83  1.04  0.96  0.94  1.13  1.13
% ENE     5.12  5.77  6.05  5.25  5.42  4.10  3.97  4.76  5.90  5.85  4.64  5.92
MEAN      3.73  3.80  4.23  4.14  3.70  3.37  3.10  3.16  3.41  3.71  3.60  3.74
STD DEV   1.77  1.73  1.99  1.92  1.58  1.41  1.12  1.24  1.46  1.69  1.64  1.65
SKEW      1.33  1.11  1.05  1.00  0.91  0.90  0.54  1.06  1.14  1.11  1.14  1.12
% E       3.61  4.15  5.13  5.21  5.67  5.11  5.11  5.37  6.35  5.81  4.41  3.94
MEAN      3.33  3.78  4.06  4.00  3.55  3.25  3.05  3.03  3.23  3.52  3.67  3.41
STD DEV   1.70  1.99  1.93  1.79  1.59  1.40  1.22  1.26  1.45  1.67  2.08  1.77
SKEW      1.48  1.28  1.02  0.85  1.01  0.84  0.64  1.12  1.15  1.11  2.36  1.41
% ESE     2.20  2.75  3.78  4.10  5.00  5.08  5.23  5.19  5.19  4.87  3.60  2.38
MEAN      3.16  3.60  4.30  4.08  3.78  3.59  3.32  3.24  3.39  3.77  3.79  3.28
STD DEV   1.36  1.74  2.09  1.88  1.57  1.50  1.27  1.28  1.37  1.82  1.87  1.40
SKEW      0.97  0.99  1.24  1.13  0.70  0.89  0.78  0.86  0.86  1.01  1.38  0.89
% SE      1.54  1.98  2.86  2.88  3.45  3.58  3.65  3.90  3.28  2.93  2.63  1.90
MEAN      3.37  3.37  4.50  4.06  3.90  3.42  3.24  3.12  3.32  3.54  3.67  3.78
STD DEV   1.78  1.59  2.49  1.99  1.94  1.65  1.45  1.39  1.56  1.80  1.96  2.23
SKEW      1.10  1.19  1.16  0.75  0.83  1.03  0.89  1.07  0.94  1.18  1.07  1.25
% SSE     1.33  1.92  2.22  2.89  3.16  3.40  3.22  3.43  3.03  2.47  2.33  1.36
MEAN      3.51  4.07  4.62  4.61  4.06  3.82  3.66  3.48  3.69  3.58  4.08  3.92
STD DEV   1.99  2.10  2.53  2.14  1.83  1.76  1.69  1.45  1.75  1.56  2.14  2.20
SKEW      1.22  1.19  1.06  0.55  0.56  0.68  0.85  0.78  0.78  0.86  0.82  1.34
% S       2.96  3.14  3.34  4.97  5.23  6.47  6.16  6.06  5.72  4.57  4.53  3.25
MEAN      3.67  4.04  4.42  4.66  4.20  4.00  3.77  3.72  3.85  3.67  3.89  3.73
STD DEV   1.79  2.01  2.21  2.19  1.84  1.77  1.60  1.58  1.73  1.60  1.93  1.81
SKEW      1.18  0.95  0.73  0.50  0.57  0.72  0.72  0.67  0.62  0.69  0.98  0.90
% SSW     5.33  4.58  3.96  6.01  5.97  7.39  6.84  6.71  6.09  5.38  6.04  5.35
MEAN      4.29  4.22  4.56  4.87  4.37  4.16  3.93  3.81  3.96  3.90  4.19  4.19
STD DEV   1.88  1.89  2.02  2.03  1.81  1.71  1.62  1.56  1.65  1.57  1.91  1.93
SKEW      0.76  0.89  0.74  0.48  0.63  0.66  0.71  0.59  0.58  0.63  0.97  1.05
% SW     11.18  9.82  7.46  9.95 10.46 11.90 12.29 10.90 10.39 10.63 11.48 13.04
MEAN      4.44  4.47  4.76  4.75  4.50  4.12  3.95  3.81  3.93  4.13  4.31  4.45
STD DEV   1.88  1.96  2.05  2.02  1.89  1.71  1.65  1.61  1.60  1.75  1.86  1.86
SKEW      0.63  0.58  0.67  0.53  0.52  0.57  0.70  0.58  0.50  0.57  0.62  0.67
% WSW    10.07  8.70  7.84  8.46  9.31 10.45 10.53  8.88  8.37  9.03 11.21 11.80
MEAN      4.92  4.76  5.24  5.06  4.54  4.19  3.95  3.78  3.97  4.17  4.64  4.70
STD DEV   2.18  2.13  2.47  2.31  1.94  1.76  1.65  1.57  1.72  1.84  2.07  2.08
SKEW      0.68  0.73  0.72  0.59  0.56  0.67  0.70  0.60  0.71  0.66  0.60  0.63
% W       8.66  9.06  7.72  7.07  6.34  6.57  6.96  6.63  6.12  7.09  9.08  9.36
MEAN      5.24  5.41  5.63  5.30  4.36  3.88  3.63  3.56  3.63  3.90  4.70  4.97
STD DEV   2.58  2.65  2.90  2.58  2.11  1.85  1.70  1.67  1.72  1.89  2.28  2.42
SKEW      0.58  0.53  0.70  0.57  0.65  0.75  0.89  0.87  0.84  0.82  0.61  0.56
% WNW     8.53  8.93  9.44  7.30  5.34  5.32  5.46  5.02  4.92  5.73  7.92  8.37
MEAN      6.12  6.33  6.48  6.00  4.89  4.59  4.13  3.87  3.94  4.54  5.33  5.76
STD DEV   2.74  2.83  2.92  2.72  2.30  2.27  1.98  1.91  1.94  2.20  2.53  2.67
SKEW      0.31  0.30  0.48  0.50  0.58  0.74  0.77  0.83  0.79  0.60  0.37  0.27
% NW      9.61 10.01 10.86  8.65  6.76  6.24  6.30  5.42  5.74  6.70  7.97  8.52
MEAN      5.85  6.09  6.01  5.73  5.06  4.57  4.12  3.78  4.07  4.78  5.18  5.59
STD DEV   2.69  2.63  2.52  2.53  2.30  2.18  1.92  1.77  1.99  2.31  2.35  2.74
SKEW      0.36  0.15  0.13  0.25  0.36  0.54  0.69  0.61  0.61  0.48  0.29  0.56
% NNW     7.71  7.89  8.96  7.82  7.26  5.63  4.75  4.55  5.03  5.81  5.09  5.25
MEAN      5.51  5.81  5.54  5.55  5.17  4.57  4.16  4.04  4.12  4.66  4.89  5.15
STD DEV   2.40  2.47  2.41  2.28  2.20  2.02  1.85  1.80  1.84  2.11  2.28  2.46
SKEW      0.36  0.32  0.45  0.23  0.36  0.41  0.58  0.62  0.45  0.50  0.45  0.41
CALM     10.03  8.80  6.48  6.39  8.48  9.15 10.87 12.06 12.00 11.29  9.82  9.38
WILKESBARRE/S PA    0.509  ALLENTOWN/BET PA    0.331  NEWBURGH/STEW NY    0.160
 WELLSBORO 3 S PA                        369408 0
 LATT=  41.72 LONG= -77.27 YEARS= 52. TYPE= 3
 ELEVATION = 1920. TP5 = 2.21 TP6= 4.15
 MEAN P   0.16  0.18  0.20  0.22  0.26  0.27  0.28  0.26  0.27  0.23  0.22  0.19
 S DEV P  0.24  0.24  0.28  0.28  0.33  0.41  0.37  0.37  0.38  0.37  0.33  0.27
 SQEW  P  2.89  3.08  3.13  2.75  3.52  5.46  2.91  2.59  3.22  2.98  2.96  2.60
 P(W/W)   0.44  0.43  0.47  0.53  0.56  0.54  0.49  0.49  0.52  0.55  0.50  0.46
 P(W/D)   0.28  0.28  0.30  0.32  0.33  0.33  0.30  0.29  0.28  0.25  0.30  0.30
 TMAX AV 29.36 32.07 41.10 54.17 65.81 73.76 78.50 76.76 69.94 59.02 45.92 33.40
 TMIN AV 13.00 13.61 21.61 32.77 42.62 51.29 55.55 53.98 47.00 37.33 28.85 18.17
 SD TMAX 10.27 10.45 11.88 12.46 10.42  8.38  6.63  6.80  9.05 10.67 10.72 10.27
 SD TMIN 11.57 11.75 10.33  9.18  8.84  7.45  6.23  6.90  9.22  8.96  9.14 11.11
 SOL.RAD  127.  196.  292.  331.  471.  528.  529.  466.  328.  262.  143.  112.
 SD SOL   44.6  55.2  71.6 109.8 100.4  97.7  88.5 172.3  93.3  44.9  45.5  40.3
 MX .5 P  0.26  0.26  0.38  0.63  0.82  1.02  1.05  1.24  0.97  0.52  0.29  0.32
 DEW PT  18.58 17.34 23.58 33.79 45.58 55.13 59.58 59.13 52.58 42.76 31.37 19.73
Time Pk  0.687 0.771 0.804 0.861 0.872 0.883 0.900 0.912 0.913 0.938 0.953 1.000
% N       3.99  4.11  3.94  5.16  5.32  4.93  4.76  5.11  4.71  4.58  2.98  2.86
MEAN      3.29  3.41  3.58  3.62  3.56  3.06  2.91  2.96  2.94  3.07  3.01  2.80
STD DEV   1.57  1.67  1.74  1.80  1.73  1.48  1.30  1.38  1.46  1.51  1.42  1.35
SKEW      0.72  0.68  0.69  0.67  0.67  1.14  0.95  0.98  1.34  0.81  0.75  1.17
% NNE     2.47  2.90  2.88  3.30  3.92  2.92  2.85  3.15  2.41  2.97  1.77  1.69
MEAN      3.26  2.96  3.20  3.33  3.21  2.92  2.90  3.07  3.01  3.15  3.04  2.88
STD DEV   1.46  1.33  1.49  1.46  1.47  1.23  1.26  1.38  1.41  1.36  1.40  1.34
SKEW      0.65  0.61  0.69  0.37  0.65  0.59  0.94  0.93  0.77  0.56  0.77  1.03
% NE      2.36  1.64  2.10  2.22  2.45  2.25  2.04  2.13  2.32  2.42  1.79  1.82
MEAN      2.56  2.63  2.85  2.89  2.58  2.84  2.43  2.50  2.39  2.65  2.77  2.72
STD DEV   1.01  1.26  1.24  1.48  1.19  1.13  1.07  1.10  0.92  1.41  1.44  1.13
SKEW      0.81  0.68  0.76  0.71  0.85  0.55  1.10  1.11  1.13  0.97  1.15  0.92
% ENE     2.93  2.87  2.91  2.47  3.02  2.31  1.90  2.09  2.27  2.53  2.50  2.79
MEAN      3.46  3.33  3.60  3.56  3.36  3.36  2.85  3.01  3.07  3.26  3.23  3.23
STD DEV   1.34  1.34  1.61  1.34  1.43  1.62  1.17  1.18  1.14  1.28  1.19  1.01
SKEW      0.35  0.25  0.71  0.31  0.60  0.82  0.48  0.58  0.40  0.41  0.38  0.31
% E       4.81  4.34  4.31  4.04  4.39  3.51  2.86  2.99  3.54  3.20  4.32  4.88
MEAN      3.14  3.48  3.78  3.74  3.28  3.02  2.78  2.76  3.07  3.13  4.09  3.48
STD DEV   1.32  1.57  1.70  1.76  1.43  1.27  1.11  1.11  1.33  1.49  2.17  1.60
SKEW      0.44  0.63  0.62  0.57  0.82  0.80  0.75  0.63  0.72  0.81  0.47  0.71
% ESE     4.51  5.05  4.54  4.17  4.77  4.63  4.02  4.40  4.69  4.67  4.77  4.87
MEAN      3.65  3.93  4.34  4.23  3.67  3.45 33.17  3.10  3.37  3.46  3.99  3.43
STD DEV   1.61  1.69  1.94  1.91  1.52  1.40  1.25  1.21  1.24  1.43  2.07  1.40
SKEW      0.52  0.54  0.68  0.55  0.61  0.56  0.82  0.73  0.43  0.57  1.60  0.99
% SE      5.52  5.14  5.58  5.20  5.90  6.78  6.11  7.39  7.57  7.29  6.81  5.49
MEAN      3.54  3.82  4.21  3.94  3.56  3.41  2.99  2.95  3.19  3.13  3.73  3.29
STD DEV   1.74  1.95  2.03  1.83  1.64  1.49  1.21  1.20  1.30  1.33  1.80  1.60
SKEW      1.10  1.03  0.70  0.74  0.62  0.69  0.84  0.74  0.67  0.73  0.91  0.93
% SSE     8.92  8.91  8.84  9.66 10.35 10.62  8.42  9.03  9.98  9.23  9.29  8.28
MEAN      4.25  4.39  4.85  4.94  4.32  4.15  3.66  3.62  3.91  3.66  4.56  3.98
STD DEV   2.19  2.17  2.30  2.12  1.85  1.74  1.58  1.56  1.76  1.71  2.21  2.08
SKEW      0.79  0.61  0.61  0.49  0.54  0.43  0.51  0.67  0.55  0.85  0.80  0.91
% S       3.70  3.46  3.29  4.87  5.33  6.56  6.04  5.36  5.13  4.36  4.62  4.09
MEAN      3.60  3.55  4.20  4.53  3.98  3.69  3.43  3.30  3.59  3.30  4.03  3.33
STD DEV   2.21  1.98  2.37  2.19  1.96  1.69  1.65  1.49  1.83  1.70  2.33  1.83
SKEW      1.28  1.25  0.89  0.63  0.77  0.91  1.16  0.76  0.84  1.16  1.10  1.09
% SSW     3.21  3.17  3.30  4.27  3.64  5.26  5.37  4.53  4.38  3.89  3.83  3.97
MEAN      3.26  3.37  3.70  4.02  3.69  3.52  3.39  3.12  3.36  3.21  3.73  3.12
STD DEV   1.57  1.76  1.82  1.91  1.80  1.53  1.51  1.45  1.68  1.57  1.78  1.44
SKEW      0.85  1.02  0.83  0.52  0.56  0.75  0.75  0.97  0.90  0.91  0.73  0.94
% SW      2.90  2.72  2.64  3.13  2.61  3.98  4.75  4.23  3.99  3.45  3.46  4.09
MEAN      3.15  3.29  3.73  3.82  3.29  3.10  3.17  2.78  3.00  3.00  3.42  3.34
STD DEV   1.81  1.75  2.17  2.10  1.75  1.40  1.50  1.25  1.44  1.46  1.82  1.83
SKEW      1.36  0.86  1.08  0.65  0.87  1.01  0.91  1.00  1.07  1.22  1.03  1.18
% WSW     6.56  7.00  6.89  7.44  5.36  6.21  6.63  5.51  5.61  5.85  7.88  8.44
MEAN      5.17  4.87  5.24  5.08  4.40  3.96  3.59  3.31  3.62  4.03  4.83  4.79
STD DEV   2.41  2.15  2.35  2.24  2.15  1.75  1.61  1.40  1.72  1.98  2.14  2.12
SKEW      0.41  0.26  0.34  0.35  0.47  0.45  0.72  0.72  0.74  0.66  0.27  0.47
% W      11.04 10.85 10.83  9.61  7.47  7.33  8.08  7.61  7.57  7.84 10.86 12.59
MEAN      5.19  5.22  5.29  5.03  4.28  3.76  3.32  3.01  3.53  3.90  4.48  4.85
STD DEV   2.39  2.30  2.29  2.32  2.31  1.83  1.66  1.44  1.82  2.01  2.07  2.18
SKEW      0.41  0.30  0.39  0.42  0.72  0.63  0.91  0.82  0.77  0.45  0.32  0.36
% WNW    10.06 11.80 12.20  9.06  6.57  7.46  7.35  6.76  7.43  7.41  9.10  9.37
MEAN      5.33  5.59  5.63  5.01  4.51  4.13  3.66  3.33  3.65  3.94  4.80  4.86
STD DEV   2.33  2.35  2.28  2.25  2.15  1.96  1.68  1.54  1.75  2.01  2.22  2.08
SKEW      0.25  0.17  0.25  0.25  0.48  0.53  0.71  0.78  0.69  0.65  0.38  0.23
% NW      7.06  7.68  8.74  7.44  6.75  6.33  7.04  7.00  6.92  7.27  6.72  6.42
MEAN      4.29  5.01  4.95  4.48  3.75  3.67  3.16  2.93  2.96  3.46  4.07  4.17
STD DEV   2.23  2.35  2.36  2.22  1.98  1.86  1.58  1.49  1.52  1.96  1.99  2.11
SKEW      0.54  0.20  0.28  0.47  0.81  0.80  0.98  1.27  1.32  1.04  0.51  0.60
% NNW     7.93  8.56  8.93  9.05  9.15  7.15  7.53  7.37  6.44  6.79  5.62  5.52
MEAN      4.23  4.45  4.74  4.60  4.11  3.58  3.35  3.30  3.27  3.67  3.82  3.95
STD DEV   2.07  2.07  2.10  2.13  1.99  1.63  1.50  1.51  1.58  1.80  1.87  1.93
SKEW      0.56  0.37  0.28  0.33  0.67  0.85  0.81  0.90  0.98  0.76  0.69  0.78
CALM     11.99  9.85  8.09  8.95 12.88 11.78 14.34 15.38 15.18 16.22 13.58 12.92
WILLIAMSPORT  PA    0.465  DANSVILLE MUN NY    0.271  SELINGSGROVE  PA    0.264
 WILLIAMSPRT 4E WBAP PA                  369728 0
 LATT=  41.25 LONG= -76.92 YEARS= 44. TYPE= 3
 ELEVATION =  530. TP5 = 2.29 TP6= 4.34
 MEAN P   0.22  0.25  0.27  0.26  0.28  0.32  0.36  0.31  0.33  0.32  0.30  0.25
 S DEV P  0.29  0.36  0.36  0.35  0.37  0.41  0.43  0.43  0.46  0.51  0.45  0.36
 SQEW  P  2.41  2.94  2.53  2.66  2.47  2.67  2.13  3.05  3.05  3.49  2.80  2.89
 P(W/W)   0.47  0.49  0.49  0.54  0.54  0.49  0.41  0.46  0.47  0.49  0.51  0.49
 P(W/D)   0.33  0.33  0.33  0.33  0.34  0.31  0.33  0.30  0.26  0.25  0.34  0.35
 TMAX AV 34.35 37.53 47.27 60.56 71.54 79.81 84.01 81.95 74.08 63.11 49.87 38.08
 TMIN AV 19.24 20.65 28.32 38.51 48.08 56.72 61.46 60.19 52.83 41.64 33.17 23.69
 SD TMAX  9.38  9.59 10.81 11.36  9.68  7.84  6.44  6.11  8.32  8.99  9.48  9.15
 SD TMIN  9.78 10.13  8.87  8.34  8.10  6.97  5.95  6.42  8.43  8.70  8.53  9.71
 SOL.RAD  131.  200.  295.  341.  471.  527.  525.  464.  337.  263.  150.  115.
 SD SOL   45.0  55.6  72.3 107.9 101.5  99.1  90.7 179.6  92.0  46.2  45.2  40.9
 MX .5 P  0.26  0.27  0.39  0.62  0.81  1.04  1.05  1.22  0.99  0.54  0.29  0.37
 DEW PT  18.76 18.16 24.12 34.52 45.76 55.40 59.76 59.40 52.40 43.03 31.73 20.82
Time Pk  0.695 0.780 0.818 0.871 0.878 0.884 0.896 0.903 0.912 0.932 0.953 1.000
% N       3.90  3.99  4.47  5.67  6.00  6.48  6.44  7.03  6.71  5.79  3.54  3.24
MEAN      3.02  3.44  3.34  3.48  3.36  2.91  2.58  2.60  2.63  2.74  2.57  2.74
STD DEV   1.47  1.70  1.73  1.82  1.69  1.47  1.19  1.24  1.34  1.39  1.19  1.33
SKEW      1.13  0.93  0.94  0.79  0.84  1.43  1.35  1.49  1.71  1.16  1.10  1.39
% NNE     2.01  2.02  2.54  2.64  3.39  2.90  2.51  2.93  2.77  2.85  1.52  1.59
MEAN      2.98  3.02  3.02  3.33  3.39  3.04  2.72  2.76  2.73  2.82  2.91  2.35
STD DEV   1.34  1.43  1.31  1.58  1.53  1.36  1.33  1.38  1.29  1.34  1.34  1.11
SKEW      0.78  0.93  0.83  0.51  0.64  0.74  1.26  1.01  0.92  0.83  0.84  1.02
% NE      2.63  2.05  2.76  2.66  2.66  2.57  2.45  2.65  2.89  2.82  2.36  2.66
MEAN      2.98  3.02  2.88  2.70  2.75  2.56  2.31  2.60  2.56  2.57  3.02  3.14
STD DEV   1.55  1.63  1.55  1.31  1.34  1.17  0.97  1.19  1.20  1.29  1.61  1.63
SKEW      0.93  1.15  1.23  0.86  0.98  0.92  1.05  1.23  0.89  0.94  1.06  0.96
% ENE     5.27  5.20  4.89  4.06  4.60  3.37  2.59  3.00  3.85  4.12  4.41  5.43
MEAN      4.31  4.08  4.13  4.14  3.75  3.40  3.05  3.33  3.60  3.71  4.17  4.39
STD DEV   1.81  1.73  1.76  1.70  1.51  1.47  1.32  1.30  1.39  1.48  1.62  1.74
SKEW      0.33  0.38  0.42  0.42  0.58  0.87  0.66  0.40  0.19  0.29  0.43  0.18
% E       9.13  8.41  8.23  7.37  7.67  6.17  4.20  4.83  5.66  5.67  7.63  9.11
MEAN      4.04  4.07  4.35  4.22  3.82  3.48  3.17  3.16  3.60  3.71  4.26  4.03
STD DEV   1.83  1.70  1.87  1.78  1.62  1.51  1.36  1.36  1.53  1.70  1.88  1.73
SKEW      0.42  0.41  0.59  0.30  0.56  0.86  0.71  0.80  0.64  0.68  0.56  0.50
% ESE     5.10  5.70  5.41  5.08  5.45  4.40  3.20  3.57  4.17  4.42  5.28  5.76
MEAN      3.86  4.17  4.74  4.37  4.11  3.74  3.34  3.37  3.66  3.70  4.40  3.91
STD DEV   1.86  1.90  2.13  1.77  1.84  1.60  1.43  1.33  1.44  1.66  2.36  1.89
SKEW      0.81  0.68  0.48  0.29  0.65  0.78  0.96  0.81  0.42  0.54  2.08  0.89
% SE      3.59  3.81  3.90  3.61  4.53  4.03  3.24  3.27  3.65  3.73  4.03  3.39
MEAN      3.63  4.06  4.47  4.44  3.91  3.85  3.16  3.16  3.45  3.36  3.99  3.32
STD DEV   1.94  2.31  2.18  2.08  1.83  1.93  1.45  1.40  1.54  1.67  2.12  1.77
SKEW      0.95  1.04  0.45  0.30  0.45  0.77  0.95  0.85  0.64  0.89  0.91  1.04
% SSE     2.60  3.06  3.21  5.17  5.33  4.58  3.72  4.02  4.44  3.63  3.69  2.17
MEAN      4.42  4.73  5.22  5.92  5.14  4.86  4.42  4.39  4.66  4.22  5.20  4.42
STD DEV   2.50  2.48  2.43  2.37  2.17  2.09  2.15  2.00  2.22  2.21  2.66  2.60
SKEW      0.58  0.39  0.46 -0.05  0.13  0.20  0.46  0.41  0.31  0.57  0.50  0.71
% S       1.82  1.93  2.54  4.32  5.27  6.69  5.80  5.19  5.15  3.62  3.02  2.11
MEAN      4.16  4.01  5.03  5.90  5.19  4.64  4.32  4.12  4.26  3.98  4.87  4.00
STD DEV   2.83  2.35  2.99  2.83  2.51  2.11  2.15  1.98  2.16  2.25  3.05  2.58
SKEW      1.06  0.82  0.59  0.20  0.31  0.32  0.56  0.61  0.59  0.61  0.88  1.13
% SSW     0.99  1.03  1.37  1.61  2.26  3.16  3.40  3.37  3.10  1.82  1.45  1.12
MEAN      3.00  3.19  3.52  3.96  4.06  3.63  3.70  3.38  3.49  2.98  3.72  2.81
STD DEV   1.54  1.78  1.80  1.97  2.04  1.57  1.75  1.65  1.87  1.73  2.09  1.45
SKEW      0.87  0.98  0.79  0.50  0.43  0.64  0.69  0.93  0.87  1.09  0.76  1.06
% SW      1.86  1.87  1.92  2.18  2.66  3.61  4.68  4.53  3.34  2.75  1.97  2.18
MEAN      2.99  3.48  3.59  3.58  3.43  3.16  3.14  2.97  2.72  2.83  3.05  3.22
STD DEV   1.56  1.91  1.96  2.02  1.80  1.38  1.39  1.36  1.11  1.44  1.73  2.00
SKEW      1.18  1.09  0.86  0.80  0.77  1.07  1.03  1.17  0.84  1.48  1.13  1.61
% WSW     7.19  5.88  6.39  6.35  6.31  6.88  7.50  6.59  5.70  6.11  7.62  7.77
MEAN      5.09  5.04  5.42  5.03  4.58  4.21  3.83  3.74  3.72  4.10  5.19  5.08
STD DEV   2.33  2.24  2.29  2.22  2.05  1.78  1.63  1.57  1.72  1.98  2.22  2.16
SKEW      0.43  0.22  0.25  0.23  0.29  0.39  0.61  0.56  0.77  0.51  0.10  0.22
% W      17.52 16.32 15.09 14.27 11.60 11.54 12.29 11.75 11.09 12.58 17.03 18.57
MEAN      5.46  5.48  5.37  5.23  4.39  4.02  3.79  3.56  3.78  4.13  5.08  5.23
STD DEV   2.33  2.29  2.27  2.37  2.07  1.79  1.65  1.59  1.77  1.95  2.12  2.12
SKEW      0.34  0.30  0.43  0.57  0.70  0.55  0.63  0.72  0.74  0.47  0.21  0.23
% WNW    12.42 13.78 12.30 10.55  7.34  7.99  8.60  7.65  8.43  8.70 10.62 11.24
MEAN      5.66  5.82  5.71  5.17  4.40  3.91  3.70  3.40  3.61  4.20  5.18  5.32
STD DEV   2.35  2.33  2.23  2.28  2.10  1.82  1.73  1.63  1.72  2.07  2.22  2.22
SKEW      0.33  0.12  0.25  0.30  0.58  0.63  0.68  0.78  0.72  0.44  0.22  0.14
% NW      6.95  8.69  9.42  8.54  6.58  6.95  7.55  7.64  7.24  8.15  6.95  6.17
MEAN      4.61  5.22  4.93  4.50  3.64  3.40  2.95  2.65  2.79  3.47  4.29  4.66
STD DEV   2.21  2.29  2.24  2.27  1.98  1.83  1.57  1.44  1.54  1.99  2.09  2.36
SKEW      0.22  0.11  0.13  0.45  0.81  0.98  1.26  1.58  1.65  0.81  0.34  0.55
% NNW     4.06  4.28  5.01  5.62  5.31  5.19  6.12  5.68  5.35  5.24  3.23  3.19
MEAN      4.05  4.30  4.46  4.35  3.84  3.09  2.86  2.76  3.02  3.28  3.69  3.92
STD DEV   1.88  1.96  2.00  2.11  1.99  1.61  1.46  1.37  1.60  1.78  1.82  2.00
SKEW      0.46  0.36  0.23  0.40  0.78  1.17  1.43  1.34  1.18  0.96  0.58  0.95
CALM     13.00 11.98 10.52 10.28 12.95 13.47 15.89 16.34 16.51 17.89 15.53 14.38
WILLIAMSPORT  PA    1.000  PHILIPSBURG   PA    0.000  BINGHAMTON/BR NY    0.000
