 CANTON ISLAND PI                        914101 0
 LATT=  -2.77 LONG=-171.72 YEARS= 24. TYPE= 1
 ELEVATION =   10. TP5 = 4.29 TP6= 6.00
 MEAN P   0.58  0.35  0.28  0.22  0.23  0.23  0.21  0.22  0.23  0.30  0.43  0.56
 S DEV P  0.90  0.64  0.66  0.38  0.34  0.35  0.39  0.33  0.36  0.47  0.75  0.78
 SQEW  P  2.21  3.60  5.45  3.94  3.38  3.65  5.42  3.42  2.50  2.57  3.41  2.10
 P(W/W)   0.61  0.53  0.46  0.47  0.42  0.46  0.51  0.45  0.43  0.43  0.54  0.54
 P(W/D)   0.14  0.14  0.21  0.28  0.26  0.27  0.27  0.24  0.19  0.14  0.10  0.13
 TMAX AV 88.40 88.41 88.79 89.22 89.25 88.85 88.61 88.80 89.02 89.23 88.99 88.68
 TMIN AV 77.48 77.50 77.94 77.94 78.07 77.66 77.62 77.68 77.67 77.77 77.55 77.59
 SD TMAX  2.37  1.95  1.96  2.03  1.90  1.86  1.95  1.97  1.87  1.93  2.24  2.32
 SD TMIN  2.21  2.32  1.89  1.97  2.00  2.17  2.18  2.07  2.07  2.04  2.29  2.36
 SOL.RAD  588.  626.  634.  604.  561.  549.  550.  597.  640.  651.  600.  572.
 SD SOL   16.4  17.0  22.1  31.8  38.8  37.6  39.4  31.8  21.5  11.8  15.8  17.6
 MX .5 P  1.89  1.71  2.24  1.18  1.08  1.06  1.61  0.91  0.86  0.93  1.76  1.60
 DEW PT  57.29 56.87 57.17 58.75 59.75 61.33 62.62 62.92 63.62 62.04 59.46 57.87
Time Pk  0.546 0.632 0.681 0.734 0.748 0.766 0.792 0.822 0.845 0.883 0.921 1.000
% N       5.02  2.85  1.71  3.82  2.17  1.40  0.62  0.41  1.26  2.23  3.26  5.04
MEAN      6.49  6.41  5.74  5.45  5.12  5.39  3.89  5.14  5.17  5.70  5.71  5.38
STD DEV   2.16  1.86  1.79  1.67  1.65  1.68  1.20  1.60  1.47  1.88  1.95  1.89
SKEW      0.22  0.28  0.16  0.18  0.01  0.30 -0.08 -0.01  0.65  0.23  0.41  0.31
% NNE     5.92  8.19  6.04  8.17  6.13  4.75  1.83  2.06  3.28  5.42  5.20  7.69
MEAN      6.92  7.19  6.36  5.96  6.08  5.88  5.06  6.39  5.99  6.25  6.22  6.06
STD DEV   2.04  2.10  1.83  1.77  2.03  1.74  1.75  2.00  1.91  1.83  2.10  1.97
SKEW     -0.01 -0.01 -0.06  0.05  0.09 -0.07  0.32 -0.02  0.02  0.10  0.15  0.11
% NE     16.39 17.41 20.24 17.13 16.02 10.45  7.49  7.34  9.60 11.66 14.72 16.32
MEAN      7.25  7.15  7.01  5.84  6.32  5.83  6.08  6.51  6.37  6.24  6.36  6.47
STD DEV   1.97  2.14  1.82  1.71  1.96  1.92  1.93  1.91  1.86  1.85  2.15  1.92
SKEW     -0.14  0.13 -0.05  0.22  0.21  0.14  0.28 -0.05 -0.03  0.22  0.23 -0.05
% ENE    27.65 30.14 34.63 27.20 26.30 21.39 20.20 18.94 21.34 22.85 25.11 25.31
MEAN      7.21  7.04  6.67  6.12  6.08  5.83  6.56  6.61  6.40  6.30  6.00  6.72
STD DEV   1.85  1.88  1.77  1.76  1.70  1.77  1.82  1.67  1.71  1.72  1.83  1.91
SKEW      0.06 -0.01  0.12  0.12  0.10 -0.13  0.15  0.08  0.09  0.17  0.22 -0.13
% E      24.64 28.68 29.12 28.99 26.83 33.93 36.80 37.28 35.21 30.74 25.13 24.26
MEAN      7.09  7.21  6.58  6.12  6.09  6.07  6.75  7.20  6.82  6.44  6.19  6.44
STD DEV   1.95  2.00  1.84  1.84  1.78  1.84  1.87  1.84  1.97  1.94  1.97  2.04
SKEW      0.05  0.00  0.31  0.13  0.05 -0.02  0.04 -0.12  0.03  0.11  0.18 -0.04
% ESE     7.82  6.08  4.62  9.71 13.47 18.20 23.12 27.05 21.47 16.84 12.72  7.87
MEAN      6.79  6.53  5.99  6.04  6.22  6.34  6.57  7.13  6.71  6.36  5.97  6.04
STD DEV   1.96  1.60  1.88  1.86  2.04  1.88  1.83  1.88  1.85  1.88  1.96  1.97
SKEW      0.02  0.07  0.51  0.11  0.16  0.07  0.10 -0.07 -0.03  0.32  0.17  0.26
% SE      0.89  1.00  0.74  1.74  3.71  4.63  6.16  4.52  4.90  5.16  2.74  1.23
MEAN      4.84  5.98  5.52  5.71  6.18  5.70  6.33  7.17  6.60  6.26  6.05  4.73
STD DEV   1.65  2.20  2.37  2.09  2.20  2.02  2.39  1.92  2.36  2.36  2.48  1.88
SKEW      1.24 -0.01  1.41  0.19  0.25  0.34  0.34 -0.04  0.21  0.40  0.29  0.70
% SSE     0.37  0.41  0.10  0.26  0.65  1.07  1.60  1.38  1.36  1.21  0.92  0.68
MEAN      4.14  4.02  4.21  4.57  5.28  4.34  5.53  6.96  5.43  5.46  5.63  4.81
STD DEV   1.48  1.23  1.77  2.26  1.71  1.62  2.12  1.90  1.95  2.07  2.66  2.17
SKEW      0.36 -0.33  1.16  1.32 -0.03  0.39  0.53 -0.43  0.41  0.91  0.27  0.27
% S       0.23  0.24  0.14  0.24  0.41  0.54  0.55  0.38  0.48  0.65  0.71  0.60
MEAN      4.60  2.80  4.40  3.15  3.31  2.89  4.36  2.96  4.14  3.49  3.68  4.47
STD DEV   1.31  0.56  1.11  0.91  1.24  1.01  2.04  1.65  1.67  1.15  1.37  2.03
SKEW      0.01 -0.44 -0.20  0.13  0.22  0.42  1.30  2.02  1.51  0.58  1.99  0.55
% SSW     0.44  0.13  0.19  0.21  0.39  0.18  0.33  0.04  0.12  0.13  0.29  0.19
MEAN      5.29  4.83  5.72  2.61  3.87  2.52  2.89  2.68  2.68  3.70  4.26  5.37
STD DEV   2.46  0.56  2.90  0.88  1.43  0.68  0.90  0.00  0.00  0.95  2.19  0.90
SKEW      0.51  0.00  0.63 -0.92  0.14 -0.38  0.61  0.00  0.00  1.32  0.90  0.00
% SW      0.86  0.41  0.13  0.11  0.32  0.17  0.14  0.02  0.10  0.18  0.64  0.29
MEAN      6.89  6.28  2.15  2.30  3.73  2.73  3.22  2.15  4.83  2.99  5.75  3.76
STD DEV   2.69  1.79  0.00  1.02  1.27  0.71  0.00  0.00  0.00  1.14  2.37  1.23
SKEW     -0.43 -0.03  0.00 -0.27 -0.03  0.78 -3.00  0.00  0.00  2.66  0.40  0.00
% WSW     0.70  0.14  0.32  0.05  0.52  0.15  0.08  0.00  0.00  0.31  1.03  0.35
MEAN      5.33  4.88  5.37  3.76  4.37  3.22  3.04  0.00  0.00  4.25  6.85  7.33
STD DEV   1.82  0.56  2.49  0.00  1.13  0.00  0.42  0.00  0.00  1.47  2.58  2.91
SKEW      0.01 -0.20  0.00  0.00 -0.49 -3.00 -1.83  0.00  0.00  0.03 -0.18 -0.66
% W       1.79  0.96  0.52  0.25  0.54  0.49  0.21  0.01  0.00  0.28  2.27  1.35
MEAN      7.70  5.79  4.89  5.53  4.55  4.21  3.76  3.22  0.00  3.76  8.02  5.90
STD DEV   3.41  2.55  1.36  1.64  1.60  1.13  0.56  0.00  0.00  1.57  3.17  2.74
SKEW      0.33  0.46 -0.80 -0.57  0.16 -0.67  0.00  0.00  0.00  0.47 -0.14  0.13
% WNW     1.38  1.00  0.45  0.17  0.30  0.24  0.07  0.02  0.10  0.18  1.26  1.52
MEAN      6.64  8.19  5.63  4.68  4.67  4.36  0.00  3.22  2.15  4.52  7.12  7.14
STD DEV   2.56  2.21  1.51  1.58  0.73  1.36  0.00  0.00  0.00  1.53  3.26  2.94
SKEW      0.50  0.14  0.38 -0.34 -0.51  0.73  0.00  0.00  0.00 -0.38  0.32 -0.13
% NW      2.70  1.49  0.39  0.35  0.79  1.08  0.04  0.04  0.10  0.30  1.40  3.46
MEAN      6.97  7.09  6.90  3.46  4.53  5.01  2.11  3.22  0.00  4.18  6.57  7.05
STD DEV   2.27  2.53  1.73  1.22  1.23  1.65  1.24  0.00  0.00  1.31  3.00  2.43
SKEW     -0.28 -0.16  0.13  0.33  0.38  0.29  0.08  0.00  0.00  1.66  0.57  0.02
% NNW     2.52  0.78  0.60  0.85  0.92  0.88  0.13  0.30  0.15  0.96  1.38  2.42
MEAN      6.38  6.28  5.69  4.74  4.46  5.89  2.67  4.17  5.12  5.05  6.73  5.36
STD DEV   2.21  2.68  1.61  1.39  1.54  1.87  0.85  0.99  0.74  1.82  2.32  1.96
SKEW      0.25  1.06  0.27  0.51  0.21 -0.27  1.15 -0.25 -2.42  0.29  0.19  0.66
CALM      0.61  0.07  0.19  0.70  0.67  0.39  0.64  0.12  0.41  0.85  1.18  1.42
CANTON ISLAND PI    1.000  MAJURO ATOLL  PI    0.000  CANTON ISLAND PI    0.000
 GUAM WSMO PI                            914229 0
 LATT=  13.55 LONG= 144.83 YEARS= 35. TYPE= 1
 ELEVATION =  360. TP5 = 2.46 TP6= 5.34
 MEAN P   0.26  0.25  0.22  0.21  0.28  0.27  0.44  0.56  0.57  0.50  0.38  0.27
 S DEV P  0.49  0.45  0.37  0.45  0.51  0.41  0.59  0.84  0.82  0.72  0.65  0.45
 SQEW  P  5.27  4.91  3.95  6.07  4.52  3.81  3.03  3.31  3.11  3.05  4.76  5.44
 P(W/W)   0.73  0.72  0.73  0.75  0.75  0.85  0.86  0.86  0.87  0.86  0.88  0.80
 P(W/D)   0.44  0.45  0.38  0.46  0.46  0.53  0.60  0.47  0.57  0.64  0.66  0.57
 TMAX AV 83.53 83.53 84.50 85.80 86.77 86.91 86.37 86.00 86.10 85.91 85.33 84.27
 TMIN AV 71.04 70.94 71.13 72.35 72.79 72.97 72.44 72.24 72.28 72.42 73.15 72.77
 SD TMAX  1.61  1.62  1.68  1.74  1.87  1.92  2.17  2.36  2.06  1.99  1.55  1.36
 SD TMIN  3.57  3.25  3.29  2.88  2.76  2.38  2.01  2.12  2.17  2.37  2.44  2.80
 SOL.RAD  394.  461.  541.  587.  627.  632.  621.  616.  579.  514.  449.  391.
 SD SOL   27.8  30.7  32.5  41.4  40.8  43.2  45.0  37.9  30.5  22.9  16.6  21.9
 MX .5 P  1.71  1.41  1.84  1.32  1.12  0.83  0.84  1.24  1.23  2.08  1.74  1.76
 DEW PT  63.00 61.56 62.56 64.12 65.12 65.56 67.12 67.12 67.56 66.56 65.56 63.56
Time Pk  0.498 0.603 0.664 0.731 0.751 0.776 0.800 0.819 0.841 0.878 0.912 1.000
% N       0.84  0.70  1.14  0.54  0.64  0.51  1.63  2.57  3.12  3.01  1.94  0.77
MEAN      4.19  4.33  3.42  3.79  2.52  2.32  2.70  2.73  2.56  3.08  3.60  3.32
STD DEV   2.35  1.84  1.52  1.55  1.28  1.13  1.84  1.48  1.32  1.66  2.23  1.89
SKEW      0.39  0.27  0.17 -0.02  0.34  0.25  1.72  0.81  0.60  0.54  0.97  0.64
% NNE     3.38  3.56  3.14  1.27  0.63  0.65  1.31  1.60  2.73  2.64  2.84  2.04
MEAN      4.41  4.48  4.17  4.03  3.09  2.43  2.54  2.25  2.36  2.67  3.87  3.99
STD DEV   2.08  2.07  2.08  1.97  1.39  1.28  1.48  1.13  1.19  1.51  2.15  1.98
SKEW      0.53  0.26  0.57  0.51  0.53  0.89  1.13  1.11  0.88  1.18  0.89  0.53
% NE     15.02 13.97 11.88  5.40  3.74  3.33  3.84  4.29  6.06  6.50  9.09 12.00
MEAN      4.42  4.39  4.10  4.01  3.34  2.94  2.39  2.31  2.57  2.71  3.60  4.19
STD DEV   2.01  2.15  2.11  1.99  1.81  1.60  1.45  1.24  1.44  1.47  2.21  2.00
SKEW      0.54  0.55  0.68  0.64  0.75  0.67  1.42  1.21  1.09  1.06  3.30  0.59
% ENE    30.68 32.15 27.87 20.79 14.74 11.71  7.73  7.06  7.33 10.98 21.47 28.36
MEAN      4.51  4.67  4.29  4.74  4.26  3.68  3.05  2.91  2.81  3.30  4.17  4.60
STD DEV   1.86  2.03  1.95  2.06  2.02  1.76  1.74  1.51  1.52  1.67  2.19  1.92
SKEW      0.49  0.49  0.54  0.44  0.74  0.71  1.07  0.98  1.01  0.90  1.70  0.58
% E      29.03 29.87 35.02 39.12 37.19 34.97 22.48 15.17 13.43 17.98 28.75 32.73
MEAN      4.79  5.07  4.91  5.05  4.78  4.12  3.58  3.32  3.15  3.61  4.54  4.99
STD DEV   1.93  2.06  1.99  1.99  2.02  1.82  1.78  1.63  1.57  1.80  2.01  1.97
SKEW      0.45  0.34  0.33  0.36  0.44  0.47  0.59  0.54  0.70  0.95  0.60  0.41
% ESE    12.30 13.15 14.43 23.11 26.40 29.38 20.49 14.60 10.80 12.87 16.66 13.97
MEAN      5.21  5.13  5.11  5.36  5.11  4.76  4.09  3.79  3.50  3.90  4.90  5.16
STD DEV   1.94  2.01  1.98  1.90  1.96  1.86  1.86  1.74  1.66  1.81  2.01  1.89
SKEW      0.28  0.28  0.21  0.22  0.27  0.30  0.55  0.59  0.64  0.67  0.52  0.36
% SE      4.35  3.53  3.54  5.63  8.89 11.07 14.23 13.06 10.29 10.23  7.97  4.82
MEAN      5.07  4.67  4.58  5.28  4.83  4.65  3.58  3.65  3.36  3.77  5.17  4.86
STD DEV   1.97  2.15  2.21  2.19  2.20  2.03  1.75  1.83  1.60  1.93  2.31  2.04
SKEW      0.21  0.58  0.48  0.53  0.75  0.59  0.67  0.68  0.51  0.76  0.55  0.54
% SSE     1.34  0.77  0.68  1.15  2.61  2.48  5.50  7.80  6.95  5.60  3.60  1.75
MEAN      5.03  4.23  4.01  4.83  5.09  4.10  3.70  3.65  3.33  3.60  5.23  4.59
STD DEV   2.30  1.62  1.69  2.19  2.59  1.79  2.35  1.90  1.62  1.79  2.90  1.93
SKEW      0.78  0.21  0.15  0.56  0.55  0.31  1.75  0.57  0.63  0.75  0.78  0.38
% S       0.72  0.42  0.16  0.82  1.30  1.28  5.42  9.09  9.16  6.45  1.97  0.93
MEAN      3.54  2.34  4.14  3.42  4.00  2.93  2.81  3.27  3.25  3.51  4.93  3.34
STD DEV   1.34  1.29  2.20  1.96  2.04  1.54  1.61  1.90  1.86  2.01  3.20  1.62
SKEW     -0.17  0.48  0.00  0.96  0.33  0.51  1.19  0.82  0.86  0.81  0.93  0.44
% SSW     0.08  0.05  0.03  0.20  0.48  0.37  1.82  3.11  4.11  2.80  0.58  0.25
MEAN      1.82  0.00  0.00  2.58  2.90  3.64  2.82  3.19  3.37  3.55  3.26  2.23
STD DEV   0.00  0.00  0.00  1.14  1.72  2.49  1.66  1.98  1.99  1.95  1.69  0.51
SKEW      0.00  0.00  0.00  0.13  0.49  1.12  0.70  1.16  0.84  0.74  0.84  0.84
% SW      0.03  0.00  0.00  0.20  0.18  0.17  1.42  2.59  3.17  2.09  0.23  0.12
MEAN      0.00  0.00  0.00  4.65  3.12  1.25  2.73  3.26  3.42  3.71  1.83  4.06
STD DEV   0.00  0.00  0.00  0.55  1.79  0.51  1.52  1.77  1.95  2.15  1.13  0.99
SKEW      0.00  0.00  0.00  0.00  0.28  1.05  0.53  0.46  0.80  0.61  1.22 -1.39
% WSW     0.03  0.05  0.03  0.09  0.17  0.08  0.89  1.88  2.16  1.33  0.18  0.23
MEAN      0.00  0.00  0.00  6.21  1.55  0.00  3.00  3.73  3.54  3.72  4.95  4.25
STD DEV   0.00  0.00  0.00  0.00  0.55  0.00  1.57  1.77  1.96  2.27  0.34  1.16
SKEW      0.00  0.00  0.00 -3.00  0.00  0.00  0.42  0.32  1.21  0.87 -0.71 -0.38
% W       0.06  0.08  0.06  0.21  0.29  0.25  1.21  2.52  3.01  1.99  0.32  0.17
MEAN      3.10  0.00  5.17  7.24  4.39  2.24  3.22  3.95  3.92  3.95  3.11  4.36
STD DEV   1.10  0.00  0.00  2.33  2.45  1.13  1.81  2.17  2.12  2.52  1.72  2.06
SKEW      0.00  0.00 -3.00  0.60  0.38  0.49  0.59  0.50  0.56  0.94 -0.03  0.62
% WNW     0.06  0.05  0.03  0.08  0.25  0.22  0.82  1.60  2.02  1.63  0.54  0.16
MEAN      3.10  0.00  0.00  0.00  2.86  2.90  2.50  3.44  3.69  3.19  3.45  4.51
STD DEV   1.10  0.00  0.00  0.00  0.81  1.40  1.22  1.91  1.93  1.65  1.51  0.00
SKEW      0.00  0.00  0.00  0.00  0.09  0.37  0.56  1.33  0.58  0.76  0.31  0.00
% NW      0.13  0.06  0.12  0.22  0.25  0.25  1.31  1.71  2.34  2.61  0.50  0.12
MEAN      1.93  5.17  2.96  4.56  2.65  2.15  2.56  2.78  3.02  3.39  2.76  4.14
STD DEV   0.88  0.00  1.96  0.76  0.79  1.09  1.42  1.49  1.52  1.72  1.51  1.53
SKEW      0.28  0.00 -0.07  0.00  0.69  0.39  0.89  0.89  0.47  0.70  0.71 -0.38
% NNW     0.21  0.15  0.13  0.12  0.22  0.38  1.02  1.40  2.09  2.26  0.48  0.27
MEAN      3.44  2.69  3.24  3.10  2.58  2.58  2.64  2.78  3.07  3.37  3.26  5.37
STD DEV   1.12  1.18  1.19  1.10  1.52  1.25  1.19  1.36  1.47  1.92  2.29  2.21
SKEW      0.07  0.52  0.85  0.00  0.95  0.21  0.34  0.65  0.45  0.96  0.96 -0.61
CALM      1.62  1.35  1.58  1.01  1.94  2.88  8.94  9.83 11.42  8.97  2.84  1.32
GUAM/AGANA    PI    1.000  SAIPAN        PI    0.000  YAP ISLAND    PI    0.000
 JOHNSTON IS. WB AP PI                   914320 0
 LATT=  16.73 LONG=-169.52 YEARS= 39. TYPE= 1
 ELEVATION =   10. TP5 = 3.58 TP6= 5.86
 MEAN P   0.19  0.15  0.18  0.17  0.13  0.08  0.10  0.17  0.15  0.18  0.25  0.18
 S DEV P  0.41  0.34  0.38  0.44  0.37  0.12  0.33  0.43  0.32  0.37  0.56  0.40
 SQEW  P  4.45  6.56  4.75  6.69  7.32  4.41 15.97  8.36  6.36  4.86  4.75  4.36
 P(W/W)   0.50  0.50  0.57  0.59  0.53  0.46  0.42  0.50  0.54  0.58  0.63  0.58
 P(W/D)   0.23  0.26  0.28  0.28  0.25  0.27  0.29  0.29  0.31  0.34  0.30  0.32
 TMAX AV 80.84 80.78 80.96 81.81 83.01 84.29 85.02 85.44 85.51 84.94 83.28 81.72
 TMIN AV 73.00 72.94 73.02 73.87 75.20 76.41 77.10 77.63 77.47 77.14 75.63 73.90
 SD TMAX  1.92  2.03  2.04  1.88  1.87  1.66  1.83  1.92  2.05  1.90  1.95  1.92
 SD TMIN  2.18  2.10  2.13  2.18  1.81  1.74  1.82  1.90  1.94  2.14  2.28  2.20
 SOL.RAD  419.  494.  562.  610.  636.  646.  625.  620.  583.  520.  468.  408.
 SD SOL   22.3  22.5  27.2  34.5  37.7  38.0  42.8  36.7  29.7  22.6  12.8  18.9
 MX .5 P  1.21  0.93  1.27  1.25  1.02  0.93  1.25  1.63  1.84  1.56  1.57  1.31
 DEW PT  63.48 61.95 62.48 63.48 64.48 65.48 66.48 66.48 67.48 66.48 65.00 63.48
Time Pk  0.547 0.633 0.682 0.734 0.749 0.767 0.793 0.822 0.846 0.884 0.921 1.000
% N       3.62  1.77  2.31  1.00  0.29  0.06  0.00  0.03  0.22  0.57  1.60  1.71
MEAN      6.08  5.62  6.25  5.22  4.82  4.26  0.00  2.20  4.31  5.10  6.83  6.11
STD DEV   2.65  2.22  2.64  2.10  1.44  0.81  0.00  0.00  2.37  1.79  3.25  2.73
SKEW      0.62  0.42  0.44  0.51 -0.05  0.00  0.00  0.00  0.43  0.11  0.74  0.97
% NNE     4.48  4.01  5.30  1.95  0.87  0.33  0.20  0.42  0.52  1.25  1.47  3.11
MEAN      7.71  7.26  8.36  7.13  7.22  7.21  6.75  6.57  6.46  6.07  6.86  8.06
STD DEV   3.22  2.59  3.35  2.70  2.65  2.67  1.94  2.87  2.15  2.19  2.67  3.24
SKEW      0.22  0.37  0.01 -0.11  0.18  0.33 -0.21 -0.12  0.46  0.30  0.57  0.74
% NE     11.16 13.76 18.14 14.20 12.93  3.83  3.95  5.21  6.05  7.40  6.05 12.18
MEAN      7.70  8.23  8.60  8.69  8.23  7.37  8.13  7.91  7.58  7.74  7.99  8.86
STD DEV   2.73  2.62  2.89  2.34  1.99  2.14  1.87  2.19  1.96  2.45  2.66  2.89
SKEW      0.01  0.04  0.06 -0.24 -0.11 -0.02 -0.16  0.17 -0.04 -0.01  0.11 -0.01
% ENE    23.12 28.87 30.74 34.19 32.78 33.16 34.19 32.63 30.03 31.94 30.37 24.80
MEAN      8.10  8.77  8.97  9.06  8.94  8.94  8.39  8.71  8.90  8.39  8.88  8.51
STD DEV   2.85  2.42  2.63  2.44  2.13  2.19  1.84  2.27  2.47  2.35  2.22  2.67
SKEW      0.26  0.04  0.33  0.09  0.04  0.16  0.02  0.42  0.00 -0.05  0.07  0.01
% E      26.75 34.09 29.80 38.76 44.83 53.24 52.91 51.17 49.46 45.56 44.97 41.10
MEAN      7.40  8.17  8.20  8.03  8.01  7.78  7.61  7.66  7.31  7.81  8.45  8.51
STD DEV   2.45  2.18  2.33  2.02  1.89  1.67  1.63  1.66  1.82  2.05  2.07  2.47
SKEW      0.15 -0.15  0.11 -0.11 -0.16 -0.18 -0.12  0.01  0.17  0.06 -0.18  0.01
% ESE    10.56  8.22  8.09  6.21  6.00  7.61  7.25  8.91  8.91  8.07  7.75  8.06
MEAN      7.08  6.97  7.39  7.03  7.12  6.95  7.02  7.13  6.51  7.09  7.16  7.56
STD DEV   2.34  2.25  2.34  1.93  2.01  1.71  1.73  1.68  1.88  2.08  2.09  2.54
SKEW      0.52  0.37  0.23  0.14  0.22  0.01  0.06  0.01  0.45  0.26  0.20  0.48
% SE      4.43  2.85  2.06  1.49  1.38  1.12  0.81  0.92  2.14  1.74  2.75  2.24
MEAN      6.04  5.54  6.04  5.88  5.54  5.37  6.19  6.16  5.88  5.86  6.30  6.84
STD DEV   2.21  1.94  2.16  2.08  1.76  1.99  1.93  2.05  2.20  2.22  2.34  3.05
SKEW      0.64  0.59  0.40  0.98  0.34  0.59  0.14  0.13  0.46  1.06  0.56  0.61
% SSE     2.37  1.44  0.77  0.70  0.34  0.24  0.11  0.23  0.67  0.74  0.81  1.29
MEAN      6.36  5.58  5.45  5.56  5.22  5.32  5.47  5.88  4.90  5.21  5.52  7.36
STD DEV   2.55  2.13  1.92  1.69  2.01  2.76  1.94  2.56  1.91  2.47  2.49  3.27
SKEW      0.68  0.12  0.31  0.22  0.74  1.46  0.24  1.31  1.00  0.59  0.85  0.43
% S       1.43  0.84  0.73  0.40  0.11  0.12  0.08  0.17  0.51  0.72  0.70  1.00
MEAN      4.91  5.35  5.78  5.43  4.41  4.51  3.83  4.59  5.11  5.52  5.01  6.55
STD DEV   1.96  2.07  2.15  1.98  1.19  0.98  1.79  1.62  2.41  2.26  1.94  3.03
SKEW      0.66  0.56 -0.15  0.26 -0.83  0.40  0.34  0.24  0.66  0.35  0.26  0.81
% SSW     1.02  0.40  0.35  0.13  0.05  0.04  0.00  0.04  0.39  0.39  0.27  0.89
MEAN      6.01  6.48  5.56  5.47  3.20  7.11  0.00  4.26  4.68  6.47  4.76  9.55
STD DEV   2.50  2.31  1.84  1.92  0.00  3.62  0.00  2.13  2.28  2.89  1.76  4.98
SKEW     -0.02  0.49 -0.16 -0.49  0.00  0.65  0.00 -0.69  0.88  0.59  0.64  0.37
% SW      1.73  0.42  0.28  0.09  0.09  0.06  0.00  0.03  0.24  0.33  0.64  0.70
MEAN      6.31  7.01  5.54  3.52  4.08  4.26  0.00  1.65  4.77  5.69  5.79  7.96
STD DEV   2.55  3.04  1.51  1.19  1.83  0.81  0.00  0.60  2.09  2.36  1.88  4.30
SKEW      0.61  0.37  0.96  0.52  0.16  0.00  0.00  0.00  0.90 -0.05  0.08  0.49
% WSW     1.69  0.28  0.14  0.06  0.06  0.02  0.00  0.00  0.15  0.21  0.32  0.49
MEAN      6.75  6.10  5.65  4.51  2.84  3.20  0.00  0.00  5.13  5.39  4.54  7.52
STD DEV   3.62  2.47  1.69  0.79  0.55  0.00  0.00  0.00  3.06  2.25  1.24  3.59
SKEW      0.69  0.71 -0.08 -0.30 -0.71  0.00  0.00  0.00  1.22  0.00 -0.26 -0.02
% W       1.99  0.63  0.17  0.15  0.07  0.03  0.02  0.02  0.08  0.15  0.33  0.46
MEAN      7.37  6.05  4.57  3.68  1.99  3.20  1.07  2.66  5.33  3.62  4.63  6.73
STD DEV   3.42  1.54  1.86  1.00  0.94  0.00  0.00  0.00  2.91  1.01  1.68  3.34
SKEW      0.49  0.44  0.60  0.14  0.29  0.00  0.00  0.00  0.00  0.89  0.72  0.70
% WNW     1.15  0.42  0.04  0.07  0.06  0.00  0.00  0.00  0.04  0.03  0.22  0.44
MEAN      6.13  5.03  4.78  4.80  4.97  0.00  0.00  0.00  4.97  4.02  4.68  6.22
STD DEV   2.81  1.90  0.79  0.00  1.99  0.00  0.00  0.00  1.46  0.00  2.07  3.37
SKEW      0.49  0.53 -0.96  0.00  0.53  0.00  0.00  0.00 -0.38  0.00  0.61  0.94
% NW      1.22  0.50  0.32  0.08  0.06  0.02  0.00  0.00  0.08  0.07  0.41  0.37
MEAN      6.37  5.40  4.94  3.99  3.91  4.26  0.00  0.00  4.81  4.48  5.22  5.58
STD DEV   2.67  2.16  1.72  1.12  0.55  0.00  0.00  0.00  2.34  1.59  2.18  2.07
SKEW      0.93  0.04  0.52  0.26 -0.71  0.00  0.00  0.00 -0.28 -0.37  0.09  0.47
% NNW     1.45  0.76  0.33  0.14  0.08  0.00  0.00  0.00  0.05  0.10  0.62  0.46
MEAN      5.27  6.25  6.04  4.33  3.10  0.00  0.00  0.00  6.94  3.90  7.48  5.62
STD DEV   2.66  2.62  2.26  1.87  1.10  0.00  0.00  0.00  0.48  1.37  3.10  2.14
SKEW      2.33  0.52 -0.01  0.41  0.22  0.00  0.00  0.00  0.41 -0.18  0.18  0.57
CALM      1.89  0.77  0.44  0.41  0.12  0.13  0.41  0.32  0.47  0.79  0.66  0.67
JOHNSTON IS.  PI    1.000  PAGO PAGO     PI    0.000  JOHNSTON IS.  PI    0.000
 KOROR WB PI                             914351 0
 LATT=   7.33 LONG= 134.48 YEARS= 39. TYPE= 1
 ELEVATION =   90. TP5 = 1.16 TP6= 2.80
 MEAN P   0.47  0.43  0.41  0.45  0.51  0.67  0.73  0.66  0.62  0.60  0.51  0.50
 S DEV P  0.70  0.70  0.77  0.74  0.63  0.90  0.97  0.82  0.79  0.79  0.71  0.73
 SQEW  P  3.43  3.70  8.28  3.61  2.30  2.95  2.46  2.20  2.34  2.37  3.27  2.71
 P(W/W)   0.80  0.73  0.74  0.72  0.82  0.86  0.83  0.79  0.78  0.80  0.80  0.80
 P(W/D)   0.51  0.55  0.50  0.47  0.57  0.64  0.59  0.49  0.48  0.54  0.54  0.65
 TMAX AV 86.92 86.94 87.63 88.30 88.54 87.82 87.19 87.19 87.68 87.91 88.44 87.70
 TMIN AV 75.07 74.96 75.91 75.83 76.09 75.55 75.29 75.67 75.93 75.87 75.93 75.58
 SD TMAX  2.24  2.10  1.77  2.02  2.18  2.30  2.29  2.19  2.21  2.28  2.18  2.22
 SD TMIN  1.36  1.38 23.10  1.34  1.40  1.53  1.81  2.05  1.95  1.72  1.46  1.37
 SOL.RAD  259.  341.  454.  534.  598.  610.  581.  541.  465.  371.  296.  238.
 SD SOL   29.1  32.9  37.2  51.7  58.1  65.4  69.1 122.6  62.1  33.3  22.9  27.0
 MX .5 P  0.40  0.30  0.29  0.20  0.31  0.04  0.47  0.46  0.32  0.22  0.22  0.39
 DEW PT  64.00 62.05 63.00 64.00 65.47 66.95 67.95 67.95 68.47 67.47 65.95 64.00
Time Pk  0.503 0.604 0.665 0.739 0.764 0.782 0.809 0.836 0.857 0.894 0.932 1.000
% N       4.63  2.80  4.48  3.77  3.72  3.94  3.64  3.43  2.85  3.94  6.06  4.26
MEAN      4.21  4.05  3.88  3.64  2.78  2.98  3.05  3.09  2.87  2.99  3.31  3.48
STD DEV   1.98  1.82  1.59  1.76  0.98  1.14  1.41  1.35  1.14  1.22  1.50  1.55
SKEW      0.90  1.01  0.82  1.39  1.06  0.83  1.22  1.49  0.82  1.10  0.87  1.08
% NNE     9.28  7.61  9.50  7.33  4.67  3.64  2.44  2.42  2.56  3.18  7.46  7.56
MEAN      3.45  3.46  3.45  2.73  2.60  2.44  2.57  2.56  2.45  2.67  2.74  2.97
STD DEV   1.37  1.34  1.51  1.10  0.86  0.86  0.80  0.82  0.78  1.08  0.96  1.08
SKEW      1.15  1.04  1.22  1.59  1.18  1.28  0.61  0.75  1.07  1.62  0.97  1.20
% NE     19.00 21.54 22.29 15.64 10.11  4.39  2.84  2.38  2.56  4.64 11.99 17.54
MEAN      3.80  3.93  3.76  3.07  2.88  2.50  2.42  2.77  2.48  2.58  2.88  3.35
STD DEV   1.46  1.56  1.54  1.15  0.98  0.86  0.79  1.01  0.93  0.90  1.14  1.36
SKEW      1.12  1.13  1.09  0.93  1.09  0.81  0.83  0.93  0.64  1.35  1.24  1.20
% ENE    23.99 28.78 27.25 21.28 13.60  6.28  2.26  1.92  1.97  4.45  9.19 21.45
MEAN      4.10  4.13  3.99  3.50  2.88  2.60  2.37  2.49  2.50  2.72  3.05  3.70
STD DEV   1.52  1.49  1.45  1.42  1.16  0.99  0.83  1.03  0.86  1.08  1.14  1.43
SKEW      0.88  0.58  0.75  0.75  1.23  0.96  1.21  2.00  0.81  0.87  0.69  0.86
% E      18.60 20.14 18.75 20.92 16.96  8.55  3.96  3.46  3.15  5.14 10.27 17.88
MEAN      4.21  4.36  4.19  3.95  3.46  2.95  2.66  2.79  2.78  3.03  3.41  3.79
STD DEV   1.56  1.47  1.41  1.44  1.37  1.20  1.13  1.23  1.31  1.31  1.45  1.49
SKEW      0.49  0.63  0.38  0.63  0.60  0.71  1.12  0.67  0.90  0.64  0.79  0.68
% ESE     6.59  6.98  6.02  7.84 10.26  8.48  3.65  3.28  3.34  3.70  6.36  6.88
MEAN      3.83  4.04  4.14  3.71  3.51  3.16  2.81  2.90  3.01  3.04  3.42  3.71
STD DEV   1.47  1.48  1.39  1.36  1.33  1.23  1.16  1.23  1.29  1.29  1.38  1.43
SKEW      0.43  0.71  0.68  0.40  0.65  1.04  0.58  1.89  1.11  0.83  0.66  0.57
% SE      3.27  3.91  2.47  3.63  6.38  6.99  4.35  4.28  3.74  3.80  5.21  4.51
MEAN      3.62  3.74  3.47  3.51  3.14  2.92  2.75  2.86  2.94  3.07  3.03  3.27
STD DEV   1.66  1.44  1.02  1.35  1.36  1.21  1.09  1.03  1.19  1.49  1.22  1.45
SKEW      0.90  0.78  0.36  0.56  1.45  0.84  0.64  0.66  0.60  1.22  1.06  1.00
% SSE     1.41  1.59  1.13  1.72  4.00  6.12  4.85  4.90  4.00  3.67  3.39  2.89
MEAN      3.10  3.64  3.26  3.56  2.83  2.83  2.91  2.94  2.70  2.80  2.88  3.05
STD DEV   1.38  2.00  1.29  1.87  1.30  1.13  1.21  1.13  1.12  1.27  1.51  1.31
SKEW      1.62  1.32  0.70  1.26  1.73  1.37  0.91  0.49  1.33  1.12  1.69  0.69
% S       2.51  1.97  0.81  2.29  5.22  9.48 11.49 11.86  9.61  7.90  5.30  3.18
MEAN      3.73  3.77  3.16  3.19  3.10  2.97  3.10  3.08  2.96  3.12  3.27  3.05
STD DEV   1.77  1.53  1.04  1.81  1.39  1.27  1.35  1.27  1.25  1.31  2.02  1.38
SKEW      1.41  0.71  0.27  1.85  1.72  1.28  0.98  1.00  1.10  0.77  2.85  1.27
% SSW     0.70  0.53  0.30  0.55  2.03  4.33  4.96  6.07  5.17  2.99  1.85  1.00
MEAN      3.48  3.00  4.05  4.35  3.00  3.11  3.39  3.16  3.25  3.56  2.95  3.24
STD DEV   1.96  1.10  1.46  3.40  1.22  1.41  1.36  1.18  1.38  1.92  1.18  1.58
SKEW      0.85  0.32 -0.43  1.66  0.74  1.20  0.82  0.70  1.19  1.35  0.56  1.68
% SW      0.75  0.38  0.50  0.67  1.83  4.44  8.55  9.54  8.52  6.82  2.20  1.22
MEAN      3.75  2.38  3.58  3.64  3.01  3.05  3.43  3.38  3.64  3.85  3.03  2.73
STD DEV   1.98  0.50  1.38  3.86  1.31  1.25  1.43  1.39  1.52  2.00  1.51  0.87
SKEW      1.77  0.00  0.22  3.89  0.96  0.69  1.15  0.89  0.85  1.50  1.60  0.83
% WSW     0.80  0.15  0.63  1.18  2.70  4.46 10.47 10.47 12.06  9.57  3.74  1.20
MEAN      3.62  2.38  4.38  4.04  3.84  3.36  3.79  3.65  3.93  4.26  3.60  4.12
STD DEV   1.78  0.52  1.50  1.86  1.99  1.53  1.59  1.57  1.74  2.16  1.67  2.17
SKEW      1.16  0.00 -0.03  0.47  0.96  1.24  1.08  1.02  0.79  1.18  1.08  1.05
% W       1.35  0.25  0.72  2.14  3.66  6.67 13.44 13.52 16.90 16.92  5.87  1.15
MEAN      3.62  3.26  3.78  3.81  3.99  3.53  3.98  3.73  3.89  4.28  3.87  3.61
STD DEV   1.60  0.74  1.62  2.87  2.08  1.53  1.88  1.59  1.72  2.18  2.15  1.84
SKEW      1.09  1.40  1.17  5.00  1.08  0.87  1.18  0.71  0.81  1.09  2.06  0.71
% WNW     0.68  0.20  0.55  1.69  2.08  3.29  4.37  4.58  5.82  5.67  3.60  0.94
MEAN      3.08  4.81  3.16  3.81  3.74  2.98  3.45  3.50  3.39  3.55  3.63  2.74
STD DEV   1.50  3.17  0.71  2.36  1.93  1.14  1.60  1.57  1.61  1.84  1.52  0.98
SKEW      0.65  0.44 -0.56  2.77  1.23  0.75  1.31  1.28  1.16  1.35  0.57  0.94
% NW      1.23  0.49  1.28  3.24  2.62  5.56  6.23  5.47  6.55  6.00  5.22  1.79
MEAN      4.26  3.04  3.37  3.62  3.21  3.37  3.34  3.11  3.11  3.25  3.47  3.33
STD DEV   2.75  1.17  1.24  1.76  1.53  1.26  1.53  1.19  1.43  1.41  1.38  1.37
SKEW      2.20  0.97  0.02  1.27  1.17  0.46  0.83  0.94  1.52  1.28  0.63  1.36
% NNW     2.28  0.92  2.03  2.77  2.85  3.15  3.50  3.45  2.75  4.00  3.99  1.24
MEAN      4.54  4.91  4.25  4.12  3.39  3.21  3.10  3.15  3.17  3.52  3.59  3.53
STD DEV   2.23  1.61  1.85  1.84  1.33  1.40  1.35  1.33  1.18  1.67  1.55  1.67
SKEW      1.71  0.13  0.47  1.29  0.87  1.31  0.91  0.68  0.50  1.80  0.96  0.60
CALM      2.98  1.65  1.28  3.33  7.15 10.17  8.86  8.84  8.57  7.59  8.28  5.20
KOROR         PI    1.000  YAP ISLAND    PI    0.000  KOROR         PI    0.000
 KWAJALEIN WB AP PI                      914375 0
 LATT=   8.73 LONG= 167.73 YEARS= 39. TYPE= 1
 ELEVATION =   10. TP5 = 4.09 TP6= 5.93
 MEAN P   0.28  0.23  0.30  0.43  0.45  0.43  0.44  0.44  0.51  0.49  0.49  0.38
 S DEV P  0.58  0.45  0.55  0.72  0.64  0.63  0.62  0.61  0.66  0.66  0.70  0.67
 SQEW  P  4.55  4.14  4.53  3.02  2.70  3.10  2.93  3.16  2.43  3.07  2.64  4.05
 P(W/W)   0.62  0.60  0.61  0.70  0.74  0.78  0.77  0.77  0.80  0.78  0.81  0.69
 P(W/D)   0.34  0.32  0.33  0.40  0.53  0.69  0.67  0.68  0.63  0.66  0.61  0.50
 TMAX AV 85.36 85.87 86.49 86.29 86.42 86.48 86.70 87.12 87.15 87.06 86.34 85.77
 TMIN AV 77.29 77.35 77.65 77.64 77.62 77.54 77.41 77.55 77.43 77.58 77.51 77.71
 SD TMAX  1.68  1.95  2.00  2.17  2.00  1.86  1.81  1.90  2.07  2.06  1.95  1.59
 SD TMIN  1.87  1.75  1.91  1.98  2.08  2.07  2.13  2.13  2.20  2.25  2.13  2.11
 SOL.RAD  498.  556.  590.  607.  593.  597.  589.  607.  605.  578.  527.  481.
 SD SOL   19.8  19.4  25.6  32.1  39.1  37.3  40.0  37.2  27.3  17.8  15.0  19.8
 MX .5 P  1.40  1.19  1.58  1.12  0.95  0.96  1.47  1.23  1.34  0.99  1.55  1.27
 DEW PT  63.49 61.98 62.49 63.49 64.49 65.49 66.49 66.49 67.49 66.49 65.00 63.49
Time Pk  0.546 0.632 0.681 0.733 0.748 0.766 0.792 0.822 0.845 0.883 0.921 1.000
% N       0.47  0.15  0.20  0.55  0.40  0.60  1.63  1.96  2.68  2.84  1.00  0.90
MEAN      4.22  4.56  2.60  3.70  2.83  3.68  2.97  3.05  3.76  3.12  3.44  5.19
STD DEV   2.25  1.89  1.33  1.42  0.89  1.29  1.35  1.34  1.61  1.45  1.72  2.02
SKEW      0.24  0.41 -0.33  0.51 -0.28  0.37  0.55  0.39  0.61  0.46  0.46 -0.19
% NNE     2.62  1.71  1.21  1.71  0.96  1.77  3.06  2.39  3.02  3.49  3.48  2.84
MEAN      6.80  7.26  8.50  7.61  5.29  5.12  3.94  3.68  3.75  4.02  4.96  6.28
STD DEV   2.90  1.70  2.47  2.52  1.92  2.16  1.45  1.72  1.69  1.87  2.12  2.40
SKEW     -0.35  0.02 -0.38 -0.19  0.47  0.44  0.22  0.89  0.76  0.65  0.37  0.11
% NE     25.84 26.62 18.23 16.95 13.81 11.78  9.70  9.32  8.07  8.94 16.24 20.60
MEAN      8.69  8.70  8.35  8.51  7.90  7.12  5.18  5.03  4.81  5.15  6.46  8.17
STD DEV   2.16  2.07  2.10  2.14  2.38  2.39  2.15  2.06  2.12  2.39  2.32  2.28
SKEW     -0.16 -0.13 -0.10 -0.42 -0.16 -0.01  0.23  0.53  0.50  0.60  0.19  0.09
% ENE    53.75 55.08 51.81 47.27 44.45 40.16 26.24 22.66 17.15 18.16 34.34 49.07
MEAN      8.30  8.54  8.03  8.11  7.72  7.03  6.01  5.65  5.46  5.61  6.49  8.22
STD DEV   1.96  1.83  1.73  1.84  2.01  1.88  2.04  2.01  2.15  2.16  2.06  1.89
SKEW      0.02 -0.07  0.02 -0.33 -0.17 -0.16 -0.09  0.39  0.43  0.25  0.16 -0.21
% E      13.96 15.14 23.46 26.45 29.12 31.81 34.19 31.08 22.39 22.79 25.79 19.86
MEAN      7.53  8.08  7.58  7.51  7.03  6.69  5.86  5.32  5.13  5.36  6.39  7.74
STD DEV   2.17  1.83  2.07  1.97  1.98  1.99  2.02  1.88  2.06  2.12  2.34  1.94
SKEW     -0.11 -0.25  0.05 -0.27 -0.11  0.12  0.12  0.29  0.46  0.47  0.42 -0.14
% ESE     1.22  0.62  2.29  3.47  5.55  6.42  9.24  9.15  7.69  8.76  7.51  3.23
MEAN      5.23  6.08  5.60  6.19  5.82  5.37  4.94  4.68  4.41  4.71  5.54  6.37
STD DEV   1.50  2.20  2.35  2.16  2.33  2.19  1.98  1.77  1.94  2.06  2.24  2.31
SKEW      0.17  0.89  0.51  0.23  0.49  0.52  0.71  0.47  0.83  0.87  0.59  0.40
% SE      0.37  0.29  1.18  1.80  2.35  2.57  4.45  4.70  6.35  6.94  4.04  0.97
MEAN      6.07  5.71  6.71  6.13  5.20  4.65  4.35  4.18  4.08  4.46  5.10  5.81
STD DEV   1.96  2.20  3.64  2.06  2.24  2.00  1.86  1.70  1.88  2.01  2.21  1.87
SKEW      0.49  0.70  0.31  0.28  0.65  0.79  0.54  0.32  0.83  0.67  0.40  0.18
% SSE     0.22  0.07  0.38  0.47  0.94  1.14  2.29  2.47  4.79  3.80  2.00  0.42
MEAN      5.04  5.84  6.99  5.85  4.65  4.48  4.53  4.44  4.16  4.21  4.74  6.01
STD DEV   2.73  2.46  3.83  2.49  2.24  1.68  2.10  1.75  1.80  2.04  1.82  1.94
SKEW      0.11 -0.40  0.82  0.03  0.66  0.43  0.50  0.40  1.05  0.49  0.29 -0.01
% S       0.43  0.05  0.35  0.49  0.65  1.07  2.20  3.40  6.21  4.96  1.74  0.37
MEAN      4.18  0.00  5.05  5.41  3.60  4.52  3.80  4.14  4.31  4.34  4.69  7.06
STD DEV   2.19  0.00  2.79  2.53  1.65  1.49  2.09  1.78  2.12  2.08  2.03  2.19
SKEW      0.80  0.00  0.40  0.34  0.68  0.09  0.78  0.92  0.72  0.70  0.51  0.77
% SSW     0.05  0.00  0.10  0.19  0.20  0.40  0.82  1.84  3.20  2.57  0.57  0.02
MEAN      2.16  0.00  0.00  5.87  4.73  5.05  3.40  4.37  4.40  3.98  4.25  3.12
STD DEV   0.00  0.00  0.00  2.46  2.42  1.99  1.63  1.80  2.13  1.82  2.31  0.00
SKEW      0.00  0.00  0.00  0.26  0.60 -0.12  0.57  0.60  0.67  0.49  0.48  0.00
% SW      0.12  0.03  0.05  0.10  0.23  0.20  0.59  2.03  3.24  3.19  0.60  0.05
MEAN      3.60  0.00  0.00  3.24  3.15  2.60  3.34  4.06  4.26  4.45  5.13  0.00
STD DEV   1.11  0.00  0.00  1.24  0.96  1.66  1.64  1.70  2.16  2.28  2.90  0.00
SKEW     -0.71  0.00  0.00  0.00 -0.01  0.89  0.80  1.07  0.91  1.04  1.65  0.00
% WSW     0.07  0.00  0.02  0.00  0.15  0.12  0.70  1.14  2.50  1.97  0.15  0.10
MEAN      2.88  0.00  0.00  0.00  4.16  0.00  4.66  3.68  4.54  4.96  2.60  0.00
STD DEV   1.11  0.00  0.00  0.00  0.78  0.00  2.42  1.54  2.02  2.48  0.59  0.00
SKEW      0.71  0.00  0.00  0.00  0.00  0.00  0.33  1.05  0.45  0.58  0.00  0.00
% W       0.02  0.00  0.07  0.10  0.15  0.20  0.48  1.29  2.93  3.00  0.30  0.32
MEAN      2.16  0.00  3.24  3.24  3.48  5.56  3.27  3.22  3.55  4.30  3.49  4.27
STD DEV   0.00  0.00  0.00  0.00  0.91  1.44  1.59  1.39  1.70  2.28  1.92  3.29
SKEW      0.00  0.00  0.00  0.00 -0.54  0.12  0.33  0.33  0.96  0.50  1.23  0.81
% WNW     0.07  0.00  0.03  0.05  0.02  0.07  0.40  1.03  1.73  1.58  0.25  0.28
MEAN      4.32  0.00  0.00  0.00  0.00  4.16  3.73  3.40  3.64  3.49  3.80  4.52
STD DEV   0.00  0.00  0.00  0.00  0.00  0.00  2.23  1.24  1.58  1.67  1.09  1.96
SKEW      0.00  0.00  0.00  0.00  0.00  0.00  0.83  0.06  1.02  1.26 -0.33  0.62
% NW      0.07  0.00  0.00  0.15  0.15  0.27  0.46  0.87  1.39  1.20  0.22  0.27
MEAN      3.78  0.00  0.00  2.08  3.20  3.83  2.94  3.25  3.74  3.69  3.20  4.24
STD DEV   1.86  0.00  0.00  0.00  0.06  1.89  1.09  1.54  1.79  1.34  1.00  1.61
SKEW      0.00  0.00  0.00  0.00 -0.69  0.39  0.54  0.84  0.77  0.55  0.05  1.20
% NNW     0.22  0.02  0.07  0.05  0.15  0.25  0.47  1.03  1.29  1.14  0.33  0.30
MEAN      3.71  3.24  3.92  2.08  3.38  3.51  3.09  3.63  3.68  3.74  3.84  6.93
STD DEV   1.01  0.00  1.01  0.00  0.74  1.62  1.61  1.58  1.56  1.74  1.34  0.48
SKEW      0.21  0.00  0.65  0.00 -0.22  0.58  0.65  0.95  0.47  0.82 -0.41  0.15
CALM      0.41  0.02  0.37  0.12  0.77  1.09  2.98  3.76  5.29  4.62  1.49  0.39
KWAJALEIN ATO.PI    1.000  ENIWETOK      PI    0.000  CANTON ISLAND PI    0.000
 MAJURO WB AP PI                         914460 0
 LATT=   7.08 LONG= 171.38 YEARS= 38. TYPE= 1
 ELEVATION =   10. TP5 = 4.32 TP6= 6.06
 MEAN P   0.46  0.44  0.49  0.52  0.49  0.49  0.53  0.50  0.56  0.60  0.57  0.50
 S DEV P  0.71  0.79  0.81  0.79  0.68  0.67  0.72  0.63  0.76  0.80  0.78  0.71
 SQEW  P  2.97  3.59  4.56  2.84  2.44  2.96  2.70  2.44  2.51  2.70  2.80  2.91
 P(W/W)   0.70  0.65  0.72  0.77  0.81  0.82  0.81  0.78  0.77  0.79  0.81  0.79
 P(W/D)   0.36  0.42  0.38  0.49  0.58  0.74  0.73  0.68  0.68  0.65  0.66  0.50
 TMAX AV 84.95 85.37 85.55 85.51 85.78 85.72 85.72 86.18 86.31 86.30 85.96 85.27
 TMIN AV 76.46 76.73 76.57 76.43 76.56 76.26 76.13 76.35 76.35 76.29 76.39 76.44
 SD TMAX  1.43  1.44  1.49  1.63  1.60  1.72  1.72  1.72  1.82  1.95  1.81  1.48
 SD TMIN  1.93  1.92  2.02  2.01  1.91  1.92  1.93  2.03  2.01  2.05  2.03  2.04
 SOL.RAD  551.  599.  620.  610.  581.  575.  570.  603.  627.  620.  571.  535.
 SD SOL   16.8  16.9  22.4  31.2  38.0  36.8  39.8  32.8  23.4  14.4  14.4  17.4
 MX .5 P  1.63  1.43  1.90  1.18  1.05  1.05  1.60  1.16  1.22  0.99  1.68  1.44
 DEW PT  63.49 61.98 62.49 63.49 64.49 65.49 66.49 66.49 67.49 66.49 65.00 63.49
Time Pk  0.546 0.632 0.681 0.734 0.748 0.766 0.792 0.822 0.845 0.883 0.921 1.000
% N       0.89  1.28  1.02  1.48  1.27  2.79  3.36  2.72  4.59  4.84  2.29  1.67
MEAN      5.81  5.51  4.15  3.93  3.73  3.31  3.35  3.48  3.68  3.70  3.70  4.36
STD DEV   2.30  1.66  1.38  1.76  1.15  1.30  1.29  1.40  1.65  1.39  1.41  1.96
SKEW      0.10  0.10  0.40  0.76  0.35  1.52  1.23  1.20  1.53  0.74  0.80  0.76
% NNE     2.05  1.94  2.45  1.38  1.04  1.97  2.37  2.17  2.54  2.49  2.95  1.68
MEAN      5.08  4.70  4.50  3.67  3.51  3.41  3.18  3.14  3.45  3.17  3.68  4.21
STD DEV   1.76  1.63  1.29  1.32  1.23  1.02  1.11  1.23  1.76  1.15  1.24  1.57
SKEW      0.25  0.31 -0.09  0.81  1.01  0.38  0.43  1.04  1.45  0.62  0.38  0.59
% NE     13.03 10.12 10.50  6.70  4.06  6.08  6.23  6.05  9.15  5.38  8.20  9.86
MEAN      5.71  5.58  5.18  4.62  4.48  4.00  3.61  3.70  4.04  3.33  3.85  5.04
STD DEV   1.66  1.69  1.66  1.87  1.76  1.53  1.41  1.44  1.51  1.14  1.37  1.78
SKEW      0.44  0.26  0.55  0.85  0.37  0.81  1.08  0.97  0.53  1.10  0.93  0.64
% ENE    50.24 53.25 47.55 43.04 37.50 30.13 24.30 22.58 11.12 12.24 23.01 40.28
MEAN      6.49  6.84  6.55  6.31  5.96  5.38  5.14  4.57  4.21  4.39  5.07  6.42
STD DEV   1.75  1.83  1.83  1.93  1.82  1.81  1.74  1.54  1.62  1.66  1.68  1.91
SKEW      0.15  0.10 -0.05  0.19  0.16  0.33  0.43  0.63  1.01  0.81  0.41  0.04
% E      29.93 30.15 32.13 37.55 40.13 35.04 32.61 31.37 26.22 23.95 34.46 36.48
MEAN      6.24  6.97  6.08  5.67  5.31  4.85  4.60  4.41  4.28  4.36  4.96  6.07
STD DEV   1.89  1.92  1.94  1.96  1.82  1.67  1.73  1.43  1.54  1.66  1.75  2.00
SKEW      0.23 -0.11  0.14  0.33  0.54  0.54  0.96  0.49  0.67  0.73  0.52  0.30
% ESE     1.79  1.13  3.14  5.01  6.20  7.49  5.71  7.62  7.35  7.90  8.16  4.43
MEAN      4.44  3.69  4.15  3.98  4.13  3.73  3.64  3.49  3.46  3.45  3.82  4.42
STD DEV   1.71  1.41  1.61  1.57  1.52  1.38  1.36  1.21  1.23  1.20  1.50  1.84
SKEW      0.91  0.68  0.87  0.96  1.14  1.03  1.51  0.95  0.89  1.05  1.23  0.75
% SE      0.30  0.46  0.92  1.24  2.16  3.89  4.78  3.80  4.92  5.99  4.21  1.56
MEAN      3.41  2.84  3.37  3.26  3.13  3.12  3.09  3.21  2.92  3.06  3.11  3.43
STD DEV   0.99  1.09  1.21  1.06  1.09  0.97  1.01  1.22  0.95  1.05  1.11  1.37
SKEW      0.46  0.66  0.77  0.67  0.53  0.71  0.71  1.19  0.46  0.77  1.20  1.23
% SSE     0.13  0.07  0.23  0.37  0.77  1.66  1.97  2.04  2.21  2.25  1.43  0.37
MEAN      2.68  2.00  3.10  3.52  2.78  3.11  3.13  2.96  3.10  3.13  2.96  3.35
STD DEV   0.00  0.00  0.62  1.58  0.94  1.05  1.23  1.05  1.07  1.11  1.13  1.27
SKEW      0.00  0.00  0.61  1.19  0.46  0.75  1.37  0.75  1.10  0.52  0.83  1.03
% S       0.34  0.30  0.53  0.57  1.67  2.97  2.57  3.85  7.18  6.70  4.29  0.84
MEAN      2.49  2.58  3.75  3.40  2.75  3.16  3.11  3.07  3.16  3.16  3.16  3.26
STD DEV   0.95  0.54  2.02  1.23  0.98  1.08  1.20  1.10  1.14  1.13  1.12  1.24
SKEW      0.12 -0.18  0.83  1.09  1.33  1.17  0.72  0.62  0.96  0.95  0.90  0.56
% SSW     0.24  0.10  0.10  0.13  0.43  0.67  0.83  1.40  2.21  2.26  0.82  0.31
MEAN      2.81  3.07  2.68  2.69  2.46  3.71  4.03  3.21  3.27  3.59  3.26  3.51
STD DEV   1.34  0.12  0.00  0.49  1.24  1.22  1.63  1.17  1.25  1.51  1.06  0.92
SKEW     -0.28  0.65  0.00 -0.28  0.94  0.41  0.63  0.47  0.55  0.97  0.14  0.24
% SW      0.13  0.23  0.13  0.13  0.73  1.17  2.36  2.45  4.53  4.86  1.60  0.34
MEAN      2.15  2.30  3.10  2.62  3.19  3.53  3.56  4.15  3.48  4.08  3.15  3.59
STD DEV   0.96  0.46  0.99  0.66  1.06  1.31  1.40  1.80  1.30  1.72  1.13  1.42
SKEW      0.00  0.92 -0.04 -0.05  0.37 -0.06  1.53  0.83  1.55  0.50  0.65  0.60
% WSW     0.03  0.03  0.03  0.24  0.47  0.46  1.19  1.17  1.94  2.51  0.93  0.11
MEAN      4.29  4.29  4.29  2.81  2.76  3.30  3.73  3.78  3.46  3.69  3.22  2.36
STD DEV   0.00  0.00  0.00  1.38  1.05  1.51  2.10  1.90  1.33  1.53  1.48  0.85
SKEW      0.00  0.00  0.00  0.42  0.12  0.52  1.84  1.11  1.18  0.75  1.04 -0.34
% W       0.10  0.00  0.10  0.10  0.30  0.30  1.83  1.72  2.80  3.66  0.82  0.06
MEAN      3.76  0.00  2.65  2.95  3.37  2.55  3.78  3.68  3.35  4.22  3.05  3.22
STD DEV   0.00  0.00  0.56  0.96  0.73  0.73  1.77  1.50  1.18  1.96  1.21  0.97
SKEW      0.00  0.00 -0.35  0.49 -0.30 -0.87  1.30  0.40  0.90  1.14  0.79  0.00
% WNW     0.00  0.00  0.00  0.13  0.27  0.30  0.92  1.03  1.67  1.79  0.32  0.16
MEAN      0.00  0.00  0.00  3.93  2.73  3.19  2.91  3.28  3.34  3.43  2.45  2.90
STD DEV   0.00  0.00  0.00  2.79  0.93  1.17  1.21  1.39  1.17  1.22  0.98  2.14
SKEW      0.00  0.00  0.00  0.71 -0.17  0.75  0.49  0.22  0.28  0.40  0.67  1.60
% NW      0.00  0.03  0.10  0.33  0.30  0.68  1.89  1.53  1.86  2.89  0.69  0.21
MEAN      0.00  1.07  2.70  3.02  3.45  3.07  3.27  3.76  3.50  3.79  3.25  3.25
STD DEV   0.00  0.00  0.45  1.04  1.19  1.09  1.22  1.49  1.10  1.42  1.39  1.16
SKEW      0.00  0.00 -0.64 -0.56 -0.53  0.10  0.72  0.20  0.11  1.31  0.47 -0.09
% NNW     0.17  0.10  0.10  0.13  0.27  0.77  1.07  0.85  1.43  1.62  0.56  0.26
MEAN      4.83  2.70  2.70  2.69  3.19  2.85  3.90  2.83  3.51  3.74  2.88  3.99
STD DEV   3.30  0.45  0.45  1.14  1.19  0.85  1.31  0.88  1.38  1.48  1.23  2.25
SKEW      0.63 -0.64 -0.64 -0.05  0.02 -0.15  0.65  0.64  0.09  1.03  1.32  1.42
CALM      0.87  0.88  1.01  1.45  2.57  3.65  6.07  7.47  8.37  8.53  5.11  1.15
MAJURO ATOLL  PI    1.000  KWAJALEIN ATO.PI    0.000  CANTON ISLAND PI    0.000
 PAGO PAGO WSO AP PI                     914690 0
 LATT= -14.33 LONG=-170.72 YEARS= 26. TYPE= 1
 ELEVATION =   10. TP5 = 4.37 TP6= 6.16
 MEAN P   0.54  0.61  0.47  0.55  0.47  0.36  0.33  0.37  0.40  0.48  0.53  0.66
 S DEV P  0.85  0.95  0.76  0.85  0.74  0.61  0.59  0.72  0.82  0.79  0.72  0.98
 SQEW  P  3.86  3.71  3.40  4.39  3.06  3.66  3.45  3.98  4.33  3.75  2.36  2.82
 P(W/W)   0.82  0.82  0.78  0.77  0.74  0.70  0.68  0.66  0.71  0.78  0.75  0.82
 P(W/D)   0.57  0.53  0.55  0.58  0.52  0.50  0.46  0.38  0.37  0.52  0.52  0.50
 TMAX AV 86.51 86.78 86.98 86.39 85.23 84.33 83.31 83.43 84.50 84.93 85.52 86.07
 TMIN AV 75.48 75.54 75.76 75.29 75.40 75.42 74.73 74.65 74.90 75.48 75.62 75.55
 SD TMAX  2.06  2.05  1.94  1.98  1.86  1.88  1.98  2.11  2.05  2.02  2.05  2.18
 SD TMIN  2.40  2.42  2.62  2.71  2.95  2.95  2.99  3.02  2.99  2.58  2.56  2.56
 SOL.RAD  492.  557.  598.  619.  613.  617.  601.  614.  606.  570.  525.  475.
 SD SOL   17.6  16.6  22.9  30.3  36.6  35.4  40.6  34.4  26.4  18.6  12.1  17.0
 MX .5 P  1.22  0.98  1.35  1.19  1.00  1.02  1.57  1.56  1.78  1.08  1.56  1.20
 DEW PT  63.48 61.96 62.48 63.48 64.48 65.48 66.48 66.48 67.48 66.48 65.00 63.48
Time Pk  0.562 0.648 0.696 0.747 0.761 0.778 0.803 0.831 0.855 0.891 0.926 1.000
% N       8.05  5.90  6.50  5.25  1.97  1.00  1.05  1.80  1.30  1.75  4.77  5.70
MEAN      5.45  4.16  3.91  4.26  2.70  3.35  2.63  3.79  2.97  3.03  4.16  4.54
STD DEV   3.41  2.11  1.81  2.10  1.01  1.62  1.06  2.36  1.04  1.34  2.77  2.48
SKEW      1.20  1.34  0.79  1.36  0.82  0.77  0.72  1.60  0.55  1.03  1.38  0.89
% NNE     4.35  4.94  4.25  2.92  1.56  1.11  1.52  1.39  1.25  1.74  2.42  2.89
MEAN      4.76  3.79  3.57  3.18  2.89  3.66  3.76  3.50  2.95  3.19  3.79  3.88
STD DEV   2.65  1.73  1.60  1.31  1.26  2.07  1.85  1.87  1.08  1.38  1.81  1.93
SKEW      1.44  1.30  0.96  0.75  1.67  1.68  0.98  1.12  0.34  1.03  1.22  1.51
% NE      6.40  6.09  5.45  4.02  2.19  2.23  2.22  1.94  3.52  2.61  3.95  5.07
MEAN      4.14  3.92  3.91  3.67  3.37  3.61  3.98  4.15  4.08  4.11  3.86  3.66
STD DEV   1.86  1.51  1.53  1.47  1.27  1.43  1.52  1.53  1.66  1.61  1.69  1.62
SKEW      1.28  0.92  0.77  1.13  1.02  0.97  0.74  0.38  0.65  0.84  1.44  0.81
% ENE    10.00  6.79  9.30  5.42  5.52  4.95  4.81  4.56  6.43  6.71  7.01  9.06
MEAN      5.57  4.94  5.00  4.47  4.79  5.14  5.44  5.49  5.51  5.77  5.19  4.97
STD DEV   2.04  1.77  1.81  1.82  1.97  2.18  2.16  1.98  2.09  2.27  2.20  2.09
SKEW      0.37  0.32  0.51  0.58  1.09  0.72  0.26  0.72  0.75  0.65  0.90  0.59
% E      21.55 17.05 23.75 22.84 25.66 34.42 33.79 33.42 38.99 35.16 25.31 22.87
MEAN      5.09  4.74  5.20  5.02  5.60  6.13  6.48  6.45  6.26  6.34  5.64  5.60
STD DEV   1.61  1.56  1.82  1.65  2.04  1.99  1.93  1.96  1.82  1.95  1.96  1.91
SKEW      0.40  0.01  0.39  0.23  0.45  0.28  0.25  0.25  0.32  0.17  0.57  0.21
% ESE     6.05  6.15  7.55 12.05 18.87 25.71 25.88 24.08 19.13 22.78 19.67 13.67
MEAN      4.44  4.16  4.63  5.01  5.59  6.45  6.56  6.60  6.12  6.29  5.79  5.88
STD DEV   1.49  1.51  1.90  1.89  1.98  2.10  1.88  2.09  1.86  1.96  1.97  2.27
SKEW      0.51  0.20  0.90  0.52  0.47  0.10  0.06  0.08  0.32  0.12  0.29  1.78
% SE      2.75  2.95  2.45  4.32  8.71 10.37 12.56 11.93  9.52 10.58  9.02  6.59
MEAN      3.95  4.15  3.79  4.65  5.60  6.94  6.84  6.74  5.78  6.76  5.82  5.30
STD DEV   1.44  1.81  1.62  2.15  1.93  2.14  2.06  2.20  1.87  2.30  1.94  1.89
SKEW      0.11  0.71  0.25  0.81  0.25 -0.26 -0.05  0.10  0.35  0.10  0.18  0.34
% SSE     1.50  1.85  1.40  2.37  4.11  2.49  3.96  5.69  4.65  2.83  2.85  2.47
MEAN      3.56  4.31  3.51  4.03  4.94  5.77  6.45  6.37  5.50  6.01  4.65  4.63
STD DEV   1.45  1.93  1.57  2.31  2.11  1.95  2.31  2.19  1.89  2.25  1.95  2.10
SKEW      0.57  0.43  1.21  1.86  0.35 -0.32 -0.11 -0.29  0.39  0.30  0.38  0.50
% S       1.90  1.75  1.50  1.74  2.04  1.32  1.56  2.35  1.82  1.47  1.58  2.18
MEAN      3.05  3.50  3.39  3.53  4.75  4.31  4.57  4.73  4.57  4.88  4.28  4.41
STD DEV   1.19  1.54  1.47  1.76  2.24  1.86  2.40  1.94  1.88  2.14  2.06  2.08
SKEW      0.41  1.16  0.26  1.55  1.06  0.12  0.62 -0.06  0.50  0.18  0.57  0.61
% SSW     0.70  1.25  1.05  0.82  1.16  0.45  0.54  0.41  0.35  0.55  0.68  0.97
MEAN      3.18  4.58  3.84  3.35  3.65  3.73  3.81  3.74  4.33  4.69  3.59  4.23
STD DEV   1.55  2.22  1.41  1.41  1.91  1.40  1.74  1.60  1.74  2.08  1.34  1.77
SKEW      0.41  0.67  0.25  0.05  1.26  0.62  0.30 -0.02  0.39 -0.12  0.52  0.41
% SW      0.85  1.55  0.80  0.80  0.68  0.28  0.28  0.31  0.25  0.26  0.71  0.56
MEAN      3.49  3.91  3.41  3.02  3.77  3.09  4.46  3.41  4.02  4.89  3.38  3.60
STD DEV   1.81  1.93  1.35  1.58  1.56  1.24  1.81  1.49  1.98  3.09  1.95  2.14
SKEW      0.43  0.61 -0.48  1.10 -0.14 -0.06  0.25 -0.16  0.12  0.49  1.12  0.74
% WSW     1.35  2.35  1.65  1.64  0.92  0.52  0.48  0.34  0.34  0.41  0.90  1.48
MEAN      3.12  3.49  2.78  2.63  2.70  3.40  2.84  2.56  2.49  3.01  2.28  2.56
STD DEV   1.87  2.05  1.46  1.28  1.49  2.02  1.37  0.73  1.49  1.94  1.16  1.40
SKEW      0.69  1.05  1.32  1.53  1.03  1.07  1.65  1.14  0.97  1.29  0.97  1.00
% W       7.20  8.56  7.15  5.77  5.20  2.82  1.72  2.40  2.35  2.59  3.53  3.93
MEAN      2.33  2.70  2.35  2.24  2.33  2.07  2.24  2.20  2.02  1.99  2.24  2.35
STD DEV   1.16  1.63  1.09  1.16  1.03  0.82  1.13  0.86  0.75  0.89  1.07  1.05
SKEW      2.07  1.69  1.83  2.71  1.84  2.03  1.65  0.96  0.56  1.10  1.41  1.16
% WNW     7.50  8.20  6.50  8.14  6.64  2.75  2.10  2.38  3.19  2.82  4.51  5.95
MEAN      3.11  2.81  2.33  2.29  2.10  2.35  1.96  2.07  1.89  2.14  2.43  2.46
STD DEV   2.31  2.21  1.36  1.10  0.75  1.32  0.67  0.87  0.64  1.10  1.41  1.47
SKEW      2.18  2.73  1.87  2.18  1.62  2.66  0.52  1.23  0.49  2.28  1.68  2.22
% NW      8.30 10.25  7.80  8.18  5.65  3.61  2.28  2.73  2.46  2.90  4.94  6.25
MEAN      3.87  3.44  3.32  2.96  2.30  2.25  2.20  2.49  2.19  2.64  3.14  3.13
STD DEV   3.26  2.42  2.25  1.78  1.08  0.78  0.94  1.54  0.85  2.13  2.02  2.14
SKEW      1.53  1.78  2.00  1.84  2.02  1.94  0.99  2.33  1.06  2.93  2.17  1.91
% NNW     5.90  7.00  5.45  6.98  2.83  2.35  1.54  2.07  1.58  2.49  3.32  5.05
MEAN      4.41  3.96  3.84  3.87  2.56  2.41  2.58  2.89  2.42  2.79  3.90  3.68
STD DEV   3.00  2.18  2.74  2.38  1.18  0.89  1.17  2.21  1.36  2.04  3.06  2.66
SKEW      1.39  1.14  1.91  1.59  0.98  0.34  1.36  2.64  1.14  1.88  1.78  1.48
CALM      5.70  7.31  7.60  6.58  6.39  3.84  3.66  2.26  2.92  2.51  4.85  5.41
PAGO PAGO     PI    1.000  JOHNSTON IS.  PI    0.000  PAGO PAGO     PI    0.000
 PONAPE WB PI                            914751 0
 LATT=   6.97 LONG= 158.22 YEARS= 39. TYPE= 1
 ELEVATION =  120. TP5 = 2.72 TP6= 5.37
 MEAN P   0.54  0.53  0.63  0.72  0.71  0.63  0.66  0.62  0.68  0.64  0.66  0.63
 S DEV P  0.75  0.90  0.92  0.91  0.85  0.70  0.84  0.75  0.90  0.80  0.84  0.84
 SQEW  P  2.35  3.49  2.61  2.53  2.03  1.93  2.65  2.35  3.37  2.80  2.97  2.68
 P(W/W)   0.77  0.78  0.78  0.87  0.89  0.91  0.88  0.87  0.85  0.83  0.86  0.84
 P(W/D)   0.55  0.55  0.61  0.60  0.78  0.88  0.81  0.74  0.62  0.73  0.69  0.66
 TMAX AV 86.40 86.47 86.95 87.15 87.39 87.55 87.69 88.09 88.08 88.19 87.94 87.01
 TMIN AV 75.47 75.53 75.48 74.99 74.70 74.10 73.07 72.89 72.80 72.82 73.41 74.84
 SD TMAX  2.12  2.09  2.18  2.31  2.55  3.81  2.49  2.47  2.67  2.79  2.60  2.43
 SD TMIN  2.31  2.24  2.32  2.23  2.14  1.95  1.63  1.54  1.49  1.58  1.99  2.26
 SOL.RAD  477.  525.  576.  582.  589.  582.  582.  604.  607.  580.  514.  472.
 SD SOL   25.4  28.7  30.4  40.7  41.6  43.4  43.5  35.6  26.5  17.5  18.5  21.5
 MX .5 P  2.10  1.85  2.38  1.29  1.16  0.89  0.99  0.84  0.68  1.81  1.85  1.95
 DEW PT  63.48 62.48 63.00 64.52 65.52 66.00 67.52 67.52 68.00 67.00 65.52 64.00
Time Pk  0.427 0.505 0.562 0.629 0.668 0.701 0.738 0.778 0.810 0.844 0.892 1.000
% N       1.95  2.38  2.87  1.78  1.68  2.88  3.08  2.74  3.13  2.86  3.19  2.14
MEAN      3.78  4.07  3.77  3.05  2.63  2.73  2.53  2.45  2.64  2.48  2.45  3.21
STD DEV   1.68  1.60  1.56  1.18  1.12  0.94  0.95  0.96  1.00  0.97  0.98  1.32
SKEW      0.53  0.36  0.48  0.41  0.79  0.66  0.77  0.57  0.47  0.47  0.32  0.31
% NNE    11.25 13.47 13.84  6.13  6.58  4.75  4.18  3.76  3.42  3.38  6.75  7.11
MEAN      4.23  4.79  4.45  3.72  3.59  3.17  2.99  2.85  2.86  2.81  3.40  3.89
STD DEV   1.57  1.65  1.53  1.48  1.45  1.17  1.08  1.09  0.92  1.06  1.25  1.41
SKEW      0.26  0.41  0.10  0.55  0.81  0.15  0.51  0.46  0.45  0.34  0.28  0.16
% NE     28.84 32.31 27.00 20.19 16.03 11.20  6.53  5.20  5.07  4.48 11.68 20.31
MEAN      4.32  4.57  4.26  3.78  3.74  3.24  3.18  3.08  2.90  2.94  3.47  3.90
STD DEV   1.58  1.59  1.55  1.50  1.45  1.20  1.22  1.11  1.13  1.12  1.35  1.45
SKEW      0.29  0.23  0.16  0.58  0.70  0.30  0.65  0.44  1.14  0.48  0.54  0.33
% ENE    22.13 23.74 20.10 19.30 16.05 12.14  7.13  4.88  3.81  3.98 10.64 19.24
MEAN      4.27  4.53  4.16  3.85  3.81  3.49  3.38  3.09  2.96  3.15  3.43  4.05
STD DEV   1.59  1.58  1.48  1.47  1.39  1.24  1.34  1.15  1.08  1.21  1.27  1.52
SKEW      0.22  0.14  0.22  0.41  0.26  0.38  0.65  0.50  0.20  0.44  0.47  0.28
% E      17.71 18.61 17.40 21.57 17.45 15.74 10.33  6.05  6.14  6.65 12.02 22.45
MEAN      3.97  4.11  3.62  3.56  3.42  3.25  2.87  2.80  2.58  2.41  2.96  3.66
STD DEV   1.66  1.61  1.58  1.51  1.52  1.39  1.31  1.27  1.17  1.18  1.40  1.61
SKEW      0.37  0.49  0.35  0.40  0.65  0.60  0.79  1.11  1.27  1.14  0.83  0.39
% ESE     4.00  2.60  3.65  5.41  7.24  7.84  7.64  8.15  8.03  5.96  8.48  6.08
MEAN      3.42  3.54  3.33  2.92  2.77  2.48  2.36  2.15  2.18  2.30  2.41  3.36
STD DEV   1.61  1.41  1.54  1.41  1.34  1.08  0.98  0.80  0.79  0.98  1.02  1.59
SKEW      0.59  0.20  0.53  0.98  1.14  1.21  1.23  1.78  1.81  1.68  1.55  0.85
% SE      2.85  1.56  2.49  4.88  5.68  8.35 10.03 11.50 10.57 10.27  8.94  4.63
MEAN      2.68  2.69  2.33  2.41  2.26  2.18  2.09  2.08  2.10  2.08  2.25  2.52
STD DEV   1.17  1.24  1.09  1.01  1.14  0.88  0.74  0.77  0.71  0.74  0.97  1.32
SKEW      0.90  1.52  0.85  1.72  1.84  1.55  1.81  3.22  1.29  1.18  2.23  1.62
% SSE     1.50  0.94  1.98  2.70  3.99  5.39  7.05  8.83  8.22  7.99  6.29  2.92
MEAN      2.26  2.24  2.15  2.39  2.06  2.20  2.18  2.05  2.14  2.14  2.17  2.39
STD DEV   0.84  0.60  0.80  0.94  0.64  0.76  0.72  0.76  0.67  0.76  0.68  1.14
SKEW      0.56  1.11  1.05  1.46  1.16  1.48  1.36  1.83  1.03  0.83  0.83  1.93
% S       1.48  0.81  2.20  3.09  4.77  5.94  8.29  9.88 11.69 11.10  7.25  3.29
MEAN      1.99  2.18  2.10  2.42  2.04  2.24  2.19  2.12  2.23  2.39  2.22  2.21
STD DEV   0.74  0.57  0.72  1.08  0.78  1.03  0.81  0.79  0.88  1.15  0.89  1.02
SKEW      0.44  0.04  0.70  1.99  1.11  1.68  1.54  1.29  1.17  1.98  1.48  1.82
% SSW     0.33  0.15  0.33  0.48  0.90  1.60  2.42  2.73  3.63  5.05  1.76  0.71
MEAN      2.01  2.26  1.66  2.40  2.22  2.77  2.70  2.38  2.77  3.07  2.59  2.75
STD DEV   0.60  0.46  0.49  1.24  0.73  1.82  1.19  1.01  1.13  1.53  1.42  1.48
SKEW      0.00  1.15 -0.64  1.30  0.22  1.44  0.71  1.08  0.69  1.40  1.82  1.99
% SW      0.24  0.10  0.18  0.54  0.82  1.53  2.67  3.22  4.96  5.14  2.88  0.54
MEAN      1.43  0.00  2.22  2.73  2.69  3.03  2.89  2.23  2.85  3.08  3.24  2.45
STD DEV   0.52  0.00  0.43  2.23  1.40  1.91  1.31  0.81  1.25  1.74  1.86  1.27
SKEW      0.29  0.00  1.39  2.78  1.37  1.63  0.97  0.91  1.09  2.08  1.79  0.94
% WSW     0.08  0.04  0.28  0.33  0.92  0.73  1.91  2.46  3.18  3.36  1.31  0.49
MEAN      2.01  2.01  1.74  2.02  3.03  2.40  3.04  2.65  3.27  3.05  3.59  1.99
STD DEV   0.00  0.00  0.46  0.81  1.91  1.24  1.36  1.15  1.40  1.37  2.11  0.79
SKEW      0.00  0.00 -1.08  1.29  2.00  1.31  0.94  0.84  0.44  1.12  1.58  0.97
% W       0.14  0.07  0.24  0.48  0.95  1.23  2.47  2.77  3.22  3.96  1.92  0.38
MEAN      2.28  2.51  2.13  2.69  3.79  2.46  2.91  2.56  3.08  2.82  2.63  1.78
STD DEV   0.48  0.58  0.75  1.33  3.12  1.13  1.51  1.08  1.41  1.46  1.47  0.43
SKEW      1.02  0.00 -0.19  0.43  1.86  2.13  1.18  0.93  0.83  1.38  2.42 -1.32
% WNW     0.08  0.00  0.14  0.20  0.30  0.77  1.73  1.37  1.33  1.78  0.85  0.23
MEAN      2.01  0.00  1.00  2.18  2.35  2.42  2.88  2.64  3.15  2.51  2.59  2.01
STD DEV   0.00  0.00  0.00  0.39  0.98  1.08  1.17  1.01  1.37  1.26  1.14  0.59
SKEW      0.00  0.00  0.00  1.75  0.08  1.56  0.86  2.31  0.58  0.72  1.97  0.00
% NW      0.16  0.06  0.16  0.23  0.60  0.95  2.10  2.00  1.66  2.37  1.01  0.52
MEAN      2.01  3.01  2.01  2.38  3.03  2.08  2.87  2.83  2.96  2.37  2.76  2.87
STD DEV   0.86  0.00  0.93  0.50  2.15  0.68  1.24  1.21  1.30  1.01  1.41  1.25
SKEW      0.00  0.00  0.00  0.51  2.50  0.70  0.92  1.07  1.08  0.82  1.88  0.55
% NNW     0.12  0.13  0.24  0.33  0.80  0.93  1.11  1.75  1.02  1.32  0.76  0.31
MEAN      3.01  4.51  3.31  2.75  2.24  2.56  2.76  2.54  2.78  2.67  2.50  2.51
STD DEV   0.86  1.63  1.20  1.00  0.68  0.91  1.24  0.90  1.17  1.26  0.83  0.52
SKEW      0.00  0.00  0.23  1.15  0.63  0.13  1.46  0.46  0.70  1.28  0.22  0.00
CALM      7.09  3.03  6.99 12.47 15.38 17.93 21.23 22.68 20.83 20.32 14.19  8.76
PONAPE        PI    1.000  ENIWETOK      PI    0.000  KWAJALEIN ATO.PI    0.000
 TRUK MOEN I WSO AP PI                   914851 0
 LATT=   7.47 LONG= 151.85 YEARS= 36. TYPE= 1
 ELEVATION =   10. TP5 = 2.60 TP6= 5.41
 MEAN P   0.47  0.40  0.47  0.59  0.57  0.49  0.59  0.55  0.55  0.59  0.48  0.51
 S DEV P  0.80  0.71  0.72  0.91  0.78  0.65  0.74  0.69  0.74  0.82  0.66  0.79
 SQEW  P  3.35  3.69  2.81  3.14  2.61  2.87  2.26  2.36  2.53  2.53  2.86  3.03
 P(W/W)   0.68  0.65  0.70  0.75  0.83  0.83  0.80  0.80  0.79  0.79  0.82  0.79
 P(W/D)   0.47  0.42  0.43  0.50  0.55  0.51  0.52  0.54  0.48  0.53  0.50  0.51
 TMAX AV 85.69 85.84 86.21 86.53 87.06 87.13 87.01 87.20 87.32 87.26 87.12 86.31
 TMIN AV 76.96 77.03 77.11 77.04 76.75 76.24 75.54 75.45 75.61 75.74 76.34 77.02
 SD TMAX  1.55  1.45  1.65  1.94  2.06  1.99  2.18  2.10  2.10  2.03  1.83  1.74
 SD TMIN  2.06  2.00  2.07  2.11  1.97  1.88  1.80  1.79  1.80  1.84  1.95  2.06
 SOL.RAD  397.  465.  544.  590.  628.  634.  621.  617.  579.  515.  451.  394.
 SD SOL   27.1  29.7  31.8  40.5  40.4  42.5  44.7  37.8  30.4  22.9  16.1  21.5
 MX .5 P  1.65  1.35  1.77  1.31  1.11  0.85  0.89  1.29  1.31  2.01  1.72  1.71
 DEW PT  63.47 62.47 63.00 64.53 65.53 66.00 67.53 67.53 68.00 67.00 65.53 64.00
Time Pk  0.457 0.547 0.606 0.673 0.706 0.736 0.770 0.802 0.828 0.863 0.907 1.000
% N       5.14  4.71  3.77  5.02  4.72  4.63  5.05  4.09  4.35  4.05  6.04  4.96
MEAN      3.77  3.80  3.82  3.41  3.77  3.23  3.73  3.50  3.95  4.15  3.70  3.68
STD DEV   1.64  1.64  1.51  1.68  1.85  1.40  1.90  1.62  1.91  1.84  2.10  1.60
SKEW      1.01  0.55  0.28  1.37  1.90  0.58  0.98  1.31  0.98  0.44  1.95  0.49
% NNE    21.80 20.91 19.70 14.61 14.23  8.57  5.53  5.25  3.89  3.76 11.12 17.45
MEAN      4.47  4.66  4.32  4.18  4.15  3.59  3.39  3.57  3.46  3.64  3.60  4.09
STD DEV   1.83  1.81  1.66  1.80  1.77  1.48  1.49  1.38  1.53  1.65  1.49  1.70
SKEW      0.55  0.51  0.61  0.67  1.09  0.37  0.81  0.58  1.19  0.59  0.59  0.58
% NE     29.49 33.70 31.13 24.26 18.93 13.87  7.69  7.16  5.41  5.10 16.40 23.28
MEAN      5.06  5.40  5.34  4.95  4.50  4.00  3.75  3.70  3.62  3.86  4.15  4.75
STD DEV   2.06  2.07  2.05  2.09  1.85  1.76  1.71  1.58  1.65  1.79  1.81  1.99
SKEW      0.29  0.17  0.18  0.23  0.28  0.43  0.75  0.31  0.38  0.60  0.58  0.35
% ENE    20.86 22.92 19.63 16.94 13.88 11.64  6.66  6.16  4.21  5.65 13.10 18.85
MEAN      5.04  5.31  4.88  4.69  4.09  3.75  3.20  3.02  2.77  3.17  3.83  4.61
STD DEV   1.98  1.91  1.85  1.87  1.71  1.63  1.49  1.32  1.22  1.35  1.68  1.81
SKEW      0.23  0.28  0.32  0.39  0.51  0.72  0.86  0.78  0.87  0.50  0.55  0.41
% E      10.23  8.93 11.53 12.89 12.30 13.95 10.00  9.78  6.89  9.04 12.39 13.04
MEAN      4.49  4.77  4.47  4.01  3.54  3.27  2.87  2.76  2.63  2.81  3.38  4.28
STD DEV   1.95  1.93  1.89  1.80  1.56  1.64  1.41  1.22  1.27  1.29  1.65  1.88
SKEW      0.47  0.40  0.51  0.46  0.67  1.14  0.97  0.76  0.96  1.36  0.92  0.49
% ESE     2.73  1.94  3.99  5.06  6.70  7.80  7.61  7.10  6.70  6.51  6.00  4.03
MEAN      4.14  4.20  4.37  3.93  3.83  3.49  3.05  2.81  2.75  3.08  3.32  4.19
STD DEV   1.85  1.93  1.98  1.85  1.79  1.76  1.46  1.27  1.37  1.62  1.67  1.94
SKEW      0.73  0.76  0.79  1.10  0.90  1.23  1.30  1.27  1.87  1.72  1.07  0.66
% SE      2.84  1.87  3.33  6.21  7.22  7.35  8.99  6.85  7.04  6.98  5.76  4.24
MEAN      3.82  4.03  4.38  3.78  3.49  3.31  3.04  2.79  2.68  3.09  3.43  4.19
STD DEV   1.87  1.82  2.19  1.77  1.68  1.77  1.45  1.32  1.44  1.52  1.87  2.14
SKEW      0.86  0.83  0.76  0.81  0.90  1.02  0.96  1.17  1.45  1.44  1.09  0.63
% SSE     0.90  0.84  1.47  2.56  2.42  2.99  3.79  3.85  3.83  5.34  2.49  2.36
MEAN      3.61  4.19  4.34  3.76  3.62  3.41  3.15  2.91  2.68  3.25  3.00  3.97
STD DEV   1.68  2.02  1.69  1.69  1.83  1.74  1.74  1.22  1.40  1.46  1.50  2.15
SKEW      0.42  0.45  0.35  0.52  0.80  0.98  1.47  0.67  1.83  0.70  0.77  0.90
% S       1.16  1.08  1.33  2.28  3.40  3.66  5.30  5.87  6.50  6.77  3.97  1.91
MEAN      3.44  3.59  3.68  3.58  3.85  3.35  3.77  3.77  4.10  3.99  4.22  3.41
STD DEV   1.65  1.66  1.71  1.78  2.52  1.78  1.89  1.72  2.13  1.82  1.98  1.52
SKEW      0.67  0.46  0.53  0.77  2.10  1.50  0.83  1.10  1.01  0.78  0.35  0.43
% SSW     0.20  0.09  0.35  0.99  1.53  1.63  3.36  4.07  5.28  4.85  2.48  0.94
MEAN      2.54  1.99  4.19  4.47  4.00  4.18  4.55  4.23  5.21  4.94  5.36  4.08
STD DEV   1.37  0.00  1.46  2.38  1.72  1.95  2.17  1.86  2.51  2.29  2.56  1.88
SKEW      1.06  0.00 -0.01  0.64  0.72  0.81  0.96  1.04  0.59  0.57  0.62  0.32
% SW      0.40  0.34  0.25  0.66  1.87  2.44  6.11  6.74  9.70  7.63  2.55  1.15
MEAN      2.18  2.49  3.12  5.53  3.37  3.94  4.38  4.20  5.09  4.54  5.45  3.75
STD DEV   0.68  0.78  1.39  3.92  1.75  2.14  2.14  1.87  2.49  2.01  3.01  1.86
SKEW     -0.15  1.12  0.83  0.68  1.94  1.04  1.00  0.85  0.60  0.62  0.92  0.48
% WSW     0.10  0.14  0.15  0.25  0.82  1.21  3.69  4.05  5.43  6.65  1.69  0.68
MEAN      1.99  1.99  2.05  2.72  3.94  3.64  4.75  4.31  4.81  4.73  5.08  3.95
STD DEV   0.00  0.00  0.06  0.54  2.26  1.81  2.25  2.03  2.23  2.01  2.78  1.63
SKEW      0.00 -3.00 -0.10 -0.70  1.46  1.09  0.48  0.67  0.80  0.47  0.10 -0.02
% W       0.36  0.19  0.20  0.75  1.28  1.90  5.45  6.17  7.89  7.66  1.90  0.57
MEAN      1.84  1.99  3.16  4.81  4.92  3.92  4.90  4.13  4.43  4.91  4.67  3.40
STD DEV   0.39  0.74  1.66  3.42  2.53  2.07  2.38  1.99  2.22  2.12  2.86  1.99
SKEW     -1.72  0.00  0.59  1.27  0.49  0.94  0.54  0.74  1.11  0.53  0.54  0.51
% WNW     0.26  0.05  0.19  0.35  0.52  0.89  2.29  2.27  3.98  3.26  1.43  0.37
MEAN      2.84  0.00  2.98  5.15  4.10  3.22  4.46  3.95  4.03  4.23  3.73  3.69
STD DEV   1.38  0.00  0.86  4.22  1.64  1.13  2.02  1.52  1.96  1.74  2.25  1.69
SKEW      0.25  0.00  0.00  1.40  0.53 -0.21  0.73  0.34  1.16  0.63  1.44 -0.28
% NW      0.36  0.34  0.35  0.55  0.85  1.22  2.69  2.80  3.80  2.77  1.49  0.52
MEAN      2.51  2.49  2.60  3.00  3.62  2.67  4.57  3.62  3.72  3.83  3.46  2.40
STD DEV   1.00  0.78  1.05  1.18  1.97  1.09  2.15  1.60  1.85  1.98  1.92  1.25
SKEW     -0.03  1.12  0.04  0.84  1.04  0.61  0.90  0.79  0.99  0.85  1.51  1.05
% NNW     0.57  0.44  0.24  0.64  0.64  1.53  2.29  2.16  2.24  2.54  1.49  0.73
MEAN      2.92  2.49  3.18  2.95  3.39  3.10  4.36  3.65  3.61  4.00  3.03  2.92
STD DEV   1.03  1.29  1.77  1.11  1.55  1.69  2.17  1.61  1.57  1.92  1.61  1.10
SKEW      0.69  1.00  0.40  0.36  0.34  1.35  1.06  1.02  0.73  0.69  1.33  0.14
CALM      2.49  1.66  2.40  6.12  8.73 14.68 13.50 15.61 12.93 11.44  9.66  4.84
TRUK          PI    1.000  PONAPE        PI    0.000  GUAM/AGANA    PI    0.000
 WAKE ISLAND WSO AP PI                   914901 0
 LATT=  19.28 LONG= 166.65 YEARS= 39. TYPE= 1
 ELEVATION =   10. TP5 = 4.38 TP6= 6.21
 MEAN P   0.11  0.16  0.18  0.17  0.11  0.14  0.20  0.32  0.25  0.23  0.19  0.14
 S DEV P  0.18  0.31  0.37  0.35  0.21  0.28  0.42  0.59  0.46  0.39  0.40  0.26
 SQEW  P  5.86  4.56  4.32  6.40  5.85  4.96  5.49  4.40  5.19  3.41  4.90  4.81
 P(W/W)   0.43  0.46  0.51  0.53  0.54  0.59  0.68  0.69  0.69  0.69  0.59  0.52
 P(W/D)   0.30  0.27  0.33  0.41  0.41  0.45  0.50  0.45  0.52  0.49  0.39  0.33
 TMAX AV 82.09 81.89 82.90 83.65 85.35 87.33 87.96 88.07 88.10 87.21 85.33 83.38
 TMIN AV 72.71 72.07 72.96 73.51 75.12 76.74 77.31 77.41 77.81 77.09 76.11 74.27
 SD TMAX  2.24  2.26  2.29  2.33  2.19  1.79  2.14  2.17  2.10  2.00  1.90  2.05
 SD TMIN  2.29  2.22  2.23  2.30  2.01  1.89  2.06  2.31  2.26  2.27  2.13  2.28
 SOL.RAD  438.  517.  575.  624.  639.  652.  625.  620.  585.  524.  481.  421.
 SD SOL   18.0  16.4  23.2  29.7  35.9  34.9  41.8  36.2  29.2  22.2  10.1  16.6
 MX .5 P  0.86  0.59  0.87  1.18  0.95  1.00  1.54  1.90  2.26  1.16  1.44  0.98
 DEW PT  63.46 61.93 62.46 63.46 64.46 65.46 66.46 66.46 67.46 66.46 65.00 63.46
Time Pk  0.653 0.729 0.774 0.812 0.829 0.845 0.867 0.889 0.907 0.930 0.955 1.000
% N       5.05  3.24  1.72  0.75  0.39  0.26  0.10  0.38  0.85  0.67  0.96  3.02
MEAN      5.32  6.02  5.83  5.18  5.30  3.63  4.25  4.23  3.64  4.86  6.57  5.81
STD DEV   2.40  2.32  2.58  2.00  2.15  1.36  1.09  2.32  1.71  2.62  2.66  2.58
SKEW      1.08  0.24  0.62  0.54  0.66  0.67  0.05  2.15  1.19  1.00  0.46  0.17
% NNE     7.04  6.36  2.92  1.81  1.41  1.06  0.43  0.89  1.47  1.45  2.38  4.59
MEAN      5.94  6.61  6.63  6.61  6.27  4.18  4.35  4.56  4.92  5.73  7.50  6.71
STD DEV   2.48  2.92  2.86  2.58  2.75  1.53  1.93  1.58  1.96  2.64  2.89  2.86
SKEW      0.61  0.41  0.50  0.13  0.07  0.62  0.62  0.37  0.75  0.61  0.09  0.54
% NE     16.14 14.92 12.72  9.64  7.55  5.83  4.15  5.57  7.35  7.53 10.32 14.02
MEAN      6.60  6.86  7.15  7.56  6.54  5.22  5.35  5.35  5.45  6.35  6.73  6.83
STD DEV   2.39  2.68  2.52  2.36  2.30  2.12  1.92  1.74  1.88  2.45  2.27  2.64
SKEW      0.23  0.42  0.09 -0.08 -0.19  0.43  0.11  0.01  0.01  0.38  0.25  0.47
% ENE    25.95 30.47 36.79 49.10 43.55 35.65 32.51 29.47 31.47 31.64 40.88 33.81
MEAN      7.08  6.91  7.19  7.63  7.04  5.95  6.11  5.86  5.90  6.94  7.64  7.29
STD DEV   2.51  2.31  2.33  2.22  2.08  1.90  1.82  1.76  1.77  2.18  2.15  2.32
SKEW      0.42  0.43  0.34  0.04 -0.20  0.02  0.18  0.08  0.11  0.25  0.01  0.33
% E      17.28 20.45 23.05 27.55 32.86 33.98 37.59 36.18 30.68 33.04 31.95 25.36
MEAN      6.20  5.89  6.39  6.36  6.40  5.77  5.86  5.65  5.74  6.53  6.68  6.37
STD DEV   2.25  2.16  2.46  2.07  2.04  1.92  1.83  1.78  1.82  2.24  2.21  2.23
SKEW      0.25  0.63  1.05  0.26 -0.06  0.14  0.43  0.43  0.42  0.43  0.28  0.70
% ESE     5.82  7.81  8.96  6.46  6.85 12.27 14.71 13.53 11.61 12.94  6.96  7.43
MEAN      5.05  5.03  5.47  5.32  5.12  4.92  5.11  5.08  5.21  5.29  5.54  4.97
STD DEV   1.79  1.70  2.08  2.19  2.07  1.53  1.72  1.78  1.77  1.93  1.96  1.69
SKEW      0.31  0.27  0.83  0.56  0.32  0.23  0.64  0.63  0.43  0.62  0.52  0.28
% SE      2.66  3.38  4.06  1.74  3.20  3.94  5.19  5.80  5.27  4.77  1.77  2.49
MEAN      4.28  4.11  4.34  4.50  4.52  4.42  4.47  4.35  4.77  4.62  4.52  3.91
STD DEV   1.73  1.40  1.69  1.86  1.78  1.70  1.54  1.58  2.07  2.00  2.07  1.63
SKEW      0.63  0.15  0.62  0.72  0.55  0.31  0.66  0.88  0.95  1.02  1.13  0.71
% SSE     1.63  1.78  2.08  0.68  1.30  1.35  1.98  2.94  2.74  2.16  0.99  1.04
MEAN      4.54  4.02  4.29  4.55  4.31  4.25  4.80  4.56  5.05  5.13  4.56  4.27
STD DEV   1.89  1.40  1.56  1.90  1.40  1.52  1.88  1.85  2.19  2.22  1.76  1.72
SKEW      0.98  0.01  0.47  0.45  0.67  0.09  1.02  0.66  0.78  0.97  0.12  0.30
% S       2.50  2.20  1.60  0.51  1.23  2.03  1.44  2.08  2.74  1.54  1.07  1.52
MEAN      4.38  4.03  4.53  3.95  4.33  4.38  4.71  4.34  5.66  5.35  4.57  4.53
STD DEV   1.98  1.55  1.99  1.92  1.39  1.91  2.20  1.91  2.70  3.36  2.12  2.68
SKEW      0.56  0.64  0.84  0.81  0.24  0.76  0.80  0.87  1.24  1.37  1.15  0.92
% SSW     1.62  0.95  1.01  0.25  0.43  0.84  0.57  0.80  1.45  0.88  0.44  0.83
MEAN      4.67  4.31  4.38  3.04  4.37  4.29  5.54  4.81  5.43  6.78  4.62  4.78
STD DEV   1.84  1.56  2.08  0.91  1.46  2.02  3.01  2.55  3.25  3.51  2.04  2.14
SKEW      0.57  0.12  0.64  0.44  0.49  0.74  0.61  1.69  1.34  0.28  1.55  0.67
% SW      2.60  1.30  0.86  0.23  0.31  0.59  0.36  0.49  1.24  0.45  0.29  0.87
MEAN      5.17  4.02  4.29  3.20  3.43  3.69  5.12  3.64  5.71  4.29  4.12  4.66
STD DEV   2.60  1.63  2.02  1.09  1.01  1.64  3.31  1.50  3.60  2.56  1.86  1.51
SKEW      1.19  0.90  1.30  0.07  0.20  0.54  0.88 -0.38  1.08  0.96  0.91 -0.29
% WSW     2.58  1.11  1.14  0.09  0.18  0.43  0.13  0.34  0.58  0.44  0.19  0.48
MEAN      4.74  4.08  4.44  2.70  2.81  3.83  4.07  3.68  4.89  4.16  5.08  4.34
STD DEV   1.94  1.50  1.93  0.00  0.84  1.52  2.27  1.48  2.46  1.85  1.90  1.70
SKEW      0.65  0.73  0.77 -3.00  0.59 -0.24  0.18  0.12  1.04  0.49  0.11  0.99
% W       1.73  1.46  0.57  0.15  0.08  0.46  0.09  0.37  0.31  0.41  0.39  0.57
MEAN      4.39  4.32  3.66  2.37  3.73  4.15  4.80  4.74  4.10  4.47  4.32  3.37
STD DEV   2.05  1.57  1.54  0.84  0.57  1.49  0.57  2.43  2.01  1.47  1.72  1.44
SKEW      1.34  0.56  1.06  0.50  0.00  0.17  0.00  1.22  0.93  0.24  0.63  0.85
% WNW     1.47  0.97  0.28  0.10  0.06  0.17  0.10  0.19  0.15  0.39  0.15  0.40
MEAN      5.47  4.30  4.17  3.88  0.00  3.40  1.96  3.10  3.97  4.67  3.95  3.02
STD DEV   2.75  1.62  2.04  1.17  0.00  0.95  0.46  0.84  1.58  1.72  1.45  1.00
SKEW      0.55  0.33  0.70 -1.15  0.00 -0.38  2.27 -0.01  0.11  0.08  0.53 -0.38
% NW      1.42  0.70  0.42  0.10  0.03  0.08  0.02  0.20  0.22  0.25  0.18  0.72
MEAN      4.62  4.21  4.31  2.80  4.26  3.23  2.55  2.82  3.77  3.99  4.29  3.09
STD DEV   2.21  1.63  1.57  0.93  0.00  0.71  0.00  1.38  1.24  0.95  1.37  1.38
SKEW      0.67  0.01  1.31  0.49  0.00 -0.75  0.00  2.90 -0.46  0.25  1.67  0.32
% NNW     1.67  1.02  0.65  0.19  0.09  0.18  0.07  0.25  0.30  0.24  0.34  0.83
MEAN      4.73  4.83  5.30  3.76  4.84  2.69  3.78  3.53  3.72  4.49  5.23  4.22
STD DEV   2.02  2.10  2.15  1.02  1.03  0.88  0.91  1.52  1.73  1.29  1.67  2.11
SKEW      0.40  0.38  0.88  0.38  0.00  0.38 -1.32  0.67  0.77 -0.59  0.19  0.71
CALM      2.85  1.81  1.05  0.64  0.52  0.92  0.65  0.58  1.53  1.24  0.76  2.19
WAKE ISLAND   PI    1.000  JOHNSTON IS.  PI    0.000  BARKING SANDS HI    0.000
 YAP ISLAND WB PI                        914951 0
 LATT=   9.52 LONG= 138.13 YEARS= 39. TYPE= 1
 ELEVATION =   50. TP5 = 1.23 TP6= 5.31
 MEAN P   0.36  0.32  0.33  0.34  0.43  0.51  0.58  0.63  0.58  0.52  0.42  0.42
 S DEV P  0.56  0.60  0.59  0.61  0.71  0.75  0.83  0.83  0.77  0.67  0.65  0.69
 SQEW  P  3.23  3.79  3.91  4.13  4.67  3.48  3.12  2.80  2.91  2.70  3.98  3.46
 P(W/W)   0.73  0.68  0.65  0.68  0.76  0.84  0.83  0.81  0.81  0.82  0.79  0.77
 P(W/D)   0.55  0.54  0.46  0.44  0.51  0.61  0.65  0.62  0.56  0.57  0.61  0.50
 TMAX AV 85.82 86.08 86.75 87.64 87.82 87.44 87.02 86.93 87.23 87.35 87.25 86.48
 TMIN AV 75.30 74.91 75.08 75.59 75.63 75.14 74.68 74.62 74.66 74.70 75.04 75.17
 SD TMAX  1.61  1.59  1.57  1.70  1.86  2.07  2.29  2.29  2.24  2.14  1.91  1.75
 SD TMIN 17.45  1.88  1.97  1.96  1.86  1.86  1.87  1.92  1.76  1.73  1.78  1.85
 SOL.RAD  164.  255.  371.  532.  610.  678.  679.  609.  473.  335.  225.  138.
 SD SOL   44.0  45.7  52.5  45.6  52.3  43.5  36.1  77.6  51.8  30.9  30.2  43.3
 MX .5 P  0.46  0.38  0.29  0.32  0.15  0.13  0.21  0.26  0.21  0.43  0.40  0.33
 DEW PT  35.32 36.99 39.32 43.99 46.32 48.99 51.99 52.32 51.32 46.99 39.65 37.32
Time Pk  0.503 0.604 0.665 0.739 0.764 0.782 0.809 0.836 0.857 0.894 0.932 1.000
% N       2.14  1.72  2.34  2.75  3.23  4.35  4.70  4.21  4.63  7.00  7.12  3.00
MEAN      4.02  4.81  3.60  3.49  3.21  3.11  3.00  3.21  3.55  3.07  3.38  3.44
STD DEV   1.92  2.25  1.83  1.87  1.58  1.47  1.20  1.34  1.34  1.44  1.55  1.55
SKEW      0.65  0.51  1.20  1.02  0.49  0.90  0.74  0.59  0.49  0.82  0.98  1.36
% NNE     9.57  7.59  6.67  5.82  4.28  3.72  2.73  2.93  2.46  4.17  7.80  8.02
MEAN      4.99  4.96  4.40  3.91  2.98  3.08  3.08  3.08  3.03  2.99  3.47  4.23
STD DEV   1.84  2.10  1.80  1.62  1.25  1.30  1.18  1.33  1.30  1.28  1.50  1.95
SKEW      0.23  1.44  0.66  0.94  0.88  0.98  0.65  0.53  0.43  0.61  1.04  1.43
% NE     30.14 34.33 29.90 22.49 14.04  7.31  3.60  3.54  4.16  5.82 18.62 24.45
MEAN      5.26  5.56  5.13  4.30  3.78  3.10  2.73  2.84  2.92  3.01  4.15  4.73
STD DEV   1.96  2.06  1.80  1.82  1.63  1.32  1.26  1.20  1.58  1.40  1.77  1.82
SKEW      0.28  0.31  0.33  0.66  0.57  0.88  1.58  1.25  1.69  1.02  0.72  0.69
% ENE    21.63 25.05 26.26 21.44 16.11  9.35  4.04  3.63  3.28  5.43 11.69 23.07
MEAN      4.67  4.89  4.87  4.32  3.88  3.06  2.88  2.79  2.81  2.97  3.79  4.50
STD DEV   1.76  1.67  1.66  1.59  1.56  1.30  1.32  1.28  1.60  1.38  1.63  1.69
SKEW      0.25  0.43  0.31  0.43  0.47  0.95  1.16  1.00  1.60  0.99  0.53  0.35
% E      23.36 25.11 27.22 30.43 29.01 20.94  7.42  6.24  5.10  8.87 17.96 25.47
MEAN      5.05  5.32  5.38  5.24  4.72  4.25  3.76  3.80  3.69  4.03  4.63  5.02
STD DEV   1.41  1.47  1.42  1.50  1.44  1.42  1.40  1.34  1.28  1.56  1.58  1.48
SKEW      0.00  0.76  0.01 -0.03  0.09  0.11  0.32  0.18  0.21  0.26  0.29  0.06
% ESE     3.11  2.44  2.47  4.85  8.24 10.51  4.38  4.00  2.87  3.85  5.59  4.28
MEAN      4.64  4.84  5.24  4.87  4.40  4.20  3.83  3.44  4.05  3.90  4.23  4.61
STD DEV   1.74  1.53  1.39  1.70  1.43  1.32  1.35  1.12  1.46  1.38  1.76  1.56
SKEW      0.82  0.04  0.40  0.29  0.55  0.37  0.57  0.11  0.57  0.47  1.26  0.84
% SE      2.15  0.99  0.51  1.22  3.73  6.54  4.51  3.25  2.70  3.20  3.59  2.95
MEAN      4.35  4.68  4.09  4.09  4.18  3.82  3.60  3.47  3.96  3.84  4.25  4.49
STD DEV   1.83  2.05  1.41  1.36  1.52  1.25  1.34  1.17  1.57  1.62  2.19  2.06
SKEW      0.70  2.25 -0.21  0.62  0.34  0.53  0.58  0.16  1.63  0.90  1.90  2.04
% SSE     0.83  0.62  0.31  0.44  1.92  2.99  2.91  2.94  2.09  2.19  2.27  1.57
MEAN      3.68  4.94  3.94  3.89  4.15  3.92  3.65  3.64  3.85  3.97  4.12  4.56
STD DEV   1.47  2.43  1.18  1.34  1.40  1.33  1.31  1.37  1.33  1.80  1.67  1.94
SKEW      0.75  0.71  0.00  0.36  0.26  0.32  0.58  0.45  1.86  0.81  0.76  0.96
% S       0.59  0.39  0.56  1.02  1.97  5.32  5.97  6.57  4.72  4.48  3.14  1.02
MEAN      4.45  3.69  4.75  4.30  3.93  3.73  3.45  3.80  4.03  4.23  4.14  4.56
STD DEV   2.04  1.65  1.84  2.15  1.64  1.36  1.37  1.46  1.59  1.79  1.45  1.87
SKEW      0.42  0.45  0.09  0.98  1.29  0.75  0.80  0.57  0.59  0.93  0.17  0.95
% SSW     0.44  0.18  0.39  1.19  1.27  2.99  5.53  5.99  5.74  4.39  2.33  0.58
MEAN      4.13  4.49  5.72  4.88  3.36  3.67  3.57  3.67  3.64  4.20  4.04  3.56
STD DEV   1.23  2.01  1.48  1.68  1.44  1.46  1.38  1.47  1.44  1.91  2.15  1.50
SKEW      0.24  0.35  0.22  0.11  1.30  0.75  0.75  1.22  0.61  0.51  2.06  0.38
% SW      0.42  0.02  0.43  0.66  1.99  3.95 10.39  9.10 13.12 10.65  2.10  0.42
MEAN      5.01  1.07  4.94  4.58  4.15  3.55  3.84  4.08  4.07  4.57  4.50  3.11
STD DEV   2.12  0.00  1.70  1.84  1.89  1.33  1.62  1.68  1.65  1.86  2.43  1.12
SKEW      0.34  0.00 -0.40  0.39  1.01  0.69  0.76  0.49  0.79  0.46  1.16  0.43
% WSW     0.53  0.13  0.36  0.52  1.59  2.76  8.95  7.20 10.52  6.26  2.12  0.12
MEAN      4.14  3.13  3.98  4.37  4.01  2.99  4.27  4.04  4.02  3.89  4.57  2.15
STD DEV   2.17  1.14  2.17  2.32  1.88  1.29  1.62  1.71  1.62  1.62  1.95  1.32
SKEW      0.27  0.01  0.80  1.11  0.95  0.79  0.51  0.72  0.34  0.66  0.57  0.91
% W       0.74  0.13  0.47  0.94  1.84  2.33 11.41 10.87 13.78  9.01  2.71  0.29
MEAN      4.43  3.49  3.54  4.23  4.23  3.68  4.31  4.40  4.68  4.14  4.82  2.90
STD DEV   2.10  0.97  1.97  1.99  1.65  1.70  1.89  1.87  2.05  1.76  2.60  1.53
SKEW      0.29 -0.49  1.31  0.88  0.26  0.79  0.58  0.29  0.53  0.33  0.57  0.98
% WNW     0.23  0.04  0.24  0.39  0.69  1.01  3.31  4.66  4.24  3.15  1.64  0.13
MEAN      3.47  4.29  3.09  5.62  4.05  3.45  3.76  3.65  3.75  3.34  4.29  2.85
STD DEV   1.87  0.00  1.28  3.10  2.00  1.61  1.81  1.55  1.89  1.49  2.17  1.06
SKEW      0.40  0.00 -0.05  0.81  0.66  0.78  0.99  0.61  0.80  0.51  0.59 -0.86
% NW      0.31  0.18  0.28  1.03  1.00  1.68  2.64  4.01  3.41  3.65  1.79  0.37
MEAN      4.00  3.18  3.95  4.56  3.90  3.33  3.76  3.51  3.40  3.59  4.14  4.12
STD DEV   1.93  0.73  1.77  1.96  2.14  1.54  1.61  1.57  1.70  1.71  1.75  1.55
SKEW     -0.05  0.15  0.91  0.67  0.73  0.75  0.65  0.78  0.93  1.06  0.41  0.68
% NNW     0.55  0.14  0.51  0.89  1.49  1.61  2.78  3.23  2.28  2.90  2.06  0.63
MEAN      5.22  4.32  2.84  4.50  3.63  3.00  3.50  3.39  3.46  3.56  4.01  3.38
STD DEV   2.56  1.78  0.98  2.25  1.59  1.63  1.48  1.47  1.37  1.72  1.80  1.61
SKEW      0.23  0.23  0.03  0.98  0.49  0.81  0.69  0.98  0.47  0.84  0.57  0.91
CALM      3.25  0.87  0.87  3.93  7.59 12.51 14.86 17.58 14.96 14.90  7.53  3.68
YAP ISLAND    PI    1.000  KOROR         PI    0.000  GUAM/AGANA    PI    0.000
