 GURADO SUBSTATION PR                    664276 0
 LATT=  18.27 LONG= -66.00 YEARS= 36. TYPE= 3
 ELEVATION =  250. TP5 = 4.99 TP6= 7.10
 MEAN P   0.17  0.17  0.22  0.29  0.40  0.32  0.30  0.42  0.39  0.36  0.35  0.26
 S DEV P  0.33  0.29  0.43  0.47  0.62  0.55  0.45  0.74  0.58  0.59  0.55  0.49
 SQEW  P  6.60  3.31  5.81  2.91  2.93  3.46  3.24  3.81  2.95  3.81  3.99  4.79
 P(W/W)   0.72  0.65  0.57  0.60  0.67  0.65  0.67  0.66  0.67  0.73  0.68  0.72
 P(W/D)   0.37  0.34  0.28  0.31  0.34  0.41  0.45  0.46  0.43  0.42  0.48  0.43
 TMAX AV 83.56 84.00 85.21 86.44 87.19 88.34 88.83 89.09 88.93 88.33 86.40 84.30
 TMIN AV 61.27 61.38 62.27 64.60 67.46 69.25 69.02 69.15 68.73 67.85 65.94 63.24
 SD TMAX  2.18  2.22  2.57  2.64  2.47  1.99  1.87  1.96  2.23  2.38  2.51  2.31
 SD TMIN  3.39  3.32  3.71  3.69  3.48  2.69  2.63  2.45  2.26  2.52  3.10  3.41
 SOL.RAD  403.  480.  579.  621.  519.  536.  638.  548.  530.  459.  410.  410.
 SD SOL   30.0  29.8  23.8  31.5  72.1  69.6  37.7  58.9  47.4  44.0  33.9  22.1
 MX .5 P  1.82  1.01  1.15  1.71  1.66  1.33  0.81  1.18  1.37  1.60  2.58  2.54
 DEW PT  67.88 66.91 66.93 68.93 70.97 72.99 73.00 73.01 73.01 72.96 70.91 68.88
Time Pk  0.492 0.595 0.659 0.734 0.761 0.777 0.803 0.830 0.853 0.889 0.928 1.000
% N       8.84  8.61  6.19  5.17  3.73  4.08  3.89  5.23  4.87  9.58 12.31 10.48
MEAN      4.27  4.16  4.24  4.13  3.31  2.95  2.74  2.89  3.08  3.76  4.25  4.32
STD DEV   1.79  1.77  1.69  1.84  1.46  1.21  1.07  1.23  1.42  1.62  1.70  1.72
SKEW      0.52  0.56  0.57  0.82  0.91  0.88  1.07  1.07  1.28  0.83  0.53  0.52
% NNE     6.42  6.21  4.60  4.09  3.62  3.46  3.34  4.24  5.42  9.67  9.49  7.25
MEAN      3.85  3.94  4.21  3.98  3.64  3.00  2.60  3.05  3.28  4.00  4.10  4.07
STD DEV   1.85  1.76  1.98  1.83  1.82  1.37  1.02  1.36  1.67  1.85  1.81  1.87
SKEW      0.85  0.65  0.80  0.75  0.94  1.31  0.90  1.23  2.00  0.87  0.75  0.68
% NE      7.19  6.53  4.98  5.81  6.00  4.73  4.89  6.76  9.23 14.58 12.69  9.19
MEAN      4.13  3.97  4.18  4.53  4.11  3.40  2.80  3.11  3.56  4.62  4.30  4.25
STD DEV   2.04  1.92  1.99  2.24  1.90  1.69  1.16  1.40  1.66  2.19  1.95  2.03
SKEW      0.71  0.56  0.63  0.63  0.53  1.14  1.10  1.09  1.08  0.74  0.56  0.64
% ENE     7.53  6.91  6.06  7.96  8.39  6.80  7.16  8.40 12.32 15.02 11.29  9.58
MEAN      4.20  4.47  4.63  4.85  4.59  3.95  3.50  3.81  4.06  4.88  4.73  4.37
STD DEV   1.89  1.80  1.92  1.97  1.85  1.67  1.49  1.56  1.66  1.98  1.97  1.82
SKEW      0.65  0.53  0.43  0.37  0.48  0.71  0.83  0.82  0.78  0.48  0.51  0.58
% E      11.25  8.61  8.96 14.72 13.52 12.50 15.93 15.50 16.59 12.33 10.64 12.25
MEAN      4.14  4.23  4.61  4.76  4.49  3.96  3.75  3.84  4.06  4.39  4.40  4.41
STD DEV   1.83  1.77  1.98  1.99  1.86  1.72  1.52  1.59  1.64  1.93  1.81  1.86
SKEW      0.76  0.62  0.69  0.71  0.57  0.80  0.90  0.82  0.74  0.79  0.50  0.64
% ESE    10.68  7.98  9.53 11.68 11.83 10.79 14.36 11.20 10.57  5.84  6.31  7.94
MEAN      4.45  4.69  4.63  4.66  4.27  3.99  4.00  3.90  4.10  4.15  4.08  4.49
STD DEV   1.76  1.97  1.93  1.86  1.73  1.69  1.60  1.56  1.66  1.80  1.66  1.74
SKEW      0.40  0.43  0.53  0.50  0.64  0.84  0.70  0.77  0.62  0.72  0.60  0.38
% SE      6.83  7.33  9.28  8.70  9.14 10.19 12.06  9.29  7.08  4.26  3.73  5.74
MEAN      4.41  4.39  4.54  4.46  4.02  3.72  3.80  3.84  3.83  3.60  3.71  4.17
STD DEV   1.80  1.97  1.86  1.82  1.71  1.63  1.48  1.50  1.66  1.58  1.54  1.74
SKEW      0.32  0.56  0.35  0.63  0.69  1.20  0.56  0.53  0.92  0.73  0.46  0.47
% SSE     4.21  5.90  7.94  5.94  5.87  6.53  6.52  5.31  4.11  2.69  2.90  3.70
MEAN      4.53  4.56  5.18  5.16  4.16  3.82  3.90  3.96  3.88  3.69  4.11  4.41
STD DEV   1.91  1.88  2.27  2.54  1.70  1.63  1.59  1.68  1.59  1.61  1.85  1.80
SKEW      0.44  0.42  0.64  0.87  0.49  0.76  0.72  0.85  0.78  0.68  0.65  0.34
% S       4.72  6.22  6.96  4.65  4.23  5.67  5.21  4.86  3.97  2.65  3.06  4.07
MEAN      4.54  5.08  5.20  5.09  4.16  3.82  3.65  3.69  3.97  3.84  3.94  4.42
STD DEV   2.03  2.27  2.41  2.31  2.00  1.90  1.64  1.73  1.96  2.17  1.75  2.03
SKEW      0.57  0.45  0.55  0.48  0.82  1.05  0.81  1.03  0.96  1.45  0.49  0.60
% SSW     2.86  3.96  4.91  3.24  3.01  3.87  3.28  3.85  3.16  1.78  2.38  2.80
MEAN      4.66  4.96  5.25  5.08  4.17  4.00  3.78  4.07  4.23  4.12  4.15  4.69
STD DEV   2.14  2.14  2.24  2.25  1.80  1.87  1.57  1.92  2.02  2.01  1.66  2.22
SKEW      0.54  0.53  0.50  0.56  0.45  0.94  0.65  0.75  0.89  0.80  0.46  0.62
% SW      2.68  3.59  5.11  4.26  4.79  5.32  4.46  4.23  3.26  2.17  2.57  2.83
MEAN      4.23  4.66  4.68  4.69  4.35  3.72  3.71  3.69  3.84  4.19  3.92  4.08
STD DEV   1.99  2.06  2.15  2.19  1.93  1.69  1.50  1.65  1.88  2.15  1.80  1.88
SKEW      0.63  0.59  0.48  0.65  0.59  0.82  0.63  0.97  0.85  1.00  0.63  0.57
% WSW     2.52  3.09  4.00  3.81  5.36  5.15  3.19  3.48  2.64  1.98  1.85  2.10
MEAN      4.13  4.61  4.81  4.83  4.63  4.27  3.68  3.95  3.98  4.33  3.93  4.07
STD DEV   1.94  2.06  2.12  2.24  1.99  1.87  1.49  1.68  1.73  1.95  1.64  1.86
SKEW      0.65  0.49  0.32  0.65  0.66  0.61  0.55  1.03  0.74  0.62  0.70  0.41
% W       2.84  3.40  3.86  4.38  5.46  5.11  3.15  3.41  3.08  2.38  2.01  1.96
MEAN      4.05  4.57  4.68  4.54  4.34  3.89  3.72  3.57  3.70  3.64  3.67  3.53
STD DEV   2.02  2.30  2.12  2.00  1.87  1.62  1.62  1.51  1.44  1.51  1.63  1.55
SKEW      0.76  0.97  0.65  0.64  0.61  0.72  0.70  0.84  0.54  1.10  0.85  0.83
% WNW     3.43  4.33  4.02  4.21  4.01  3.23  2.00  2.35  2.44  2.28  2.35  2.57
MEAN      4.46  4.97  4.87  4.58  4.04  3.66  3.43  3.51  3.75  3.75  3.99  4.20
STD DEV   2.17  2.40  2.18  2.00  1.73  1.52  1.39  1.33  1.90  1.55  1.84  2.03
SKEW      0.73  0.85  0.56  0.63  0.87  0.96  0.74  0.51  1.28  0.77  0.73  0.95
% NW      5.30  5.79  4.09  3.64  2.90  2.78  1.89  2.67  2.47  3.05  3.76  4.59
MEAN      4.63  4.83  4.68  4.19  3.46  3.22  2.99  3.09  3.16  3.58  4.28  4.50
STD DEV   2.30  2.26  2.23  1.94  1.52  1.29  1.19  1.28  1.35  1.63  1.85  2.15
SKEW      0.62  0.68  0.52  0.65  0.82  0.76  0.51  0.78  0.95  1.05  0.60  0.94
% NNW     7.46  6.17  5.11  3.92  2.43  2.71  2.00  2.62  2.73  4.94  7.50  6.97
MEAN      4.38  4.46  4.40  4.27  3.32  2.96  2.89  2.90  3.11  3.77  4.60  4.40
STD DEV   1.87  1.95  1.89  1.83  1.33  1.20  1.06  1.32  1.29  1.53  1.91  1.87
SKEW      0.65  0.56  0.48  0.68  0.86  0.73  0.51  1.09  0.87  0.62  0.56  0.63
CALM      5.19  5.43  4.35  3.84  5.62  7.06  6.71  6.50  5.98  4.66  5.17  6.01
MIAMI         FL    0.526  FT. MYERS     FL    0.474  MIAMI         FL    0.000
 HUMACAO PR                              664613 0
 LATT=  18.15 LONG= -65.83 YEARS= 58. TYPE= 3
 ELEVATION =   90. TP5 = 4.98 TP6= 7.12
 MEAN P   0.20  0.22  0.21  0.30  0.45  0.39  0.37  0.40  0.45  0.45  0.40  0.26
 S DEV P  0.28  0.39  0.31  0.44  0.70  0.49  0.49  0.56  0.75  0.64  0.63  0.42
 SQEW  P  4.48  5.93  4.52  3.04  3.44  2.44  3.74  3.56  6.66  2.98  3.60  4.78
 P(W/W)   0.76  0.68  0.62  0.68  0.79  0.76  0.79  0.78  0.81  0.77  0.77  0.75
 P(W/D)   0.34  0.36  0.32  0.31  0.40  0.48  0.48  0.50  0.38  0.37  0.39  0.42
 TMAX AV 82.82 83.42 84.84 86.00 86.64 87.69 88.03 88.50 88.18 87.68 85.82 83.76
 TMIN AV 64.55 64.81 65.81 68.21 71.26 72.96 72.96 72.58 71.80 70.69 68.62 65.93
 SD TMAX  2.15  2.29  2.42  2.27  2.33  1.96  1.96  2.18  2.75  2.62  2.68  2.89
 SD TMIN  3.23  3.36  3.64  3.64  3.33  2.76  2.44  2.45  2.40  2.29  2.89  3.14
 SOL.RAD  403.  480.  578.  620.  520.  536.  637.  548.  529.  458.  410.  409.
 SD SOL   30.0  29.8  24.0  31.8  72.1  69.7  38.2  59.7  47.7  44.1  33.9  22.2
 MX .5 P  1.81  1.01  1.15  1.71  1.65  1.34  0.82  1.20  1.38  1.60  2.57  2.52
 DEW PT  67.77 66.83 66.88 68.88 70.94 72.98 73.00 73.02 73.02 72.92 70.83 68.77
Time Pk  0.547 0.631 0.678 0.739 0.758 0.777 0.800 0.820 0.837 0.869 0.909 1.000
% N       8.84  8.60  6.19  5.17  3.73  4.08  3.89  5.23  4.86  9.58 12.31 10.48
MEAN      4.27  4.16  4.24  4.13  3.31  2.95  2.74  2.89  3.08  3.76  4.25  4.32
STD DEV   1.79  1.77  1.69  1.84  1.46  1.21  1.07  1.23  1.42  1.62  1.70  1.72
SKEW      0.52  0.56  0.57  0.82  0.91  0.88  1.07  1.07  1.28  0.83  0.53  0.52
% NNE     6.42  6.21  4.61  4.09  3.62  3.46  3.34  4.24  5.42  9.67  9.49  7.25
MEAN      3.85  3.94  4.21  3.98  3.64  3.00  2.60  3.05  3.28  4.00  4.10  4.07
STD DEV   1.85  1.76  1.98  1.83  1.82  1.37  1.02  1.36  1.67  1.85  1.81  1.87
SKEW      0.85  0.65  0.80  0.75  0.94  1.31  0.90  1.23  2.00  0.87  0.75  0.68
% NE      7.19  6.53  4.98  5.81  6.00  4.73  4.89  6.76  9.23 14.58 12.70  9.19
MEAN      4.13  3.97  4.18  4.53  4.11  3.40  2.80  3.11  3.56  4.62  4.30  4.25
STD DEV   2.04  1.92  1.99  2.24  1.90  1.69  1.16  1.40  1.66  2.19  1.95  2.03
SKEW      0.71  0.56  0.63  0.63  0.53  1.14  1.10  1.09  1.08  0.74  0.56  0.64
% ENE     7.53  6.91  6.06  7.96  8.39  6.80  7.16  8.40 12.33 15.02 11.29  9.59
MEAN      4.20  4.47  4.63  4.85  4.59  3.95  3.50  3.80  4.06  4.88  4.73  4.37
STD DEV   1.89  1.80  1.92  1.97  1.85  1.67  1.49  1.56  1.66  1.98  1.97  1.82
SKEW      0.65  0.53  0.43  0.37  0.48  0.71  0.83  0.82  0.78  0.48  0.51  0.58
% E      11.25  8.61  8.96 14.72 13.52 12.50 15.94 15.50 16.59 12.33 10.64 12.25
MEAN      4.14  4.23  4.61  4.76  4.49  3.96  3.75  3.84  4.06  4.39  4.40  4.41
STD DEV   1.83  1.77  1.98  1.99  1.86  1.72  1.52  1.59  1.64  1.93  1.81  1.86
SKEW      0.76  0.62  0.69  0.71  0.57  0.80  0.90  0.82  0.74  0.79  0.50  0.64
% ESE    10.68  7.98  9.53 11.68 11.83 10.79 14.36 11.20 10.57  5.84  6.31  7.94
MEAN      4.45  4.69  4.63  4.66  4.27  3.99  4.00  3.90  4.10  4.15  4.08  4.49
STD DEV   1.76  1.97  1.93  1.86  1.73  1.69  1.60  1.56  1.66  1.80  1.66  1.74
SKEW      0.40  0.43  0.53  0.50  0.64  0.84  0.70  0.77  0.62  0.72  0.60  0.38
% SE      6.83  7.33  9.28  8.69  9.14 10.19 12.06  9.29  7.07  4.26  3.73  5.74
MEAN      4.41  4.39  4.54  4.46  4.02  3.72  3.79  3.84  3.83  3.60  3.71  4.17
STD DEV   1.80  1.97  1.86  1.82  1.71  1.63  1.48  1.50  1.66  1.58  1.54  1.74
SKEW      0.32  0.56  0.35  0.63  0.69  1.20  0.56  0.53  0.92  0.73  0.46  0.47
% SSE     4.21  5.89  7.94  5.94  5.87  6.53  6.51  5.31  4.11  2.69  2.90  3.70
MEAN      4.53  4.56  5.18  5.16  4.16  3.82  3.90  3.96  3.88  3.69  4.11  4.41
STD DEV   1.91  1.88  2.27  2.54  1.70  1.63  1.59  1.68  1.59  1.61  1.85  1.80
SKEW      0.44  0.42  0.64  0.87  0.49  0.76  0.72  0.85  0.78  0.68  0.65  0.34
% S       4.72  6.22  6.96  4.65  4.23  5.67  5.21  4.86  3.97  2.65  3.06  4.07
MEAN      4.54  5.08  5.20  5.09  4.16  3.82  3.65  3.69  3.97  3.84  3.95  4.42
STD DEV   2.03  2.27  2.41  2.31  2.00  1.90  1.64  1.73  1.96  2.17  1.75  2.03
SKEW      0.57  0.45  0.55  0.48  0.82  1.05  0.81  1.03  0.96  1.45  0.49  0.60
% SSW     2.86  3.96  4.91  3.24  3.01  3.87  3.28  3.85  3.16  1.78  2.38  2.80
MEAN      4.66  4.96  5.25  5.08  4.17  4.00  3.78  4.07  4.23  4.12  4.15  4.69
STD DEV   2.14  2.14  2.24  2.25  1.80  1.87  1.57  1.92  2.02  2.01  1.66  2.22
SKEW      0.54  0.53  0.50  0.56  0.45  0.94  0.65  0.75  0.89  0.80  0.46  0.62
% SW      2.68  3.59  5.11  4.27  4.79  5.32  4.46  4.23  3.26  2.17  2.57  2.83
MEAN      4.23  4.66  4.68  4.69  4.35  3.72  3.71  3.69  3.84  4.19  3.92  4.08
STD DEV   1.99  2.06  2.15  2.19  1.93  1.69  1.50  1.65  1.88  2.15  1.80  1.88
SKEW      0.63  0.59  0.48  0.65  0.59  0.82  0.63  0.97  0.85  1.00  0.63  0.57
% WSW     2.52  3.09  4.00  3.81  5.37  5.15  3.19  3.48  2.64  1.98  1.85  2.10
MEAN      4.13  4.61  4.81  4.83  4.63  4.27  3.68  3.95  3.98  4.33  3.93  4.07
STD DEV   1.94  2.06  2.12  2.24  1.99  1.87  1.49  1.68  1.73  1.95  1.64  1.86
SKEW      0.65  0.49  0.32  0.65  0.66  0.61  0.55  1.03  0.74  0.62  0.70  0.41
% W       2.84  3.40  3.86  4.38  5.46  5.12  3.15  3.41  3.08  2.38  2.01  1.96
MEAN      4.05  4.57  4.68  4.54  4.34  3.89  3.72  3.57  3.70  3.64  3.67  3.53
STD DEV   2.02  2.30  2.12  2.00  1.87  1.62  1.62  1.51  1.44  1.51  1.63  1.55
SKEW      0.76  0.97  0.65  0.64  0.61  0.72  0.70  0.84  0.54  1.10  0.85  0.83
% WNW     3.43  4.33  4.02  4.21  4.01  3.23  2.00  2.35  2.44  2.28  2.35  2.57
MEAN      4.46  4.97  4.87  4.58  4.04  3.66  3.43  3.51  3.75  3.75  3.99  4.20
STD DEV   2.17  2.40  2.18  2.00  1.73  1.52  1.39  1.33  1.90  1.55  1.84  2.03
SKEW      0.73  0.85  0.56  0.63  0.87  0.96  0.74  0.51  1.28  0.77  0.73  0.95
% NW      5.30  5.79  4.09  3.64  2.90  2.78  1.89  2.67  2.47  3.05  3.76  4.59
MEAN      4.63  4.83  4.68  4.19  3.46  3.22  2.99  3.09  3.16  3.58  4.28  4.50
STD DEV   2.30  2.26  2.23  1.94  1.52  1.29  1.19  1.28  1.35  1.63  1.85  2.15
SKEW      0.62  0.68  0.52  0.65  0.82  0.76  0.51  0.78  0.95  1.05  0.60  0.94
% NNW     7.46  6.17  5.11  3.92  2.43  2.71  2.00  2.62  2.73  4.94  7.50  6.97
MEAN      4.38  4.46  4.40  4.27  3.32  2.96  2.89  2.90  3.11  3.77  4.60  4.40
STD DEV   1.87  1.95  1.89  1.83  1.33  1.20  1.06  1.32  1.29  1.53  1.91  1.87
SKEW      0.65  0.56  0.48  0.68  0.86  0.73  0.51  1.09  0.87  0.62  0.56  0.63
CALM      5.19  5.43  4.35  3.84  5.63  7.06  6.71  6.50  5.98  4.66  5.17  6.01
MIAMI         FL    0.525  FT. MYERS     FL    0.475  MIAMI         FL    0.000
 ISABELA SUBSTATION PR                   664702 0
 LATT=  18.47 LONG= -67.07 YEARS= 89. TYPE= 3
 ELEVATION =  420. TP5 = 4.93 TP6= 7.21
 MEAN P   0.28  0.33  0.34  0.45  0.52  0.48  0.35  0.38  0.42  0.46  0.48  0.35
 S DEV P  0.40  0.49  0.52  0.67  0.65  0.59  0.50  0.49  0.54  0.59  0.70  0.53
 SQEW  P  4.44  3.05  4.21  3.07  2.57  2.67  3.95  2.84  3.23  2.43  3.03  3.52
 P(W/W)   0.57  0.49  0.46  0.48  0.57  0.52  0.47  0.51  0.54  0.53  0.56  0.58
 P(W/D)   0.26  0.24  0.22  0.26  0.33  0.32  0.33  0.41  0.36  0.34  0.32  0.28
 TMAX AV 82.60 82.81 83.98 85.05 86.12 87.15 87.54 88.02 88.12 87.65 85.70 83.56
 TMIN AV 64.88 64.65 65.24 66.46 68.56 69.66 70.55 70.64 70.12 69.46 68.40 66.43
 SD TMAX  2.95  2.79  2.72  2.67  2.46  2.35  2.08  2.12  2.42  2.55  2.75  2.64
 SD TMIN  2.57  2.52  2.54  2.73  2.45  2.46  2.31  2.23  2.46  2.40  2.43  2.66
 SOL.RAD  400.  477.  574.  617.  521.  536.  632.  546.  525.  455.  407.  405.
 SD SOL   29.9  30.0  25.0  33.0  72.1  70.4  40.1  63.4  49.1  44.5  33.8  22.6
 MX .5 P  1.77  1.01  1.15  1.69  1.64  1.41  0.86  1.25  1.40  1.61  2.50  2.44
 DEW PT  67.27 66.47 66.60 68.60 70.80 72.93 73.00 73.07 73.07 72.73 70.47 68.27
Time Pk  0.440 0.552 0.616 0.728 0.761 0.777 0.812 0.836 0.854 0.899 0.946 1.000
% N       8.85  8.61  6.20  5.17  3.73  4.08  3.89  5.24  4.87  9.59 12.32 10.50
MEAN      4.27  4.16  4.24  4.13  3.31  2.95  2.74  2.89  3.08  3.76  4.25  4.32
STD DEV   1.79  1.77  1.69  1.84  1.46  1.21  1.07  1.23  1.42  1.62  1.70  1.72
SKEW      0.52  0.56  0.57  0.82  0.91  0.88  1.07  1.06  1.27  0.83  0.53  0.52
% NNE     6.42  6.20  4.60  4.09  3.62  3.46  3.34  4.24  5.42  9.67  9.48  7.25
MEAN      3.85  3.94  4.21  3.98  3.64  2.99  2.60  3.04  3.28  4.00  4.09  4.07
STD DEV   1.85  1.76  1.98  1.83  1.82  1.37  1.02  1.36  1.67  1.85  1.81  1.87
SKEW      0.85  0.65  0.81  0.75  0.94  1.31  0.90  1.23  2.00  0.87  0.75  0.69
% NE      7.18  6.52  4.97  5.80  5.99  4.73  4.88  6.76  9.22 14.57 12.68  9.18
MEAN      4.13  3.97  4.19  4.53  4.12  3.40  2.80  3.11  3.56  4.62  4.31  4.25
STD DEV   2.04  1.92  1.99  2.24  1.90  1.69  1.16  1.40  1.66  2.19  1.95  2.03
SKEW      0.71  0.56  0.63  0.62  0.53  1.14  1.10  1.09  1.08  0.74  0.56  0.64
% ENE     7.52  6.91  6.06  7.96  8.39  6.80  7.15  8.40 12.32 15.01 11.28  9.58
MEAN      4.20  4.47  4.63  4.86  4.59  3.95  3.50  3.81  4.06  4.88  4.73  4.38
STD DEV   1.89  1.80  1.92  1.97  1.85  1.67  1.49  1.56  1.66  1.98  1.97  1.82
SKEW      0.64  0.53  0.43  0.37  0.48  0.71  0.83  0.82  0.78  0.48  0.51  0.58
% E      11.24  8.61  8.96 14.72 13.53 12.50 15.93 15.49 16.58 12.32 10.64 12.24
MEAN      4.14  4.23  4.61  4.76  4.49  3.96  3.75  3.84  4.07  4.39  4.40  4.41
STD DEV   1.83  1.77  1.98  1.99  1.86  1.72  1.52  1.59  1.64  1.93  1.81  1.86
SKEW      0.76  0.62  0.69  0.71  0.57  0.80  0.90  0.82  0.74  0.79  0.50  0.63
% ESE    10.68  7.99  9.54 11.69 11.84 10.79 14.37 11.20 10.58  5.85  6.31  7.94
MEAN      4.45  4.69  4.63  4.66  4.27  3.99  4.00  3.91  4.10  4.15  4.08  4.49
STD DEV   1.76  1.97  1.93  1.86  1.73  1.69  1.60  1.56  1.66  1.80  1.66  1.74
SKEW      0.40  0.43  0.53  0.50  0.64  0.84  0.70  0.77  0.62  0.72  0.60  0.38
% SE      6.84  7.34  9.29  8.71  9.15 10.20 12.07  9.30  7.08  4.27  3.73  5.74
MEAN      4.41  4.40  4.54  4.46  4.03  3.72  3.80  3.84  3.84  3.60  3.71  4.17
STD DEV   1.80  1.97  1.86  1.82  1.71  1.63  1.48  1.50  1.66  1.58  1.54  1.74
SKEW      0.32  0.56  0.35  0.63  0.69  1.20  0.56  0.53  0.92  0.73  0.46  0.47
% SSE     4.22  5.90  7.95  5.95  5.87  6.53  6.52  5.32  4.12  2.69  2.90  3.70
MEAN      4.53  4.56  5.18  5.16  4.16  3.82  3.90  3.96  3.88  3.69  4.11  4.41
STD DEV   1.91  1.88  2.27  2.54  1.70  1.63  1.59  1.68  1.59  1.61  1.85  1.80
SKEW      0.44  0.42  0.64  0.87  0.49  0.76  0.72  0.85  0.78  0.68  0.65  0.34
% S       4.72  6.22  6.96  4.65  4.24  5.67  5.21  4.86  3.98  2.65  3.06  4.07
MEAN      4.53  5.08  5.20  5.09  4.16  3.82  3.65  3.69  3.97  3.84  3.94  4.42
STD DEV   2.03  2.27  2.41  2.31  2.00  1.90  1.64  1.73  1.96  2.17  1.75  2.03
SKEW      0.57  0.45  0.55  0.48  0.82  1.05  0.81  1.03  0.96  1.45  0.49  0.60
% SSW     2.86  3.95  4.91  3.24  3.01  3.87  3.28  3.85  3.16  1.79  2.38  2.80
MEAN      4.66  4.96  5.25  5.08  4.17  3.99  3.78  4.07  4.23  4.11  4.15  4.69
STD DEV   2.14  2.14  2.24  2.25  1.80  1.87  1.57  1.92  2.02  2.01  1.66  2.22
SKEW      0.54  0.53  0.50  0.56  0.45  0.94  0.65  0.75  0.89  0.80  0.46  0.62
% SW      2.68  3.59  5.11  4.26  4.79  5.32  4.46  4.23  3.26  2.17  2.57  2.82
MEAN      4.23  4.65  4.68  4.69  4.34  3.72  3.71  3.69  3.84  4.19  3.92  4.08
STD DEV   1.99  2.06  2.15  2.19  1.93  1.69  1.50  1.65  1.88  2.15  1.80  1.88
SKEW      0.63  0.59  0.48  0.65  0.59  0.82  0.63  0.97  0.86  1.00  0.63  0.57
% WSW     2.52  3.10  4.00  3.81  5.36  5.15  3.19  3.48  2.64  1.98  1.85  2.10
MEAN      4.13  4.61  4.81  4.83  4.63  4.26  3.68  3.95  3.98  4.33  3.92  4.07
STD DEV   1.94  2.06  2.12  2.24  1.99  1.87  1.49  1.68  1.73  1.95  1.64  1.86
SKEW      0.65  0.49  0.32  0.65  0.66  0.61  0.55  1.03  0.74  0.62  0.70  0.41
% W       2.84  3.40  3.86  4.38  5.45  5.11  3.15  3.41  3.08  2.37  2.01  1.96
MEAN      4.05  4.57  4.68  4.53  4.34  3.89  3.72  3.57  3.70  3.64  3.66  3.53
STD DEV   2.02  2.30  2.12  2.00  1.87  1.62  1.62  1.51  1.44  1.51  1.63  1.55
SKEW      0.76  0.97  0.65  0.64  0.61  0.72  0.70  0.84  0.55  1.10  0.85  0.83
% WNW     3.44  4.33  4.02  4.20  4.01  3.22  2.00  2.35  2.44  2.28  2.35  2.57
MEAN      4.46  4.97  4.87  4.57  4.04  3.66  3.42  3.51  3.75  3.75  3.99  4.20
STD DEV   2.17  2.40  2.18  2.00  1.73  1.52  1.39  1.33  1.90  1.55  1.84  2.03
SKEW      0.73  0.85  0.56  0.63  0.87  0.96  0.74  0.51  1.28  0.77  0.73  0.95
% NW      5.30  5.79  4.09  3.64  2.90  2.78  1.89  2.67  2.47  3.06  3.76  4.60
MEAN      4.63  4.83  4.68  4.19  3.46  3.22  2.99  3.08  3.16  3.58  4.28  4.50
STD DEV   2.30  2.26  2.23  1.94  1.52  1.29  1.19  1.28  1.35  1.63  1.85  2.15
SKEW      0.62  0.68  0.52  0.66  0.82  0.76  0.51  0.78  0.95  1.05  0.60  0.93
% NNW     7.47  6.18  5.12  3.92  2.43  2.71  2.00  2.62  2.74  4.95  7.52  6.98
MEAN      4.38  4.46  4.40  4.27  3.32  2.96  2.89  2.90  3.11  3.77  4.60  4.40
STD DEV   1.87  1.95  1.89  1.83  1.33  1.20  1.06  1.32  1.29  1.53  1.91  1.87
SKEW      0.65  0.56  0.48  0.68  0.86  0.73  0.51  1.09  0.87  0.62  0.56  0.63
CALM      5.18  5.41  4.34  3.83  5.62  7.05  6.71  6.50  5.97  4.65  5.16  6.00
MIAMI         FL    0.527  FT. MYERS     FL    0.473  MIAMI         FL    0.000
 MANATI PR                               665807 0
 LATT=  18.43 LONG= -66.45 YEARS= 85. TYPE= 3
 ELEVATION =  290. TP5 = 4.97 TP6= 7.14
 MEAN P   0.31  0.33  0.30  0.42  0.51  0.36  0.34  0.35  0.39  0.38  0.45  0.36
 S DEV P  0.46  0.53  0.51  0.63  0.77  0.48  0.49  0.47  0.53  0.51  0.66  0.55
 SQEW  P  3.87  3.65  4.57  3.25  3.65  2.56  3.27  3.39  3.30  3.03  3.35  4.13
 P(W/W)   0.65  0.60  0.59  0.58  0.62  0.52  0.56  0.55  0.59  0.59  0.65  0.69
 P(W/D)   0.29  0.24  0.21  0.23  0.27  0.26  0.38  0.39  0.35  0.34  0.34  0.31
 TMAX AV 82.88 83.60 85.01 86.18 87.81 89.36 89.00 89.29 89.17 88.39 86.20 83.49
 TMIN AV 64.78 64.29 64.86 66.60 68.54 70.28 70.98 71.18 70.51 69.57 68.38 66.33
 SD TMAX  2.96  3.53  3.63  3.74  3.69  3.25  2.85  2.86  3.05  3.44  3.22  3.20
 SD TMIN  2.64  2.71  2.82  2.88  2.87  2.70  2.48  2.10  1.96  1.94  2.26  2.52
 SOL.RAD  402.  479.  577.  620.  520.  536.  636.  548.  528.  458.  409.  408.
 SD SOL   30.0  29.8  24.2  31.9  72.1  69.8  38.4  60.2  47.9  44.2  33.9  22.3
 MX .5 P  1.80  1.01  1.15  1.71  1.65  1.35  0.83  1.20  1.38  1.60  2.56  2.51
 DEW PT  67.69 66.77 66.83 68.83 70.92 72.97 73.00 73.03 73.03 72.89 70.77 68.69
Time Pk  0.491 0.587 0.650 0.727 0.751 0.765 0.799 0.823 0.847 0.888 0.933 1.000
% N       8.84  8.61  6.19  5.17  3.73  4.08  3.89  5.23  4.87  9.58 12.32 10.49
MEAN      4.27  4.16  4.24  4.13  3.31  2.95  2.74  2.89  3.08  3.76  4.25  4.32
STD DEV   1.79  1.77  1.69  1.84  1.46  1.21  1.07  1.23  1.42  1.62  1.70  1.72
SKEW      0.52  0.56  0.57  0.82  0.91  0.88  1.07  1.06  1.28  0.83  0.53  0.52
% NNE     6.42  6.20  4.60  4.09  3.62  3.46  3.34  4.24  5.42  9.67  9.48  7.25
MEAN      3.85  3.94  4.21  3.98  3.64  2.99  2.60  3.05  3.28  4.00  4.09  4.07
STD DEV   1.85  1.76  1.98  1.83  1.82  1.37  1.02  1.36  1.67  1.85  1.81  1.87
SKEW      0.85  0.65  0.81  0.75  0.94  1.31  0.90  1.23  2.00  0.87  0.75  0.69
% NE      7.19  6.53  4.98  5.80  6.00  4.73  4.88  6.76  9.23 14.57 12.69  9.19
MEAN      4.13  3.97  4.19  4.53  4.12  3.40  2.80  3.11  3.56  4.62  4.31  4.25
STD DEV   2.04  1.92  1.99  2.24  1.90  1.69  1.16  1.40  1.66  2.19  1.95  2.03
SKEW      0.71  0.56  0.63  0.62  0.53  1.14  1.10  1.09  1.08  0.74  0.56  0.64
% ENE     7.53  6.91  6.06  7.96  8.39  6.80  7.16  8.40 12.32 15.01 11.29  9.58
MEAN      4.20  4.47  4.63  4.85  4.59  3.95  3.50  3.81  4.06  4.88  4.73  4.37
STD DEV   1.89  1.80  1.92  1.97  1.85  1.67  1.49  1.56  1.66  1.98  1.97  1.82
SKEW      0.65  0.53  0.43  0.37  0.48  0.71  0.83  0.82  0.78  0.48  0.51  0.58
% E      11.25  8.61  8.96 14.72 13.53 12.50 15.93 15.49 16.58 12.32 10.64 12.25
MEAN      4.14  4.23  4.61  4.76  4.49  3.96  3.75  3.84  4.06  4.39  4.40  4.41
STD DEV   1.83  1.77  1.98  1.99  1.86  1.72  1.52  1.59  1.64  1.93  1.81  1.86
SKEW      0.76  0.62  0.69  0.71  0.57  0.80  0.90  0.82  0.74  0.79  0.50  0.64
% ESE    10.68  7.99  9.54 11.69 11.84 10.79 14.36 11.20 10.58  5.85  6.31  7.94
MEAN      4.45  4.69  4.63  4.66  4.27  3.99  4.00  3.90  4.10  4.15  4.08  4.49
STD DEV   1.76  1.97  1.93  1.86  1.73  1.69  1.60  1.56  1.66  1.80  1.66  1.74
SKEW      0.40  0.43  0.53  0.50  0.64  0.84  0.70  0.77  0.62  0.72  0.60  0.38
% SE      6.83  7.33  9.28  8.70  9.14 10.19 12.06  9.29  7.08  4.27  3.73  5.74
MEAN      4.41  4.40  4.54  4.46  4.03  3.72  3.80  3.84  3.83  3.60  3.71  4.17
STD DEV   1.80  1.97  1.86  1.82  1.71  1.63  1.48  1.50  1.66  1.58  1.54  1.74
SKEW      0.32  0.56  0.35  0.63  0.69  1.20  0.56  0.53  0.92  0.73  0.46  0.47
% SSE     4.22  5.90  7.95  5.95  5.87  6.53  6.52  5.31  4.12  2.69  2.90  3.70
MEAN      4.53  4.56  5.18  5.16  4.16  3.82  3.90  3.96  3.88  3.69  4.11  4.41
STD DEV   1.91  1.88  2.27  2.54  1.70  1.63  1.59  1.68  1.59  1.61  1.85  1.80
SKEW      0.44  0.42  0.64  0.87  0.49  0.76  0.72  0.85  0.78  0.68  0.65  0.34
% S       4.72  6.22  6.96  4.65  4.24  5.67  5.21  4.86  3.98  2.65  3.06  4.07
MEAN      4.53  5.08  5.20  5.09  4.16  3.82  3.65  3.69  3.97  3.84  3.94  4.42
STD DEV   2.03  2.27  2.41  2.31  2.00  1.90  1.64  1.73  1.96  2.17  1.75  2.03
SKEW      0.57  0.45  0.55  0.48  0.82  1.05  0.81  1.03  0.96  1.45  0.49  0.60
% SSW     2.86  3.95  4.91  3.24  3.01  3.87  3.28  3.85  3.16  1.79  2.38  2.80
MEAN      4.66  4.96  5.25  5.08  4.17  4.00  3.78  4.07  4.23  4.12  4.15  4.69
STD DEV   2.14  2.14  2.24  2.25  1.80  1.87  1.57  1.92  2.02  2.01  1.66  2.22
SKEW      0.54  0.53  0.50  0.56  0.45  0.94  0.65  0.75  0.89  0.80  0.46  0.62
% SW      2.68  3.59  5.11  4.26  4.79  5.32  4.46  4.23  3.26  2.17  2.57  2.83
MEAN      4.23  4.66  4.68  4.69  4.34  3.72  3.71  3.69  3.84  4.19  3.92  4.08
STD DEV   1.99  2.06  2.15  2.19  1.93  1.69  1.50  1.65  1.88  2.15  1.80  1.88
SKEW      0.63  0.59  0.48  0.65  0.59  0.82  0.63  0.97  0.86  1.00  0.63  0.57
% WSW     2.52  3.10  4.00  3.81  5.36  5.15  3.19  3.48  2.64  1.98  1.85  2.10
MEAN      4.13  4.61  4.81  4.83  4.63  4.27  3.68  3.95  3.98  4.33  3.92  4.07
STD DEV   1.94  2.06  2.12  2.24  1.99  1.87  1.49  1.68  1.73  1.95  1.64  1.86
SKEW      0.65  0.49  0.32  0.65  0.66  0.61  0.55  1.03  0.74  0.62  0.70  0.41
% W       2.84  3.40  3.86  4.38  5.45  5.11  3.15  3.41  3.08  2.37  2.01  1.96
MEAN      4.05  4.57  4.68  4.54  4.34  3.89  3.72  3.57  3.70  3.64  3.67  3.53
STD DEV   2.02  2.30  2.12  2.00  1.87  1.62  1.62  1.51  1.44  1.51  1.63  1.55
SKEW      0.76  0.97  0.65  0.64  0.61  0.72  0.70  0.84  0.54  1.10  0.85  0.83
% WNW     3.44  4.33  4.02  4.20  4.01  3.23  2.00  2.35  2.44  2.28  2.35  2.57
MEAN      4.46  4.97  4.87  4.57  4.04  3.66  3.43  3.51  3.75  3.75  3.99  4.20
STD DEV   2.17  2.40  2.18  2.00  1.73  1.52  1.39  1.33  1.90  1.55  1.84  2.03
SKEW      0.73  0.85  0.56  0.63  0.87  0.96  0.74  0.51  1.28  0.77  0.73  0.95
% NW      5.30  5.79  4.09  3.64  2.90  2.78  1.89  2.67  2.47  3.06  3.76  4.60
MEAN      4.63  4.83  4.68  4.19  3.46  3.22  2.99  3.09  3.16  3.58  4.28  4.50
STD DEV   2.30  2.26  2.23  1.94  1.52  1.29  1.19  1.28  1.35  1.63  1.85  2.15
SKEW      0.62  0.68  0.52  0.65  0.82  0.76  0.51  0.78  0.95  1.05  0.60  0.94
% NNW     7.46  6.17  5.12  3.92  2.43  2.71  2.00  2.62  2.74  4.95  7.51  6.97
MEAN      4.38  4.46  4.40  4.27  3.32  2.96  2.89  2.90  3.11  3.77  4.60  4.40
STD DEV   1.87  1.95  1.89  1.83  1.33  1.20  1.06  1.32  1.29  1.53  1.91  1.87
SKEW      0.65  0.56  0.48  0.68  0.86  0.73  0.51  1.09  0.87  0.62  0.56  0.63
CALM      5.18  5.42  4.34  3.84  5.62  7.06  6.71  6.50  5.97  4.65  5.16  6.01
MIAMI         FL    0.526  FT. MYERS     FL    0.474  MIAMI         FL    0.000
 SAN JUAN PR                             668812 0
 LATT=  18.45 LONG= -66.00 YEARS= 36. TYPE= 3
 ELEVATION =   50. TP5 = 5.00 TP6= 7.08
 MEAN P   0.17  0.17  0.19  0.28  0.37  0.28  0.23  0.30  0.30  0.33  0.31  0.24
 S DEV P  0.32  0.29  0.37  0.54  0.55  0.40  0.33  0.47  0.46  0.51  0.47  0.38
 SQEW  P  7.95  4.57  4.53  4.38  2.83  2.93  2.68  3.42  3.40  3.30  3.68  3.34
 P(W/W)   0.70  0.59  0.56  0.60  0.67  0.63  0.66  0.64  0.65  0.64  0.70  0.71
 P(W/D)   0.36  0.36  0.30  0.30  0.38  0.39  0.48  0.51  0.46  0.45  0.45  0.46
 TMAX AV 83.08 83.50 84.51 85.69 87.04 88.47 88.38 88.66 88.75 88.25 85.85 83.74
 TMIN AV 70.37 70.25 71.08 72.58 74.15 75.68 76.41 76.38 75.88 75.10 73.63 71.94
 SD TMAX  2.35  2.70  2.88  2.91  3.01  2.55  2.08  2.12  2.34  2.55  2.49  2.25
 SD TMIN  2.82  2.75  2.93  2.39  2.23  2.25  2.25  2.04  2.03  2.12  2.35  2.52
 SOL.RAD  404.  481.  580.  622.  519.  536.  639.  549.  531.  460.  411.  411.
 SD SOL   30.0  29.7  23.6  31.2  72.1  69.4  37.2  57.9  47.0  43.9  33.9  22.0
 MX .5 P  1.83  1.01  1.15  1.72  1.66  1.31  0.80  1.17  1.37  1.60  2.60  2.56
 DEW PT  68.00 67.00 67.00 69.00 71.00 73.00 73.00 73.00 73.00 73.00 71.00 69.00
Time Pk  0.515 0.616 0.674 0.740 0.764 0.780 0.808 0.828 0.857 0.890 0.924 1.000
% N       8.84  8.61  6.19  5.17  3.73  4.08  3.89  5.23  4.87  9.58 12.31 10.48
MEAN      4.27  4.16  4.24  4.13  3.31  2.95  2.74  2.89  3.08  3.76  4.25  4.32
STD DEV   1.79  1.77  1.69  1.84  1.46  1.21  1.07  1.23  1.42  1.62  1.70  1.72
SKEW      0.52  0.56  0.57  0.82  0.91  0.88  1.07  1.06  1.28  0.83  0.53  0.52
% NNE     6.42  6.20  4.60  4.09  3.62  3.46  3.34  4.24  5.42  9.67  9.49  7.25
MEAN      3.85  3.94  4.21  3.98  3.64  3.00  2.60  3.05  3.28  4.00  4.10  4.07
STD DEV   1.85  1.76  1.98  1.83  1.82  1.37  1.02  1.36  1.67  1.85  1.81  1.87
SKEW      0.85  0.65  0.81  0.75  0.94  1.31  0.90  1.23  2.00  0.87  0.75  0.69
% NE      7.19  6.53  4.98  5.80  6.00  4.73  4.89  6.76  9.23 14.58 12.69  9.19
MEAN      4.13  3.97  4.18  4.53  4.11  3.40  2.80  3.11  3.56  4.62  4.31  4.25
STD DEV   2.04  1.92  1.99  2.24  1.90  1.69  1.16  1.40  1.66  2.19  1.95  2.03
SKEW      0.71  0.56  0.63  0.63  0.53  1.14  1.10  1.09  1.08  0.74  0.56  0.64
% ENE     7.53  6.91  6.06  7.96  8.39  6.80  7.16  8.40 12.32 15.02 11.29  9.58
MEAN      4.20  4.47  4.63  4.85  4.59  3.95  3.50  3.81  4.06  4.88  4.73  4.37
STD DEV   1.89  1.80  1.92  1.97  1.85  1.67  1.49  1.56  1.66  1.98  1.97  1.82
SKEW      0.65  0.53  0.43  0.37  0.48  0.71  0.83  0.82  0.78  0.48  0.51  0.58
% E      11.25  8.61  8.96 14.72 13.52 12.50 15.93 15.49 16.59 12.33 10.64 12.25
MEAN      4.14  4.23  4.61  4.76  4.49  3.96  3.75  3.84  4.06  4.39  4.40  4.41
STD DEV   1.83  1.77  1.98  1.99  1.86  1.72  1.52  1.59  1.64  1.93  1.81  1.86
SKEW      0.76  0.62  0.69  0.71  0.57  0.80  0.90  0.82  0.74  0.79  0.50  0.64
% ESE    10.68  7.98  9.53 11.68 11.83 10.79 14.36 11.20 10.57  5.85  6.31  7.94
MEAN      4.45  4.69  4.63  4.66  4.27  3.99  4.00  3.90  4.10  4.15  4.08  4.49
STD DEV   1.76  1.97  1.93  1.86  1.73  1.69  1.60  1.56  1.66  1.80  1.66  1.74
SKEW      0.40  0.43  0.53  0.50  0.64  0.84  0.70  0.77  0.62  0.72  0.60  0.38
% SE      6.83  7.33  9.28  8.70  9.14 10.19 12.06  9.29  7.08  4.27  3.73  5.74
MEAN      4.41  4.39  4.54  4.46  4.02  3.72  3.80  3.84  3.83  3.60  3.71  4.17
STD DEV   1.80  1.97  1.86  1.82  1.71  1.63  1.48  1.50  1.66  1.58  1.54  1.74
SKEW      0.32  0.56  0.35  0.63  0.69  1.20  0.56  0.53  0.92  0.73  0.46  0.47
% SSE     4.21  5.90  7.94  5.94  5.87  6.53  6.52  5.31  4.11  2.69  2.90  3.70
MEAN      4.53  4.56  5.18  5.16  4.16  3.82  3.90  3.96  3.88  3.69  4.11  4.41
STD DEV   1.91  1.88  2.27  2.54  1.70  1.63  1.59  1.68  1.59  1.61  1.85  1.80
SKEW      0.44  0.42  0.64  0.87  0.49  0.76  0.72  0.85  0.78  0.68  0.65  0.34
% S       4.72  6.22  6.96  4.65  4.23  5.67  5.21  4.86  3.98  2.65  3.06  4.07
MEAN      4.54  5.08  5.20  5.09  4.16  3.82  3.65  3.69  3.97  3.84  3.94  4.42
STD DEV   2.03  2.27  2.41  2.31  2.00  1.90  1.64  1.73  1.96  2.17  1.75  2.03
SKEW      0.57  0.45  0.55  0.48  0.82  1.05  0.81  1.03  0.96  1.45  0.49  0.60
% SSW     2.86  3.95  4.91  3.24  3.01  3.87  3.28  3.85  3.16  1.78  2.38  2.80
MEAN      4.66  4.96  5.25  5.08  4.17  4.00  3.78  4.07  4.23  4.12  4.15  4.69
STD DEV   2.14  2.14  2.24  2.25  1.80  1.87  1.57  1.92  2.02  2.01  1.66  2.22
SKEW      0.54  0.53  0.50  0.56  0.45  0.94  0.65  0.75  0.89  0.80  0.46  0.62
% SW      2.68  3.59  5.11  4.26  4.79  5.32  4.46  4.23  3.26  2.17  2.57  2.83
MEAN      4.23  4.66  4.68  4.69  4.35  3.72  3.71  3.69  3.84  4.19  3.92  4.08
STD DEV   1.99  2.06  2.15  2.19  1.93  1.69  1.50  1.65  1.88  2.15  1.80  1.88
SKEW      0.63  0.59  0.48  0.65  0.59  0.82  0.63  0.97  0.85  1.00  0.63  0.57
% WSW     2.52  3.10  4.00  3.81  5.36  5.15  3.19  3.48  2.64  1.98  1.85  2.10
MEAN      4.13  4.61  4.81  4.83  4.63  4.27  3.68  3.95  3.98  4.33  3.93  4.07
STD DEV   1.94  2.06  2.12  2.24  1.99  1.87  1.49  1.68  1.73  1.95  1.64  1.86
SKEW      0.65  0.49  0.32  0.65  0.66  0.61  0.55  1.03  0.74  0.62  0.70  0.41
% W       2.84  3.40  3.86  4.38  5.46  5.11  3.15  3.41  3.08  2.38  2.01  1.96
MEAN      4.05  4.57  4.68  4.54  4.34  3.89  3.72  3.57  3.70  3.64  3.67  3.53
STD DEV   2.02  2.30  2.12  2.00  1.87  1.62  1.62  1.51  1.44  1.51  1.63  1.55
SKEW      0.76  0.97  0.65  0.64  0.61  0.72  0.70  0.84  0.54  1.10  0.85  0.83
% WNW     3.44  4.33  4.02  4.21  4.01  3.23  2.00  2.35  2.44  2.28  2.35  2.57
MEAN      4.46  4.97  4.87  4.58  4.04  3.66  3.43  3.51  3.75  3.75  3.99  4.20
STD DEV   2.17  2.40  2.18  2.00  1.73  1.52  1.39  1.33  1.90  1.55  1.84  2.03
SKEW      0.73  0.85  0.56  0.63  0.87  0.96  0.74  0.51  1.28  0.77  0.73  0.95
% NW      5.30  5.79  4.09  3.64  2.90  2.78  1.89  2.67  2.47  3.06  3.76  4.59
MEAN      4.63  4.83  4.68  4.19  3.46  3.22  2.99  3.09  3.16  3.58  4.28  4.50
STD DEV   2.30  2.26  2.23  1.94  1.52  1.29  1.19  1.28  1.35  1.63  1.85  2.15
SKEW      0.62  0.68  0.52  0.65  0.82  0.76  0.51  0.78  0.95  1.05  0.60  0.94
% NNW     7.46  6.17  5.11  3.92  2.43  2.71  2.00  2.62  2.73  4.94  7.50  6.97
MEAN      4.38  4.46  4.40  4.27  3.32  2.96  2.89  2.90  3.11  3.77  4.60  4.40
STD DEV   1.87  1.95  1.89  1.83  1.33  1.20  1.06  1.32  1.29  1.53  1.91  1.87
SKEW      0.65  0.56  0.48  0.68  0.86  0.73  0.51  1.09  0.87  0.62  0.56  0.63
CALM      5.19  5.43  4.34  3.84  5.62  7.06  6.71  6.50  5.98  4.66  5.17  6.01
MIAMI         FL    0.526  FT. MYERS     FL    0.474  MIAMI         FL    0.000
 UTUADO PR                               669608 0
 LATT=  18.27 LONG= -66.68 YEARS= 42. TYPE= 3
 ELEVATION =  820. TP5 = 4.96 TP6= 7.17
 MEAN P   0.28  0.32  0.37  0.68  0.69  0.58  0.50  0.64  0.61  0.58  0.44  0.31
 S DEV P  0.43  0.43  0.61  0.78  0.82  0.70  0.58  0.82  0.70  0.74  0.61  0.57
 SQEW  P  3.51  2.87  3.05  1.91  2.53  2.24  2.32  3.03  2.15  2.98  2.87  4.90
 P(W/W)   0.44  0.49  0.46  0.54  0.61  0.50  0.47  0.49  0.64  0.57  0.53  0.47
 P(W/D)   0.21  0.17  0.18  0.23  0.26  0.27  0.30  0.36  0.36  0.31  0.28  0.24
 TMAX AV 85.12 85.37 86.68 87.45 88.43 90.31 90.47 90.47 90.33 89.66 87.68 85.64
 TMIN AV 58.74 58.47 59.16 61.75 64.97 65.72 66.20 66.43 66.08 65.22 63.82 61.19
 SD TMAX  3.46  3.70  3.73  3.26  2.92  2.39  2.31  2.50  2.57  2.75  3.13  3.29
 SD TMIN  3.48  3.54  3.68  3.66  2.82  2.56  2.46  2.69  2.28  2.38  2.85  3.48
 SOL.RAD  402.  478.  576.  618.  520.  536.  634.  547.  527.  457.  408.  407.
 SD SOL   30.0  29.9  24.5  32.4  72.1  70.1  39.1  61.5  48.4  44.3  33.9  22.4
 MX .5 P  1.79  1.01  1.15  1.70  1.65  1.38  0.84  1.22  1.39  1.60  2.53  2.48
 DEW PT  67.52 66.65 66.74 68.74 70.87 72.96 73.00 73.04 73.04 72.83 70.65 68.52
Time Pk  0.390 0.506 0.576 0.697 0.735 0.752 0.794 0.824 0.844 0.894 0.946 1.000
% N       8.84  8.61  6.19  5.17  3.73  4.08  3.89  5.24  4.87  9.58 12.32 10.49
MEAN      4.27  4.16  4.24  4.13  3.31  2.95  2.74  2.89  3.08  3.76  4.25  4.32
STD DEV   1.79  1.77  1.69  1.84  1.46  1.21  1.07  1.23  1.42  1.62  1.70  1.72
SKEW      0.52  0.56  0.57  0.82  0.91  0.88  1.07  1.06  1.28  0.83  0.53  0.52
% NNE     6.42  6.20  4.60  4.09  3.62  3.46  3.34  4.24  5.42  9.67  9.48  7.25
MEAN      3.85  3.94  4.21  3.98  3.64  2.99  2.60  3.05  3.28  4.00  4.09  4.07
STD DEV   1.85  1.76  1.98  1.83  1.82  1.37  1.02  1.36  1.67  1.85  1.81  1.87
SKEW      0.85  0.65  0.81  0.75  0.94  1.31  0.90  1.23  2.00  0.87  0.75  0.69
% NE      7.19  6.53  4.98  5.80  6.00  4.73  4.88  6.76  9.23 14.57 12.69  9.19
MEAN      4.13  3.97  4.19  4.53  4.12  3.40  2.80  3.11  3.56  4.62  4.31  4.25
STD DEV   2.04  1.92  1.99  2.24  1.90  1.69  1.16  1.40  1.66  2.19  1.95  2.03
SKEW      0.71  0.56  0.63  0.62  0.53  1.14  1.10  1.09  1.08  0.74  0.56  0.64
% ENE     7.53  6.91  6.06  7.96  8.39  6.80  7.16  8.40 12.32 15.01 11.29  9.58
MEAN      4.20  4.47  4.63  4.85  4.59  3.95  3.50  3.81  4.06  4.88  4.73  4.37
STD DEV   1.89  1.80  1.92  1.97  1.85  1.67  1.49  1.56  1.66  1.98  1.97  1.82
SKEW      0.65  0.53  0.43  0.37  0.48  0.71  0.83  0.82  0.78  0.48  0.51  0.58
% E      11.25  8.61  8.96 14.72 13.53 12.50 15.93 15.49 16.58 12.32 10.64 12.25
MEAN      4.14  4.23  4.61  4.76  4.49  3.96  3.75  3.84  4.06  4.39  4.40  4.41
STD DEV   1.83  1.77  1.98  1.99  1.86  1.72  1.52  1.59  1.64  1.93  1.81  1.86
SKEW      0.76  0.62  0.69  0.71  0.57  0.80  0.90  0.82  0.74  0.79  0.50  0.64
% ESE    10.68  7.99  9.54 11.69 11.84 10.79 14.37 11.20 10.58  5.85  6.31  7.94
MEAN      4.45  4.69  4.63  4.66  4.27  3.99  4.00  3.90  4.10  4.15  4.08  4.49
STD DEV   1.76  1.97  1.93  1.86  1.73  1.69  1.60  1.56  1.66  1.80  1.66  1.74
SKEW      0.40  0.43  0.53  0.50  0.64  0.84  0.70  0.77  0.62  0.72  0.60  0.38
% SE      6.83  7.33  9.29  8.70  9.14 10.20 12.06  9.30  7.08  4.27  3.73  5.74
MEAN      4.41  4.40  4.54  4.46  4.03  3.72  3.80  3.84  3.83  3.60  3.71  4.17
STD DEV   1.80  1.97  1.86  1.82  1.71  1.63  1.48  1.50  1.66  1.58  1.54  1.74
SKEW      0.32  0.56  0.35  0.63  0.69  1.20  0.56  0.53  0.92  0.73  0.46  0.47
% SSE     4.22  5.90  7.95  5.95  5.87  6.53  6.52  5.31  4.12  2.69  2.90  3.70
MEAN      4.53  4.56  5.18  5.16  4.16  3.82  3.90  3.96  3.88  3.69  4.11  4.41
STD DEV   1.91  1.88  2.27  2.54  1.70  1.63  1.59  1.68  1.59  1.61  1.85  1.80
SKEW      0.44  0.42  0.64  0.87  0.49  0.76  0.72  0.85  0.78  0.68  0.65  0.34
% S       4.72  6.22  6.96  4.65  4.24  5.67  5.21  4.86  3.98  2.65  3.06  4.07
MEAN      4.53  5.08  5.20  5.09  4.16  3.82  3.65  3.69  3.97  3.84  3.94  4.42
STD DEV   2.03  2.27  2.41  2.31  2.00  1.90  1.64  1.73  1.96  2.17  1.75  2.03
SKEW      0.57  0.45  0.55  0.48  0.82  1.05  0.81  1.03  0.96  1.45  0.49  0.60
% SSW     2.86  3.95  4.91  3.24  3.01  3.87  3.28  3.85  3.16  1.79  2.38  2.80
MEAN      4.66  4.96  5.25  5.08  4.17  4.00  3.78  4.07  4.23  4.12  4.15  4.69
STD DEV   2.14  2.14  2.24  2.25  1.80  1.87  1.57  1.92  2.02  2.01  1.66  2.22
SKEW      0.54  0.53  0.50  0.56  0.45  0.94  0.65  0.75  0.89  0.80  0.46  0.62
% SW      2.68  3.59  5.11  4.26  4.79  5.32  4.46  4.23  3.26  2.17  2.57  2.83
MEAN      4.23  4.66  4.68  4.69  4.34  3.72  3.71  3.69  3.84  4.19  3.92  4.08
STD DEV   1.99  2.06  2.15  2.19  1.93  1.69  1.50  1.65  1.88  2.15  1.80  1.88
SKEW      0.63  0.59  0.48  0.65  0.59  0.82  0.63  0.97  0.86  1.00  0.63  0.57
% WSW     2.52  3.10  4.00  3.81  5.36  5.15  3.19  3.48  2.64  1.98  1.85  2.10
MEAN      4.13  4.61  4.81  4.83  4.63  4.27  3.68  3.95  3.98  4.33  3.92  4.07
STD DEV   1.94  2.06  2.12  2.24  1.99  1.87  1.49  1.68  1.73  1.95  1.64  1.86
SKEW      0.65  0.49  0.32  0.65  0.66  0.61  0.55  1.03  0.74  0.62  0.70  0.41
% W       2.84  3.40  3.86  4.38  5.45  5.11  3.15  3.41  3.08  2.37  2.01  1.96
MEAN      4.05  4.57  4.68  4.54  4.34  3.89  3.72  3.57  3.70  3.64  3.67  3.53
STD DEV   2.02  2.30  2.12  2.00  1.87  1.62  1.62  1.51  1.44  1.51  1.63  1.55
SKEW      0.76  0.97  0.65  0.64  0.61  0.72  0.70  0.84  0.54  1.10  0.85  0.83
% WNW     3.44  4.33  4.02  4.20  4.01  3.23  2.00  2.35  2.44  2.28  2.35  2.57
MEAN      4.46  4.97  4.87  4.57  4.04  3.66  3.43  3.51  3.75  3.75  3.99  4.20
STD DEV   2.17  2.40  2.18  2.00  1.73  1.52  1.39  1.33  1.90  1.55  1.84  2.03
SKEW      0.73  0.85  0.56  0.63  0.87  0.96  0.74  0.51  1.28  0.77  0.73  0.95
% NW      5.30  5.79  4.09  3.64  2.90  2.78  1.89  2.67  2.47  3.06  3.76  4.60
MEAN      4.63  4.83  4.68  4.19  3.46  3.22  2.99  3.09  3.16  3.58  4.28  4.50
STD DEV   2.30  2.26  2.23  1.94  1.52  1.29  1.19  1.28  1.35  1.63  1.85  2.15
SKEW      0.62  0.68  0.52  0.65  0.82  0.76  0.51  0.78  0.95  1.05  0.60  0.94
% NNW     7.46  6.17  5.12  3.92  2.43  2.71  2.00  2.62  2.74  4.95  7.51  6.97
MEAN      4.38  4.46  4.40  4.27  3.32  2.96  2.89  2.90  3.11  3.77  4.60  4.40
STD DEV   1.87  1.95  1.89  1.83  1.33  1.20  1.06  1.32  1.29  1.53  1.91  1.87
SKEW      0.65  0.56  0.48  0.68  0.86  0.73  0.51  1.09  0.87  0.62  0.56  0.63
CALM      5.18  5.42  4.34  3.84  5.62  7.06  6.71  6.50  5.97  4.65  5.16  6.00
MIAMI         FL    0.526  FT. MYERS     FL    0.474  MIAMI         FL    0.000
