 KINGSTON RI                             374266 0
 LATT=  41.48 LONG= -71.53 YEARS= 66. TYPE= 4
 ELEVATION =  100. TP5 = 2.38 TP6= 4.95
 MEAN P   0.40  0.39  0.40  0.41  0.35  0.35  0.34  0.46  0.48  0.45  0.49  0.41
 S DEV P  0.49  0.47  0.50  0.55  0.48  0.53  0.47  0.71  0.76  0.59  0.63  0.49
 SQEW  P  2.18  1.97  2.17  2.15  3.20  3.82  2.50  3.27  4.14  2.74  2.23  2.18
 P(W/W)   0.41  0.41  0.43  0.45  0.47  0.43  0.40  0.39  0.40  0.40  0.43  0.41
 P(W/D)   0.29  0.28  0.29  0.29  0.29  0.27  0.25  0.26  0.22  0.21  0.28  0.29
 TMAX AV 38.07 39.31 46.43 56.71 67.22 75.55 80.61 79.58 73.22 63.87 52.77 41.60
 TMIN AV 18.98 19.99 27.34 35.21 44.45 53.52 59.63 58.55 51.23 40.66 32.87 22.75
 SD TMAX  9.23  8.60  8.79  8.68  8.08  7.17  5.30  5.55  6.75  7.66  8.42  9.43
 SD TMIN 11.48 10.95  8.45  7.41  7.68  7.17  6.83  7.89  9.74 10.21 10.05 10.99
 SOL.RAD  150.  226.  325.  398.  468.  518.  505.  445.  370.  266.  171.  137.
 SD SOL   35.5  42.6  56.5  80.1  92.0  91.2  87.3 144.0  74.5  41.3  35.0  30.9
 MX .5 P  0.43  0.36  0.32  0.33  0.64  0.79  1.49  1.33  0.82  1.02  0.42  0.35
 DEW PT  22.18 21.09 26.56 35.18 45.71 55.32 62.26 61.41 54.71 45.56 35.32 24.94
Time Pk  0.670 0.757 0.804 0.838 0.848 0.857 0.872 0.886 0.906 0.933 0.963 1.000
% N      10.79  9.40  8.93  6.41  5.89  4.24  3.92  5.72  7.70  9.08  8.75  9.45
MEAN      5.73  5.70  5.79  5.61  4.90  4.65  3.94  4.52  4.76  5.19  5.29  5.50
STD DEV   2.87  2.74  2.69  2.50  2.29  2.28  1.79  2.04  2.22  2.43  2.59  2.59
SKEW      0.67  0.72  0.67  0.49  0.60  0.84  0.64  0.50  0.86  0.47  0.77  0.58
% NNE     4.92  5.93  7.41  7.00  7.21  5.71  3.69  5.45  7.33  7.43  5.26  4.68
MEAN      5.72  5.62  6.12  6.24  5.71  5.57  4.37  4.88  5.42  6.17  5.29  5.61
STD DEV   2.99  2.84  2.88  2.72  2.67  2.45  1.96  2.05  2.33  2.87  2.50  2.56
SKEW      0.74  0.72  0.84  0.58  0.65  0.68  0.50  0.46  0.60  0.51  0.71  0.57
% NE      2.45  3.70  4.58  5.09  5.30  4.60  3.59  4.31  5.44  4.59  3.88  2.98
MEAN      5.28  5.20  5.60  5.49  5.12  4.84  4.04  4.62  4.84  5.83  4.98  4.99
STD DEV   2.90  2.76  2.84  2.46  2.30  2.01  1.77  2.03  2.08  2.75  2.53  2.49
SKEW      0.71  0.70  0.74  0.46  0.34  0.30  0.39  0.40  0.46  0.37  1.06  0.50
% ENE     1.12  1.74  2.38  2.50  2.20  1.98  1.43  1.99  2.73  2.08  2.10  1.35
MEAN      4.19  4.93  4.85  4.78  4.41  4.03  3.52  3.55  4.29  4.71  4.95  4.55
STD DEV   2.15  2.41  2.68  2.14  1.98  1.83  1.64  1.63  1.88  2.43  2.46  2.18
SKEW      0.59  0.54  1.00  0.38  0.54  0.32  0.80  0.92  0.69  0.53  0.99  0.44
% E       1.09  1.73  2.01  2.09  2.00  1.53  1.42  1.54  2.03  1.68  1.89  1.30
MEAN      3.84  4.25  4.50  4.13  3.77  3.45  3.00  3.24  3.54  4.01  4.57  4.02
STD DEV   2.02  2.24  2.33  2.09  1.83  1.70  1.24  1.42  1.69  2.57  2.95  2.49
SKEW      0.68  0.63  0.74  0.49  0.52  0.79  0.51  0.70  0.60  1.74  2.47  1.81
% ESE     0.75  1.33  1.51  1.94  1.77  1.28  1.30  1.44  1.46  1.36  1.42  1.04
MEAN      4.14  4.29  4.40  4.37  3.68  3.29  3.00  3.81  3.41  4.15  4.68  4.44
STD DEV   2.46  2.37  2.07  2.26  1.73  1.39  1.33  2.28  1.60  2.91  2.56  2.77
SKEW      0.97  1.04  0.53  0.96  0.70  0.39  1.16  2.05  0.91  1.53  0.66  1.53
% SE      1.51  2.15  2.78  3.64  4.40  3.06  3.16  2.75  2.86  2.53  2.09  1.78
MEAN      4.80  4.55  4.85  4.80  4.09  3.84  3.57  3.86  4.05  4.39  5.12  6.08
STD DEV   2.52  2.74  2.85  2.45  2.05  2.03  1.58  2.12  1.90  2.43  2.87  4.04
SKEW      0.79  1.11  1.02  0.83  1.09  1.06  0.67  1.07  0.56  0.87  0.99  1.13
% SSE     1.69  2.72  3.68  5.13  6.84  5.91  5.06  4.33  4.26  3.23  2.97  1.58
MEAN      4.70  5.23  5.11  5.41  5.11  4.66  4.44  4.37  4.53  4.62  4.84  5.31
STD DEV   2.32  2.65  2.59  2.33  2.27  2.18  1.83  1.90  1.91  2.08  2.44  3.32
SKEW      0.57  0.96  0.78  0.33  0.42  0.40  0.39  0.46  0.26  0.56  0.62  0.67
% S       3.70  4.97  6.80 10.18 12.80 14.64 13.92 11.32  8.70  7.35  6.32  3.87
MEAN      4.73  4.81  4.96  5.44  4.96  4.75  4.59  4.59  4.68  4.51  5.10  4.84
STD DEV   2.83  2.51  2.43  2.38  2.12  1.86  1.83  1.88  1.95  2.08  2.73  2.73
SKEW      1.10  0.92  0.64  0.52  0.38  0.23  0.22  0.32  0.39  0.70  0.91  1.00
% SSW     5.27  4.92  5.60  8.17  9.95 12.79 13.15 11.43  9.77  7.71  6.50  4.95
MEAN      4.93  4.91  5.11  5.38  5.15  4.63  4.55  4.42  4.72  4.43  4.84  4.94
STD DEV   2.54  2.50  2.51  2.42  2.43  1.97  1.96  1.97  2.17  2.18  2.55  2.52
SKEW      0.86  1.01  0.79  0.50  0.59  0.52  0.43  0.51  0.57  0.74  0.82  0.81
% SW      8.71  7.55  7.15  9.85  9.98 13.34 15.36 13.01 10.28 10.58  8.96  8.87
MEAN      4.62  4.74  4.80  5.30  5.23  4.59  4.37  4.16  4.21  4.20  4.50  4.57
STD DEV   2.22  2.33  2.39  2.43  2.44  1.99  1.88  1.90  2.03  2.04  2.16  2.22
SKEW      0.72  0.83  0.77  0.46  0.55  0.43  0.41  0.58  0.63  0.74  0.74  0.66
% WSW     8.02  6.90  5.19  5.59  5.62  7.06  8.52  7.84  6.56  6.92  8.07  9.36
MEAN      4.28  4.68  4.79  4.76  4.58  4.10  3.77  3.73  3.64  3.80  4.15  4.18
STD DEV   2.18  2.31  2.45  2.32  2.11  1.75  1.62  1.71  1.61  1.73  2.11  2.04
SKEW      1.11  0.87  0.78  0.85  0.51  0.51  0.66  0.72  0.59  0.67  0.77  0.85
% W      10.11  9.79  7.43  5.98  5.09  5.65  6.66  6.70  6.14  7.43  9.39 10.99
MEAN      4.68  5.21  5.13  4.70  4.11  3.70  3.54  3.34  3.41  3.73  4.01  4.42
STD DEV   2.46  2.57  2.61  2.32  2.01  1.71  1.56  1.57  1.73  1.83  2.12  2.27
SKEW      0.77  0.53  0.76  0.67  0.59  0.58  0.49  0.65  0.82  0.67  0.92  0.85
% WNW    12.71 12.83 11.81  8.80  5.81  5.37  5.40  5.75  5.89  7.14  9.63 12.97
MEAN      5.66  5.98  5.74  5.74  4.98  4.48  3.93  3.71  3.91  4.36  4.75  5.32
STD DEV   2.68  2.62  2.42  2.60  2.14  1.87  1.66  1.64  1.70  2.09  2.33  2.50
SKEW      0.58  0.37  0.53  0.45  0.33  0.33  0.44  0.45  0.39  0.52  0.55  0.56
% NW     11.28 10.71 10.35  7.72  5.63  4.82  4.99  6.00  7.31  7.73  9.35 10.90
MEAN      5.33  5.55  5.41  5.41  4.83  4.15  3.62  3.58  3.62  4.21  4.48  5.07
STD DEV   2.54  2.56  2.31  2.56  2.26  1.99  1.61  1.71  1.68  2.14  2.25  2.62
SKEW      0.56  0.49  0.45  0.44  0.47  0.56  0.60  0.81  0.64  0.63  0.65  0.85
% NNW    10.28  8.45  8.77  6.37  5.08  3.78  3.90  5.10  6.37  7.14  8.18  8.91
MEAN      5.66  5.23  5.80  5.65  4.91  4.12  3.61  3.94  3.96  4.46  5.05  5.38
STD DEV   2.59  2.55  2.51  2.57  2.28  1.91  1.68  1.87  1.85  2.16  2.50  2.68
SKEW      0.48  0.56  0.44  0.43  0.56  0.54  0.66  0.85  0.69  0.60  0.69  0.73
CALM      5.53  5.24  3.64  3.54  4.42  4.30  4.44  5.38  5.21  6.14  5.25  5.03
QUONSET PT    RI    0.674  PROVIDENCE/TF RI    0.326  QUONSET PT    RI    0.000
