 AIKEN SC                                38  74 0
 LATT=  33.57 LONG= -81.73 YEARS= 44. TYPE= 3
 ELEVATION =  530. TP5 = 2.76 TP6= 5.93
 MEAN P   0.54  0.57  0.61  0.55  0.57  0.58  0.53  0.61  0.63  0.58  0.51  0.52
 S DEV P  0.52  0.52  0.63  0.53  0.56  0.59  0.49  0.67  0.67  0.66  0.53  0.48
 SQEW  P  1.90  1.51  1.97  1.65  1.67  1.86  1.69  2.43  1.91  2.40  2.24  1.67
 P(W/W)   0.40  0.39  0.35  0.36  0.39  0.41  0.42  0.38  0.39  0.37  0.32  0.37
 P(W/D)   0.19  0.21  0.23  0.17  0.18  0.20  0.24  0.21  0.15  0.10  0.14  0.19
 TMAX AV 57.60 61.79 68.85 77.46 84.22 89.76 91.75 90.55 85.22 76.53 67.84 59.73
 TMIN AV 34.59 36.68 42.79 50.19 58.82 65.98 69.44 68.86 63.41 52.16 42.47 35.93
 SD TMAX 10.36  9.83  9.28  7.53  6.21  5.84  5.33  5.19  6.33  6.96  8.25  9.76
 SD TMIN 11.05 10.84 10.03  8.95  7.24  5.29  3.41  3.62  6.62  9.38 10.69 10.86
 SOL.RAD  224.  287.  375.  509.  559.  570.  549.  512.  425.  356.  272.  195.
 SD SOL   46.5  56.7  69.6  65.4  76.2  83.8  84.7 169.7  79.9  43.6  36.1  46.8
 MX .5 P  0.67  0.62  0.70  0.98  1.34  1.39  1.51  1.48  1.90  1.20  0.60  0.55
 DEW PT  37.05 37.16 41.95 50.05 59.68 66.32 69.95 69.84 65.05 54.05 43.43 36.05
Time Pk  0.551 0.650 0.707 0.780 0.799 0.814 0.840 0.858 0.871 0.907 0.940 1.000
% N       5.02  4.99  4.39  4.06  4.60  4.79  3.92  6.22  7.87  8.91  6.01  5.35
MEAN      3.04  3.23  3.24  3.53  3.17  3.01  2.81  2.95  2.95  3.17  2.90  2.96
STD DEV   1.46  1.50  1.54  1.72  1.52  1.41  1.26  1.52  1.32  1.50  1.40  1.40
SKEW      0.85  0.84  0.77  0.76  0.82  0.86  0.89  1.27  0.87  0.93  1.02  0.90
% NNE     3.46  3.85  2.97  2.44  3.46  3.84  2.94  4.47  7.13  7.41  4.33  4.45
MEAN      3.56  3.51  3.54  3.92  3.52  3.44  3.14  3.23  3.61  3.79  3.49  3.52
STD DEV   1.64  1.48  1.57  1.81  1.57  1.63  1.40  1.44  1.57  1.74  1.61  1.72
SKEW      0.70  0.37  0.48  0.57  0.60  0.86  0.83  0.75  0.56  0.57  0.62  0.85
% NE      7.24  8.35  6.72  5.02  6.84  7.69  6.31  8.77 13.87 13.23  7.46  8.54
MEAN      3.54  3.67  3.72  3.68  3.62  3.48  3.30  3.34  3.99  3.90  3.44  3.53
STD DEV   1.68  1.66  1.65  1.70  1.70  1.53  1.50  1.54  1.88  1.81  1.63  1.67
SKEW      0.67  0.43  0.47  0.51  0.72  0.54  0.62  0.72  0.67  0.57  0.58  0.72
% ENE     4.47  5.66  4.86  3.80  4.69  5.08  4.15  5.24  7.66  6.03  3.72  4.54
MEAN      3.73  3.99  3.87  3.70  3.62  3.53  3.36  3.49  3.96  3.83  3.46  3.64
STD DEV   1.63  1.64  1.65  1.61  1.62  1.52  1.45  1.58  1.70  1.67  1.58  1.62
SKEW      0.60  0.43  0.50  0.52  0.66  0.57  0.54  0.83  0.58  0.56  0.61  0.52
% E       3.89  4.32  4.58  4.45  5.42  5.94  5.30  5.86  7.03  4.75  3.39  3.76
MEAN      2.98  3.28  3.42  3.33  3.21  3.26  3.23  3.18  3.30  3.23  2.92  2.80
STD DEV   1.44  1.55  1.58  1.59  1.53  1.57  1.53  1.58  1.52  1.51  1.42  1.37
SKEW      0.73  0.75  0.57  0.69  0.71  0.77  0.69  0.95  0.70  0.60  0.76  0.81
% ESE     2.22  3.10  3.53  4.74  5.14  5.66  5.27  5.20  4.71  3.31  2.66  2.34
MEAN      2.76  3.18  3.60  3.64  3.54  3.58  3.42  3.26  3.47  3.12  2.95  2.81
STD DEV   1.20  1.39  1.64  1.60  1.45  1.52  1.46  1.41  1.58  1.37  1.30  1.28
SKEW      0.70  0.60  0.61  0.54  0.32  0.53  0.61  0.71  0.77  0.44  0.51  0.63
% SE      4.37  4.54  5.27  7.40  7.42  7.84  8.48  7.62  5.74  4.03  4.17  4.37
MEAN      2.66  2.99  3.37  3.50  3.08  3.16  3.11  3.00  2.94  2.66  2.70  2.69
STD DEV   1.25  1.53  1.74  1.77  1.40  1.42  1.36  1.41  1.37  1.22  1.35  1.31
SKEW      0.97  0.91  0.89  0.78  0.72  0.76  0.76  0.96  0.99  0.81  1.03  1.04
% SSE     2.86  3.40  3.76  5.19  4.40  4.73  5.71  4.96  3.30  2.12  3.06  2.98
MEAN      3.18  3.51  3.90  3.77  3.16  3.08  3.09  2.97  2.85  2.79  3.06  3.25
STD DEV   1.73  1.89  2.11  1.81  1.49  1.39  1.42  1.38  1.28  1.21  1.60  1.68
SKEW      1.01  0.88  0.91  0.64  0.76  0.86  0.90  1.14  0.84  0.57  1.08  0.71
% S       5.60  5.14  6.26  7.74  6.08  6.32  8.29  6.44  4.34  3.05  4.59  4.95
MEAN      3.49  3.76  4.06  3.79  3.16  3.01  3.05  2.79  2.66  2.74  3.12  3.32
STD DEV   1.96  2.03  2.12  1.92  1.53  1.48  1.49  1.35  1.28  1.51  1.75  1.84
SKEW      0.82  0.94  0.74  0.75  0.87  0.92  0.98  0.95  0.98  1.10  1.07  0.97
% SSW     4.81  5.07  5.31  6.72  5.12  5.37  7.04  5.02  2.98  2.16  3.79  4.03
MEAN      4.04  4.16  4.47  4.28  3.68  3.31  3.43  3.11  3.14  2.84  3.54  3.56
STD DEV   2.01  2.01  2.34  2.00  1.72  1.44  1.48  1.44  1.41  1.37  1.86  1.84
SKEW      0.56  0.57  0.92  0.67  0.65  0.57  0.62  0.78  0.67  0.89  0.80  0.80
% SW      8.50  8.32  8.21  9.81  8.76  8.44 11.00  7.50  4.43  4.43  7.60  7.50
MEAN      3.76  4.13  4.38  4.33  3.64  3.60  3.54  3.15  3.01  2.87  3.53  3.54
STD DEV   1.93  2.07  2.25  2.11  1.77  1.61  1.55  1.44  1.53  1.60  1.90  1.84
SKEW      0.62  0.54  0.66  0.59  0.72  0.56  0.59  0.72  0.87  0.98  0.74  0.71
% WSW     8.35  7.76  8.16  7.95  7.18  6.80  6.90  4.97  2.95  3.97  7.09  7.84
MEAN      4.28  4.68  4.95  5.13  4.03  3.90  3.72  3.45  3.32  3.41  4.10  4.17
STD DEV   2.01  2.23  2.56  2.46  1.76  1.66  1.55  1.52  1.57  1.86  2.03  1.99
SKEW      0.47  0.50  0.74  0.60  0.52  0.45  0.50  0.71  0.63  0.90  0.58  0.59
% W      10.61  9.77 10.04  8.53  7.26  6.60  5.94  4.93  3.76  5.44  9.71  9.71
MEAN      4.66  4.98  5.17  5.09  3.98  3.80  3.42  3.00  2.86  3.25  4.20  4.38
STD DEV   2.42  2.60  2.63  2.72  2.11  1.98  1.70  1.55  1.63  2.05  2.41  2.36
SKEW      0.44  0.49  0.37  0.49  0.59  0.67  0.71  0.80  0.98  1.03  0.62  0.57
% WNW     7.70  7.67  8.60  6.53  5.11  4.32  3.22  3.32  2.81  4.45  7.19  6.92
MEAN      4.91  5.28  5.59  5.59  4.36  4.10  3.61  3.09  3.10  3.77  4.68  4.78
STD DEV   2.37  2.46  2.59  2.59  2.06  1.96  1.74  1.55  1.61  2.07  2.47  2.46
SKEW      0.39  0.31  0.37  0.35  0.37  0.51  0.74  0.74  0.77  0.73  0.50  0.53
% NW      6.06  5.78  5.94  4.95  5.50  4.79  3.82  5.06  5.16  6.91  7.26  6.05
MEAN      3.40  3.54  3.86  3.80  3.22  3.14  2.82  2.75  2.70  2.86  3.19  3.17
STD DEV   1.79  1.88  2.07  2.00  1.65  1.61  1.42  1.40  1.34  1.52  1.89  1.69
SKEW      0.95  0.92  0.85  0.76  0.91  0.95  0.95  1.02  1.00  1.32  1.24  1.17
% NNW     4.07  3.83  3.92  3.26  3.74  3.44  2.74  4.04  4.86  6.21  4.79  4.42
MEAN      3.30  3.50  3.52  3.82  3.17  3.21  2.88  2.99  2.91  3.11  3.09  3.02
STD DEV   1.58  1.65  1.64  1.73  1.39  1.49  1.31  1.56  1.50  1.37  1.54  1.37
SKEW      0.78  0.63  0.77  0.48  0.64  0.67  1.02  1.08  1.17  0.88  1.13  1.05
CALM     10.74  8.42  7.45  7.42  9.25  8.46  9.07 10.39 11.42 13.47 13.16 12.28
AUGUSTA/BUSH  GA    0.593  COLUMBIA      SC    0.270  ANDERSON      SC    0.137
 ANDERSON SC                             38 165 0
 LATT=  34.52 LONG= -82.65 YEARS= 44. TYPE= 3
 ELEVATION =  760. TP5 = 2.58 TP6= 5.87
 MEAN P   0.46  0.48  0.54  0.50  0.44  0.48  0.46  0.47  0.55  0.58  0.47  0.46
 S DEV P  0.58  0.51  0.63  0.56  0.50  0.57  0.57  0.61  0.79  0.79  0.54  0.57
 SQEW  P  3.01  1.94  2.40  2.06  2.00  3.11  3.71  2.66  3.45  2.88  2.26  2.41
 P(W/W)   0.49  0.46  0.43  0.43  0.46  0.40  0.49  0.41  0.44  0.45  0.41  0.44
 P(W/D)   0.24  0.24  0.25  0.19  0.19  0.21  0.24  0.21  0.17  0.13  0.21  0.25
 TMAX AV 53.98 58.15 65.36 74.55 81.48 87.66 90.13 89.27 83.46 74.86 65.01 55.70
 TMIN AV 31.88 33.81 39.61 48.16 56.93 64.05 67.70 67.10 61.17 49.67 40.45 33.58
 SD TMAX  9.85  9.59  9.45  7.97  6.41  5.93  5.34  5.30  6.81  7.28  8.63  9.23
 SD TMIN 10.36  9.76  9.45  8.74  6.88  5.14  5.03  3.70  6.61  8.87  9.78  9.90
 SOL.RAD  198.  271.  356.  477.  538.  565.  543.  495.  417.  333.  245.  189.
 SD SOL   49.9  57.5  73.1  75.1  84.2  87.2  87.8 199.7  81.3  47.3  40.0  43.2
 MX .5 P  0.44  0.44  0.65  1.16  1.36  1.19  1.46  1.21  1.61  0.78  0.71  0.53
 DEW PT  31.89 32.44 37.98 46.25 57.07 64.13 68.13 67.32 61.79 51.32 40.07 33.32
Time Pk  0.569 0.660 0.708 0.775 0.792 0.805 0.831 0.846 0.865 0.899 0.938 1.000
% N       2.91  3.30  2.70  3.06  3.47  4.22  4.26  6.16  4.92  5.39  3.62  3.75
MEAN      2.96  3.01  3.15  3.23  2.91  2.94  2.91  2.91  2.87  2.94  2.86  2.85
STD DEV   1.19  1.09  1.42  1.48  1.21  1.03  1.15  1.28  1.05  1.15  1.08  1.09
SKEW      1.10  0.92  1.07  1.06  1.07  0.61  0.95  1.69  0.88  1.36  1.37  1.38
% NNE     2.09  2.41  2.45  1.91  2.09  2.55  1.94  3.44  4.86  4.58  2.62  3.16
MEAN      3.97  3.84  4.13  5.21  3.54  3.66  3.69  3.51  3.76  3.98  3.78  3.67
STD DEV   1.62  1.23  1.63  2.35  1.29  1.45  1.62  1.37  1.51  1.78  1.55  1.43
SKEW      0.50  0.22  0.57  0.60  0.41  0.63  1.05  0.87  0.96  0.86  1.08  0.63
% NE     12.09 16.46 13.42 10.61 11.75 13.96 11.51 17.31 23.80 25.36 14.31 16.75
MEAN      4.12  4.13  4.47  4.19  3.97  4.09  3.96  3.99  4.44  4.50  4.04  4.12
STD DEV   1.87  1.68  1.77  1.71  1.68  1.72  1.64  1.71  2.00  1.97  1.65  1.86
SKEW      0.94  0.66  0.57  0.62  0.74  0.65  0.67  0.78  1.01  0.68  0.65  1.10
% ENE     6.63  7.28  6.13  4.59  5.40  4.51  4.35  4.56  9.21  7.90  4.11  5.08
MEAN      4.83  4.84  4.66  4.65  4.64  4.44  4.38  4.37  4.99  4.89  4.17  4.75
STD DEV   1.82  1.76  1.66  1.72  1.75  1.63  1.56  1.61  1.76  1.91  1.54  1.87
SKEW      0.51  0.52  0.59  0.47  0.45  0.32  0.42  0.59  0.51  0.36  0.53  0.61
% E       4.97  4.74  4.43  4.35  5.35  5.65  5.73  5.70  7.47  5.90  4.06  4.55
MEAN      3.22  3.58  3.46  3.71  3.64  3.46  3.53  3.33  3.51  3.34  3.06  3.28
STD DEV   1.46  1.56  1.36  1.67  1.53  1.40  1.36  1.43  1.52  1.41  1.17  1.35
SKEW      1.22  0.89  0.61  0.87  0.80  0.71  0.50  0.95  0.82  0.71  0.79  0.73
% ESE     1.32  1.98  2.03  2.45  2.89  2.49  2.07  2.12  2.05  1.64  1.18  0.91
MEAN      3.44  3.69  3.80  4.11  3.91  4.37  3.89  3.44  3.93  3.58  3.12  3.35
STD DEV   1.22  1.32  1.30  1.53  1.44  1.52  1.54  1.13  1.71  1.54  1.03  1.16
SKEW      0.48  0.68  0.49  0.56  0.38  0.39  0.68  0.49  0.68  0.63  0.50  0.27
% SE      3.09  3.33  4.77  6.05  5.51  6.02  5.43  4.67  4.23  2.71  3.08  3.01
MEAN      3.16  3.09  3.35  3.68  3.08  3.33  3.19  3.28  3.01  2.99  2.90  2.90
STD DEV   1.41  1.29  1.57  1.60  1.15  1.37  1.20  1.40  1.13  1.12  1.10  1.25
SKEW      1.16  0.99  1.33  0.84  0.70  0.93  0.60  1.04  0.82  0.85  1.11  1.76
% SSE     1.18  1.75  1.77  2.75  2.28  2.01  2.47  1.72  1.31  1.23  1.15  0.88
MEAN      3.82  3.79  4.07  4.47  3.56  3.96  3.57  3.75  3.69  3.48  3.26  3.84
STD DEV   1.88  1.71  1.70  1.75  1.54  1.46  1.24  1.38  1.22  1.09  1.04  1.64
SKEW      0.82  0.82  0.77  0.48  0.78  0.75  0.20  0.63  0.28  0.13  0.53  0.52
% S       6.72  5.26  5.33  8.60  7.28  6.45  7.16  5.70  5.33  3.84  5.49  4.92
MEAN      3.39  3.53  3.52  3.74  3.29  3.32  3.18  3.12  3.03  3.42  3.24  3.39
STD DEV   1.68  1.69  1.57  1.51  1.33  1.33  1.33  1.29  1.11  1.65  1.44  1.71
SKEW      1.23  1.32  0.96  0.76  1.04  0.76  1.21  1.05  0.91  0.85  1.28  1.70
% SSW     3.48  4.00  4.08  5.08  3.97  3.19  5.38  2.75  2.26  1.73  3.78  3.70
MEAN      4.07  4.39  4.73  4.55  4.01  3.85  3.83  3.37  3.51  3.51  3.74  3.58
STD DEV   1.72  1.79  1.91  1.76  1.40  1.34  1.42  1.24  1.10  1.31  1.52  1.54
SKEW      0.81  0.63  0.60  0.70  0.43  0.47  0.69  0.72  0.21  0.55  1.03  1.11
% SW     10.92 10.91 10.07 11.97 10.78  9.94 11.55  8.39  5.49  5.06 11.37 11.26
MEAN      3.94  4.26  4.47  4.40  3.74  3.71  3.64  3.21  3.41  3.30  3.87  3.88
STD DEV   1.73  1.97  1.91  1.91  1.56  1.53  1.49  1.23  1.42  1.32  1.69  1.69
SKEW      0.83  0.81  0.66  0.65  0.80  0.74  0.77  0.87  0.87  0.84  0.80  0.87
% WSW     9.66  9.44 11.01  9.56  7.72  7.30  7.53  5.09  3.57  4.37  8.35  9.59
MEAN      5.03  5.58  5.64  6.13  4.95  4.46  4.26  3.75  4.05  4.24  4.86  5.09
STD DEV   1.98  2.04  2.28  2.45  1.88  1.73  1.57  1.43  1.61  1.86  2.01  2.04
SKEW      0.32  0.24  0.58  0.43  0.46  0.61  0.46  0.47  0.57  0.65  0.52  0.53
% W      11.39  8.98 10.55  9.77  9.05  9.22  9.06  7.45  4.77  5.85  9.77  9.46
MEAN      4.55  4.78  5.07  4.68  4.09  3.88  3.53  3.46  3.43  3.75  4.34  4.32
STD DEV   2.08  2.28  2.40  2.27  1.94  1.77  1.48  1.41  1.52  1.76  2.12  2.03
SKEW      0.50  0.64  0.61  0.56  0.71  0.80  0.77  0.77  0.92  0.98  0.80  0.73
% WNW     5.33  5.18  5.93  5.16  4.24  4.09  3.01  3.53  2.14  2.87  5.23  4.01
MEAN      5.10  5.57  6.36  6.07  4.80  4.47  3.70  3.74  3.95  4.07  5.36  5.04
STD DEV   2.24  2.43  2.76  2.55  2.16  1.81  1.51  1.52  1.65  1.67  2.65  2.30
SKEW      0.31  0.36  0.37  0.47  0.56  0.54  0.87  0.64  0.81  0.66  0.51  0.40
% NW      4.61  4.87  4.88  4.73  5.20  5.40  4.86  5.39  3.59  5.19  5.62  3.89
MEAN      3.37  3.51  4.13  3.79  3.39  3.40  3.05  2.97  2.90  3.10  3.23  3.17
STD DEV   1.52  1.56  2.21  1.87  1.88  1.52  1.30  1.11  1.21  1.47  1.53  1.52
SKEW      1.53  1.51  1.00  1.13  1.75  1.05  1.14  0.95  1.16  1.66  1.64  2.09
% NNW     1.10  1.34  1.50  1.06  1.04  1.36  1.15  1.56  1.40  1.19  1.36  1.05
MEAN      3.10  3.72  3.19  4.17  2.93  3.61  2.89  3.05  2.77  2.95  3.07  2.60
STD DEV   1.08  1.65  1.36  1.60  0.96  1.50  1.09  1.39  1.19  0.97  1.31  0.72
SKEW      0.55  0.62  0.91  0.17  0.62  0.39  1.02  0.77  0.87  0.62  1.13  1.13
CALM     12.31  8.73  8.88  8.38 11.92 11.48 12.54 14.39 13.52 15.11 14.81 13.92
ANDERSON      SC    0.814  SPARTANBURG   SC    0.099  ATHENS        GA    0.087
 CLEMSON COLLEGE SC                      381770 0
 LATT=  34.67 LONG= -82.83 YEARS= 61. TYPE= 3
 ELEVATION =  830. TP5 = 2.57 TP6= 5.85
 MEAN P   0.47  0.52  0.55  0.50  0.43  0.41  0.43  0.48  0.43  0.56  0.43  0.48
 S DEV P  0.57  0.57  0.64  0.58  0.48  0.53  0.56  0.68  0.59  0.73  0.53  0.59
 SQEW  P  2.39  2.04  2.27  2.01  2.23  2.51  2.88  2.83  3.28  2.30  2.19  2.11
 P(W/W)   0.52  0.47  0.46  0.44  0.47  0.45  0.53  0.48  0.51  0.46  0.48  0.50
 P(W/D)   0.25  0.26  0.27  0.22  0.23  0.24  0.26  0.24  0.16  0.14  0.20  0.24
 TMAX AV 53.70 57.21 64.45 73.91 81.23 87.72 89.83 88.71 83.96 74.73 64.40 55.38
 TMIN AV 31.23 32.85 38.94 47.40 56.01 63.91 67.39 66.83 61.06 48.66 39.07 32.59
 SD TMAX  9.83  9.79  9.58  8.25  6.71  5.88  5.38  5.23  6.73  7.43  8.69  9.12
 SD TMIN 10.86  9.87  9.64  8.53  7.13  5.30  4.76  3.77  6.76  9.36 10.46 10.24
 SOL.RAD  195.  269.  354.  475.  536.  564.  542.  494.  417.  331.  243.  188.
 SD SOL   50.1  57.4  73.1  75.5  84.4  87.0  87.7 199.3  81.0  47.4  40.2  43.0
 MX .5 P  0.42  0.43  0.65  1.17  1.36  1.18  1.45  1.18  1.57  0.74  0.71  0.53
 DEW PT  30.54 30.85 36.12 44.85 55.62 63.54 67.08 66.08 59.89 49.85 37.70 31.85
Time Pk  0.560 0.643 0.691 0.756 0.775 0.788 0.817 0.837 0.857 0.894 0.935 1.000
% N       3.91  4.30  3.61  3.78  4.00  4.53  4.57  5.88  4.92  5.75  4.43  4.56
MEAN      3.46  3.48  3.51  3.52  3.14  3.10  3.06  2.99  3.02  3.19  3.27  3.31
STD DEV   1.47  1.35  1.60  1.59  1.33  1.12  1.19  1.29  1.14  1.30  1.31  1.35
SKEW      1.05  0.87  1.03  1.01  1.00  0.69  0.87  1.61  0.84  1.29  1.28  1.22
% NNE     1.53  1.68  1.74  1.54  1.68  2.18  1.72  2.73  3.85  3.44  2.06  2.42
MEAN      3.90  3.78  3.96  4.85  3.46  3.52  3.52  3.37  3.61  3.81  3.69  3.62
STD DEV   1.67  1.30  1.66  2.16  1.30  1.40  1.48  1.32  1.47  1.69  1.58  1.51
SKEW      0.62  0.30  0.70  0.76  0.53  0.72  1.05  1.04  1.07  0.96  1.22  0.72
% NE     10.12 13.55 11.03  8.90  9.97 11.86  9.73 14.82 20.28 21.54 12.14 13.87
MEAN      3.94  3.89  4.20  4.07  3.79  3.82  3.75  3.76  4.18  4.25  3.84  3.90
STD DEV   1.80  1.54  1.63  1.71  1.61  1.54  1.50  1.55  1.86  1.83  1.54  1.70
SKEW      1.02  0.69  0.56  0.76  0.98  0.71  0.74  0.79  1.06  0.75  0.82  1.08
% ENE     6.01  6.53  5.63  4.16  5.03  4.31  4.17  4.44  8.74  7.45  4.04  4.89
MEAN      4.62  4.55  4.38  4.34  4.33  4.15  4.08  4.11  4.68  4.60  3.98  4.45
STD DEV   1.81  1.70  1.55  1.56  1.61  1.50  1.44  1.51  1.69  1.76  1.45  1.70
SKEW      0.66  0.92  0.63  0.65  0.51  0.47  0.54  0.68  0.56  0.48  0.56  0.64
% E       4.79  4.52  4.36  4.18  5.18  5.58  5.56  5.51  7.28  5.72  4.05  4.37
MEAN      3.24  3.54  3.52  3.68  3.55  3.38  3.44  3.24  3.45  3.34  3.20  3.31
STD DEV   1.42  1.53  1.39  1.60  1.46  1.34  1.31  1.32  1.45  1.37  1.27  1.34
SKEW      1.22  0.98  0.81  0.97  0.85  0.84  0.62  0.90  0.88  0.80  0.82  0.82
% ESE     1.66  2.31  2.50  2.64  3.09  2.73  2.39  2.42  2.49  2.03  1.54  1.37
MEAN      3.48  3.71  3.86  4.01  3.81  4.13  3.74  3.33  3.80  3.52  3.20  3.39
STD DEV   1.24  1.36  1.36  1.52  1.41  1.45  1.47  1.10  1.62  1.47  1.11  1.22
SKEW      0.54  0.75  0.60  0.68  0.50  0.57  0.82  0.65  0.80  0.70  0.64  0.43
% SE      3.39  3.67  4.98  6.09  5.67  5.94  5.46  4.68  4.54  3.22  3.39  3.46
MEAN      3.25  3.20  3.45  3.71  3.16  3.30  3.13  3.23  3.07  3.09  3.05  3.03
STD DEV   1.42  1.30  1.55  1.57  1.18  1.34  1.15  1.33  1.12  1.14  1.15  1.24
SKEW      1.09  0.96  1.17  0.84  0.73  1.03  0.65  1.05  0.76  0.84  1.10  1.56
% SSE     1.83  2.40  2.48  3.58  2.97  2.53  2.89  2.20  1.97  1.74  1.79  1.60
MEAN      3.84  3.76  4.02  4.42  3.58  3.82  3.49  3.60  3.60  3.53  3.36  3.85
STD DEV   1.84  1.62  1.62  1.73  1.50  1.42  1.21  1.30  1.21  1.19  1.12  1.61
SKEW      0.83  0.82  0.73  0.62  0.76  0.82  0.42  0.68  0.40  0.34  0.60  0.52
% S       6.79  5.59  5.72  8.70  7.34  6.42  6.99  5.58  5.42  4.00  5.71  5.37
MEAN      3.59  3.69  3.68  3.89  3.42  3.36  3.21  3.14  3.13  3.49  3.40  3.55
STD DEV   1.74  1.70  1.63  1.58  1.39  1.35  1.32  1.29  1.16  1.67  1.48  1.72
SKEW      1.15  1.19  0.90  0.80  1.02  0.89  1.27  1.07  0.88  0.95  1.23  1.50
% SSW     3.61  4.06  4.20  5.05  3.81  3.21  5.03  2.73  2.28  1.73  3.68  3.57
MEAN      4.24  4.48  4.72  4.60  4.00  3.79  3.76  3.32  3.43  3.48  3.87  3.76
STD DEV   1.81  1.90  1.95  1.82  1.48  1.37  1.42  1.26  1.15  1.36  1.63  1.61
SKEW      0.77  0.66  0.59  0.66  0.53  0.60  0.75  0.88  0.47  0.66  0.96  1.00
% SW      8.75  9.12  8.21  9.89  8.91  8.36  9.63  7.40  4.61  4.16  9.13  9.15
MEAN      3.90  4.11  4.25  4.34  3.67  3.59  3.56  3.19  3.31  3.21  3.75  3.79
STD DEV   1.72  1.90  1.88  1.89  1.55  1.47  1.45  1.24  1.34  1.31  1.69  1.64
SKEW      0.84  0.89  0.81  0.70  0.83  0.84  0.85  0.98  0.90  1.04  0.86  0.89
% WSW     8.05  8.07  9.23  8.11  6.57  6.17  6.51  4.54  3.09  3.78  7.01  8.15
MEAN      4.58  5.13  5.20  5.65  4.59  4.09  3.99  3.55  3.75  3.93  4.44  4.68
STD DEV   1.77  2.00  2.13  2.31  1.79  1.54  1.44  1.33  1.44  1.69  1.82  1.87
SKEW      0.51  0.62  0.69  0.51  0.65  0.75  0.62  0.74  0.61  0.79  0.64  0.74
% W      10.31  8.18  9.44  8.69  7.88  7.86  7.89  6.43  4.22  5.12  8.78  8.59
MEAN      4.34  4.54  4.95  4.47  3.88  3.65  3.35  3.28  3.29  3.58  4.16  4.18
STD DEV   1.99  2.16  2.33  2.15  1.76  1.59  1.33  1.28  1.44  1.68  2.02  1.96
SKEW      0.68  0.71  0.59  0.69  0.80  0.75  0.74  0.80  1.03  1.14  0.84  0.79
% WNW     5.65  5.54  5.99  5.21  4.28  4.03  3.18  3.38  2.25  3.09  5.22  4.27
MEAN      4.93  5.37  6.19  5.96  4.70  4.36  3.62  3.66  3.81  3.93  5.13  4.91
STD DEV   2.18  2.36  2.74  2.53  2.11  1.81  1.44  1.47  1.56  1.61  2.52  2.23
SKEW      0.42  0.41  0.39  0.44  0.59  0.64  0.90  0.72  0.74  0.67  0.55  0.44
% NW      5.11  5.45  5.43  5.16  5.55  5.72  5.25  5.74  3.98  5.69  6.14  4.58
MEAN      3.65  3.84  4.35  4.09  3.56  3.54  3.15  3.12  3.07  3.33  3.50  3.44
STD DEV   1.68  1.75  2.26  2.00  1.90  1.56  1.33  1.20  1.29  1.55  1.66  1.65
SKEW      1.37  1.32  0.91  1.02  1.57  0.99  1.10  0.94  1.09  1.49  1.49  1.84
% NNW     4.68  4.66  4.91  3.80  3.30  3.32  2.65  2.90  2.83  3.33  4.18  4.02
MEAN      3.66  4.13  3.73  4.50  3.27  3.78  3.05  3.20  3.03  3.32  3.53  3.18
STD DEV   1.35  1.83  1.61  1.75  1.15  1.59  1.15  1.43  1.34  1.20  1.52  1.05
SKEW      0.50  0.59  0.89  0.20  0.63  0.46  0.93  0.79  0.88  0.64  1.07  1.05
CALM     13.66 10.38 10.48 10.55 14.75 15.11 16.38 18.57 17.16 18.12 16.63 15.72
ANDERSON      SC    0.666  ASHEVILLE/MUN.NC    0.168  ATHENS        GA    0.166
 KERSHAW SC                              384690 0
 LATT=  34.55 LONG= -80.60 YEARS= 44. TYPE= 3
 ELEVATION =  500. TP5 = 2.85 TP6= 5.95
 MEAN P   0.43  0.47  0.51  0.46  0.43  0.46  0.50  0.53  0.55  0.54  0.51  0.43
 S DEV P  0.44  0.49  0.55  0.52  0.50  0.57  0.60  0.61  0.78  0.89  0.59  0.48
 SQEW  P  1.93  1.82  2.21  1.79  2.23  2.55  2.83  2.00  3.13  5.67  3.44  2.97
 P(W/W)   0.45  0.42  0.41  0.39  0.39  0.43  0.44  0.41  0.42  0.41  0.37  0.37
 P(W/D)   0.18  0.22  0.22  0.18  0.21  0.21  0.27  0.23  0.17  0.13  0.16  0.18
 TMAX AV 53.36 57.17 64.87 74.12 81.32 87.33 90.12 88.62 83.23 74.01 65.09 55.75
 TMIN AV 30.16 32.16 39.20 47.78 56.70 64.36 68.33 67.42 61.45 49.66 39.83 32.23
 SD TMAX 11.17 10.98 10.77  9.32  7.23  6.27  5.33  5.85  7.29  8.05  9.31 10.71
 SD TMIN 10.12  9.81  9.35  8.74  7.04  5.34  3.68  3.90  6.62  9.11  9.97 10.32
 SOL.RAD  223.  292.  369.  488.  539.  563.  531.  491.  404.  328.  262.  209.
 SD SOL   40.6  48.5  65.2  66.9  77.6  81.3  85.4 149.6  81.0  47.3  33.9  36.3
 MX .5 P  0.58  0.51  0.76  0.65  1.12  1.49  1.87  1.44  1.65  0.79  0.65  0.45
 DEW PT  34.93 34.93 38.95 47.96 57.31 65.62 68.93 68.62 63.27 52.90 41.30 33.65
Time Pk  0.547 0.646 0.698 0.775 0.797 0.810 0.831 0.850 0.865 0.906 0.944 1.000
% N       7.74  6.96  6.14  4.76  5.22  5.30  3.95  6.18  7.97  9.67  8.97  7.85
MEAN      3.85  3.85  4.03  4.28  3.80  3.53  3.15  3.36  3.48  3.79  3.69  3.74
STD DEV   1.75  1.58  1.74  1.82  1.66  1.49  1.34  1.49  1.65  1.69  1.66  1.67
SKEW      0.77  0.57  0.47  0.60  0.76  0.70  0.55  0.91  1.21  0.64  0.94  0.88
% NNE     7.14  7.69  5.86  4.31  5.53  6.33  4.33  7.13 11.58 13.57  9.07  7.69
MEAN      4.12  4.38  4.08  4.57  4.26  3.78  3.72  3.73  3.90  4.33  4.18  3.88
STD DEV   1.86  1.77  1.71  1.94  1.91  1.63  1.57  1.58  1.69  1.97  1.90  1.71
SKEW      0.64  0.48  0.50  0.60  0.54  0.53  0.54  0.62  0.94  0.66  0.77  0.90
% NE      8.98  9.14  6.30  4.93  7.80  7.56  5.78  8.87 14.90 13.40  7.25  7.80
MEAN      4.10  4.21  4.04  4.26  4.26  3.77  3.55  3.73  3.84  4.03  3.84  3.67
STD DEV   1.89  1.68  1.76  1.83  1.95  1.61  1.53  1.68  1.66  1.88  1.81  1.64
SKEW      0.70  0.41  0.53  0.63  0.66  0.54  0.56  0.79  0.83  0.66  0.62  0.93
% ENE     4.86  5.18  4.78  4.21  6.38  6.37  4.50  5.75  8.03  6.06  3.96  4.40
MEAN      3.82  4.01  4.06  4.04  4.03  3.72  3.48  3.59  3.70  3.76  3.46  3.49
STD DEV   1.73  1.70  1.80  1.66  1.74  1.50  1.43  1.63  1.56  1.64  1.52  1.45
SKEW      0.71  0.55  0.53  0.54  0.57  0.42  0.69  0.87  0.67  0.55  0.65  0.58
% E       2.99  3.52  4.43  4.25  5.50  5.58  4.88  4.25  5.79  4.61  3.27  3.10
MEAN      3.33  3.39  3.59  3.77  3.52  3.47  3.14  3.06  3.30  3.26  3.08  3.17
STD DEV   1.41  1.37  1.41  1.54  1.49  1.45  1.32  1.36  1.40  1.39  1.46  1.30
SKEW      0.74  0.40  0.42  0.57  0.55  0.53  0.72  0.75  1.07  0.74  0.91  0.69
% ESE     1.71  2.41  2.86  3.45  4.18  3.90  3.59  3.08  3.59  2.41  2.32  1.80
MEAN      2.68  3.17  3.52  3.55  3.47  3.14  2.93  2.96  3.17  2.85  2.86  2.90
STD DEV   1.05  1.42  1.58  1.41  1.40  1.31  1.25  1.40  1.32  1.05  1.21  1.09
SKEW      0.56  0.65  0.66  0.40  0.63  0.65  0.70  1.01  0.70  0.54  0.89  0.55
% SE      2.24  2.99  2.98  4.55  4.19  4.75  4.69  4.18  4.01  2.69  2.82  2.36
MEAN      2.81  3.43  3.38  3.67  3.34  3.18  2.96  2.85  2.87  2.74  3.03  2.85
STD DEV   1.16  1.60  1.47  1.52  1.34  1.35  1.23  1.20  1.21  1.11  1.41  1.23
SKEW      0.51  0.69  0.63  0.69  0.52  0.68  0.56  0.90  0.68  0.61  0.93  0.68
% SSE     2.27  2.96  3.06  5.40  4.20  5.02  5.33  4.51  3.52  2.53  2.76  3.01
MEAN      3.10  3.70  3.28  3.81  3.24  3.22  2.92  3.02  2.89  2.78  3.10  3.26
STD DEV   1.35  1.76  1.44  1.60  1.36  1.39  1.28  1.33  1.29  1.11  1.35  1.53
SKEW      0.78  0.91  0.76  0.59  0.77  0.81  0.94  0.88  1.00  0.50  0.86  0.94
% S       5.33  6.00  7.21 10.70  8.11  9.12  9.92  8.80  4.85  3.72  5.20  6.66
MEAN      3.49  3.94  3.92  3.97  3.41  3.34  3.11  3.09  2.88  2.91  3.50  3.68
STD DEV   1.70  2.01  1.87  1.70  1.42  1.32  1.24  1.33  1.17  1.32  1.73  1.77
SKEW      0.84  0.98  0.81  0.59  0.69  0.71  0.69  0.74  0.75  0.72  0.91  0.77
% SSW     7.08  7.05  8.29 10.12  8.84  8.03 10.67  8.34  4.23  3.86  5.91  6.83
MEAN      3.97  4.18  4.47  4.45  3.88  3.57  3.51  3.28  3.15  3.51  3.72  3.84
STD DEV   1.86  1.92  2.06  1.85  1.57  1.45  1.44  1.36  1.33  1.55  1.81  1.80
SKEW      0.74  0.64  0.66  0.51  0.49  0.82  0.63  0.73  0.67  0.59  0.72  0.76
% SW      9.23  8.48  8.75 10.64 10.68  9.37 12.02  9.64  4.86  5.63  7.00  8.47
MEAN      4.36  4.75  4.66  4.63  3.94  3.67  3.61  3.40  3.27  3.55  3.94  4.08
STD DEV   2.06  2.26  2.06  1.95  1.70  1.49  1.47  1.42  1.34  1.73  1.91  1.99
SKEW      0.65  0.68  0.33  0.36  0.69  0.55  0.65  0.64  0.55  0.74  0.73  0.76
% WSW     6.51  6.72  6.80  7.71  6.55  5.94  7.11  5.18  3.10  3.94  6.21  6.69
MEAN      4.56  4.67  4.85  4.96  3.90  3.59  3.62  3.40  3.24  3.69  4.15  4.20
STD DEV   2.03  2.13  2.29  2.17  1.71  1.49  1.46  1.37  1.39  1.76  2.10  2.09
SKEW      0.51  0.94  0.63  0.54  0.60  0.54  0.39  0.48  0.69  0.63  0.83  0.70
% W       6.69  7.03  8.37  6.42  5.54  4.69  5.13  3.93  3.03  3.96  6.57  7.16
MEAN      4.05  4.71  4.62  4.40  3.80  3.39  3.26  3.11  2.94  3.31  4.02  4.19
STD DEV   2.04  2.32  2.14  2.12  1.67  1.44  1.36  1.24  1.20  1.58  1.94  2.08
SKEW      0.94  0.85  0.56  0.71  0.75  0.58  0.61  0.49  0.41  0.89  0.79  0.83
% WNW     4.66  4.91  5.30  3.67  3.21  2.54  2.56  2.46  2.11  3.21  4.68  4.32
MEAN      3.84  4.34  4.69  4.26  3.57  3.28  2.95  3.08  2.97  3.14  3.82  3.85
STD DEV   2.03  2.04  2.17  1.98  1.62  1.49  1.23  1.34  1.32  1.41  1.92  1.97
SKEW      1.18  0.60  0.72  0.54  0.68  0.83  0.67  0.81  0.93  0.74  0.93  0.96
% NW      6.02  5.31  5.63  4.28  3.42  2.70  2.58  2.83  2.42  4.14  5.41  5.34
MEAN      3.82  4.04  4.37  4.16  3.48  3.10  3.01  2.98  2.87  3.39  3.60  3.92
STD DEV   1.77  1.83  2.08  1.97  1.51  1.26  1.29  1.40  1.30  1.66  1.77  1.86
SKEW      0.67  0.65  0.81  0.65  0.83  0.66  1.24  1.19  1.00  0.98  1.03  0.72
% NNW     5.30  5.35  4.77  3.97  3.22  3.13  2.41  3.22  3.22  5.16  5.75  4.95
MEAN      4.09  4.19  4.16  4.11  3.52  3.06  3.01  3.10  3.26  3.43  3.68  3.79
STD DEV   1.95  1.74  1.89  1.85  1.38  1.27  1.24  1.39  1.51  1.57  1.77  1.61
SKEW      0.79  0.57  0.72  0.80  0.79  0.81  0.58  1.04  0.86  0.80  1.18  0.64
CALM     11.19  8.38  8.46  6.73  7.38  9.62 10.63 11.70 12.82 11.45 12.90 11.50
SUMTER        SC    0.373  CHARLOTTE     NC    0.330  FLORENCE      SC    0.297
 KINGSTREE SC                            384753 0
 LATT=  33.67 LONG= -79.82 YEARS= 62. TYPE= 4
 ELEVATION =   50. TP5 = 3.01 TP6= 6.27
 MEAN P   0.34  0.40  0.44  0.42  0.43  0.49  0.49  0.60  0.56  0.50  0.38  0.39
 S DEV P  0.38  0.45  0.50  0.49  0.52  0.58  0.56  0.73  0.86  0.82  0.57  0.52
 SQEW  P  1.78  1.92  2.02  2.42  2.92  2.23  1.95  2.38  2.98  4.09  3.77  4.31
 P(W/W)   0.47  0.45  0.44  0.40  0.41  0.47  0.50  0.48  0.47  0.43  0.38  0.41
 P(W/D)   0.24  0.25  0.25  0.19  0.20  0.25  0.28  0.27  0.19  0.13  0.17  0.22
 TMAX AV 58.21 60.99 68.17 76.77 84.23 89.75 91.80 90.45 85.93 77.47 68.47 60.10
 TMIN AV 34.25 35.67 42.54 50.00 58.33 65.93 69.47 68.55 63.19 50.79 40.90 34.88
 SD TMAX 11.55 10.94 10.35  8.19  6.80  5.90  5.01  5.14  6.75  7.45  9.41 10.68
 SD TMIN 11.22 10.75 10.03  8.77  7.48  5.82  4.08  4.24  6.91  9.95 11.33 11.12
 SOL.RAD  247.  310.  382.  503.  540.  562.  521.  495.  398.  331.  276.  219.
 SD SOL   35.3  45.1  63.0  63.3  78.0  81.7  89.5 150.7  84.1  48.6  31.9  35.6
 MX .5 P  0.55  0.62  0.88  0.72  1.32  2.19  1.47  1.51  1.42  1.07  0.81  0.66
 DEW PT  38.32 38.66 41.97 50.82 59.66 67.83 71.34 70.34 66.32 56.34 44.31 36.15
Time Pk  0.534 0.638 0.698 0.770 0.789 0.804 0.829 0.853 0.869 0.906 0.944 1.000
% N       8.01  7.35  5.79  4.77  4.51  4.67  3.02  4.94  7.08 10.34  9.31  8.58
MEAN      3.95  3.97  3.98  4.19  3.66  3.52  2.82  3.05  3.28  3.76  3.57  3.65
STD DEV   1.92  1.79  1.93  1.97  1.80  1.71  1.39  1.55  1.76  1.89  1.81  1.78
SKEW      0.63  0.56  0.58  0.58  0.90  0.87  0.68  1.02  1.23  0.65  1.00  0.87
% NNE     7.35  7.50  4.71  4.13  4.60  5.09  3.37  6.38 11.67 13.07  8.80  7.48
MEAN      3.98  4.07  3.84  4.13  4.07  3.57  3.22  3.39  3.56  4.04  3.90  3.57
STD DEV   1.80  1.74  1.79  1.89  2.04  1.66  1.46  1.67  1.69  1.93  1.82  1.56
SKEW      0.56  0.51  0.68  0.48  0.78  0.61  0.63  0.83  0.93  0.69  0.69  0.73
% NE      8.39  7.65  4.98  4.55  6.48  6.18  4.35  7.42 13.49 12.90  6.27  6.58
MEAN      3.96  3.88  3.82  3.95  4.05  3.60  3.21  3.46  3.55  3.77  3.55  3.41
STD DEV   1.86  1.67  1.87  1.78  1.99  1.65  1.47  1.73  1.63  1.87  1.66  1.56
SKEW      0.55  0.53  0.60  0.46  0.69  0.53  0.53  0.98  0.77  0.72  0.51  0.77
% ENE     4.73  5.28  4.28  4.31  5.08  5.13  3.26  4.74  7.28  6.02  3.83  4.18
MEAN      3.91  4.15  4.15  4.27  4.24  3.89  3.48  3.54  3.84  3.88  3.53  3.47
STD DEV   1.87  1.83  1.97  1.84  2.02  1.71  1.61  1.73  1.79  1.78  1.67  1.60
SKEW      0.66  0.36  0.54  0.45  0.46  0.26  0.60  0.76  0.61  0.54  0.76  0.63
% E       3.33  3.71  5.00  5.19  5.71  5.68  4.19  4.18  6.43  5.57  3.55  3.42
MEAN      3.41  3.77  3.87  4.21  3.99  4.12  3.68  3.34  3.69  3.66  3.36  3.40
STD DEV   1.54  1.54  1.66  1.83  1.86  1.95  1.77  1.59  1.63  1.65  1.71  1.57
SKEW      0.46  0.20  0.44  0.40  0.41  0.38  0.70  0.61  0.47  0.45  0.87  0.49
% ESE     1.76  2.10  3.32  3.73  4.13  3.74  3.25  3.01  3.93  2.68  2.11  1.55
MEAN      2.84  3.54  3.78  3.88  3.83  3.80  3.44  3.27  3.53  3.31  3.03  3.11
STD DEV   1.28  1.52  1.73  1.70  1.64  1.61  1.55  1.60  1.51  1.33  1.29  1.25
SKEW      0.63  0.34  0.49  0.24  0.60  0.33  0.43  0.66  0.40  0.27  0.47  0.28
% SE      1.45  2.04  2.74  3.92  3.92  4.06  3.37  3.43  3.27  1.98  1.52  1.63
MEAN      2.85  3.79  3.62  3.82  3.68  3.65  3.28  3.22  3.23  3.01  3.31  2.99
STD DEV   1.20  1.85  1.61  1.59  1.52  1.60  1.47  1.46  1.45  1.29  1.60  1.37
SKEW      0.36  0.39  0.42  0.43  0.26  0.40  0.46  0.63  0.55  0.48  0.77  0.70
% SSE     1.91  2.49  3.28  4.86  4.55  5.27  4.89  4.54  3.38  1.93  1.91  2.31
MEAN      3.00  3.91  3.52  3.98  3.59  3.56  3.26  3.39  3.26  3.18  3.19  3.28
STD DEV   1.31  1.96  1.62  1.69  1.62  1.54  1.45  1.58  1.51  1.39  1.34  1.59
SKEW      0.56  0.73  0.49  0.35  0.70  0.58  0.64  0.72  0.83  0.50  0.57  0.69
% S       4.26  5.57  6.90  9.60  9.27 10.49 10.89  9.11  5.35  3.25  4.37  5.52
MEAN      3.61  4.25  4.27  4.39  3.89  3.72  3.59  3.53  3.29  3.31  3.69  3.75
STD DEV   1.85  2.22  2.08  2.00  1.70  1.58  1.54  1.59  1.44  1.50  1.86  1.85
SKEW      0.79  0.86  0.64  0.47  0.49  0.44  0.60  0.53  0.60  0.56  0.70  0.62
% SSW     5.89  7.11  8.76 10.10  9.06  9.02 11.93  8.99  3.82  3.01  4.84  5.43
MEAN      3.90  4.47  4.57  4.77  4.12  3.86  3.90  3.60  3.35  3.73  3.91  4.09
STD DEV   1.91  2.08  2.17  2.17  1.81  1.76  1.68  1.64  1.51  1.87  1.99  2.00
SKEW      0.72  0.62  0.61  0.47  0.39  0.69  0.44  0.58  0.61  0.71  0.69  0.64
% SW      6.38  6.16  6.47  8.18  8.68  7.64 10.52  8.05  3.41  3.02  5.07  5.10
MEAN      4.23  4.55  4.40  4.36  3.85  3.71  3.62  3.43  3.27  3.49  3.83  3.97
STD DEV   2.00  2.15  2.00  1.97  1.77  1.65  1.64  1.55  1.48  1.82  1.92  2.11
SKEW      0.53  0.62  0.34  0.36  0.57  0.58  0.62  0.58  0.47  0.65  0.70  0.75
% WSW     6.28  6.52  6.62  7.36  6.60  6.33  8.08  6.01  3.09  3.67  5.60  6.23
MEAN      4.53  4.79  4.84  4.75  3.98  3.67  3.62  3.36  3.43  3.85  4.09  4.07
STD DEV   2.00  2.26  2.25  2.19  1.78  1.54  1.53  1.44  1.55  1.91  2.04  2.06
SKEW      0.38  1.12  0.60  0.72  0.65  0.47  0.29  0.55  0.60  0.68  0.68  0.71
% W       8.74  8.88  9.82  7.95  6.97  6.03  6.88  4.90  3.47  4.71  8.49  9.43
MEAN      4.58  5.16  5.05  4.88  4.10  3.69  3.35  3.21  3.14  3.68  4.21  4.55
STD DEV   2.29  2.62  2.42  2.39  1.88  1.58  1.50  1.36  1.44  1.86  2.09  2.34
SKEW      0.79  0.94  0.47  0.57  0.66  0.39  0.53  0.44  0.49  0.86  0.65  0.71
% WNW     5.62  5.88  6.11  4.40  3.73  2.77  2.92  2.59  2.23  3.28  5.43  5.33
MEAN      4.29  4.85  5.05  4.75  3.92  3.53  3.20  3.28  3.32  3.34  4.10  4.11
STD DEV   2.12  2.29  2.47  2.29  1.87  1.53  1.40  1.53  1.66  1.56  2.05  2.04
SKEW      0.87  0.57  0.68  0.49  0.74  0.57  0.54  0.78  0.81  0.46  0.72  0.66
% NW      4.68  4.42  4.39  3.02  2.89  2.17  1.85  1.82  1.71  2.70  4.49  4.48
MEAN      3.97  4.22  4.52  4.25  3.56  3.28  2.95  3.25  2.93  3.39  3.62  3.95
STD DEV   1.83  1.95  2.16  2.09  1.67  1.36  1.27  1.77  1.37  1.72  1.82  1.92
SKEW      0.43  0.49  0.55  0.54  0.66  0.44  0.79  0.97  0.81  0.73  0.92  0.52
% NNW     5.20  5.12  4.28  3.43  2.45  2.13  1.75  2.18  2.57  4.57  5.18  5.08
MEAN      4.15  4.39  4.36  4.03  3.39  3.23  2.83  3.10  3.15  3.52  3.61  3.75
STD DEV   2.06  1.96  2.09  1.99  1.46  1.65  1.30  1.58  1.66  1.91  1.96  1.78
SKEW      0.67  0.50  0.61  0.75  0.53  1.38  0.72  0.82  1.07  0.87  1.17  0.66
CALM     15.95 12.21 12.50 10.57 11.32 13.56 15.55 17.75 17.78 17.28 19.23 17.67
SUMTER        SC    0.426  MYRTLE BEACH  SC    0.297  CHARLESTON    SC    0.277
 MC COLL SC                              385633 0
 LATT=  34.67 LONG= -79.55 YEARS= 44. TYPE= 3
 ELEVATION =  190. TP5 = 2.91 TP6= 5.66
 MEAN P   0.39  0.43  0.45  0.38  0.42  0.50  0.45  0.45  0.54  0.51  0.42  0.37
 S DEV P  0.45  0.51  0.45  0.48  0.46  0.57  0.56  0.55  0.64  0.80  0.47  0.44
 SQEW  P  1.73  3.00  1.66  2.73  1.79  2.04  2.70  2.19  2.31  4.07  2.08  2.33
 P(W/W)   0.48  0.45  0.43  0.40  0.47  0.46  0.55  0.47  0.47  0.44  0.37  0.44
 P(W/D)   0.20  0.22  0.23  0.18  0.20  0.20  0.23  0.23  0.16  0.13  0.17  0.20
 TMAX AV 55.33 59.05 66.38 75.87 83.07 88.89 90.97 89.77 84.80 75.63 66.51 57.53
 TMIN AV 33.43 35.79 41.87 49.99 58.66 65.96 69.32 68.34 62.84 51.06 41.86 34.98
 SD TMAX 11.11 10.52  9.92  8.53  6.77  6.33  4.93  5.45  6.82  7.68  8.99 10.41
 SD TMIN 10.52 10.19  9.97  8.92  7.03  5.18  3.76  4.07  6.68  9.65 10.69 10.71
 SOL.RAD  223.  293.  364.  478.  524.  564.  536.  486.  397.  321.  251.  204.
 SD SOL   38.3  46.2  65.2  69.2  82.3  80.8  83.7 151.0  81.9  47.7  35.5  35.6
 MX .5 P  0.57  0.46  0.64  0.49  0.94  1.74  1.65  1.22  1.32  0.87  0.73  0.73
 DEW PT  34.82 34.61 38.04 47.48 57.13 65.69 69.47 68.69 63.26 53.38 40.48 32.70
Time Pk  0.557 0.656 0.720 0.794 0.808 0.821 0.846 0.866 0.878 0.913 0.947 1.000
% N       6.40  7.28  5.15  5.03  4.03  3.64  2.58  3.72  5.86  8.04  7.00  6.54
MEAN      3.07  3.13  3.21  3.36  2.92  2.93  2.42  2.41  2.66  2.99  2.86  2.92
STD DEV   1.40  1.43  1.40  1.42  1.27  1.33  0.93  1.10  1.18  1.40  1.28  1.28
SKEW      0.71  0.83  0.65  0.62  0.89  0.97  0.91  1.03  1.06  0.84  1.03  0.82
% NNE     5.01  6.82  4.41  3.90  4.62  4.37  2.78  4.63  8.57  9.75  5.84  6.08
MEAN      3.08  3.23  3.14  3.37  3.21  3.21  2.80  2.76  2.90  3.29  3.11  3.19
STD DEV   1.22  1.36  1.32  1.37  1.47  1.44  1.11  1.42  1.29  1.48  1.36  1.40
SKEW      0.61  0.76  0.69  0.53  0.68  0.82  0.63  0.93  1.00  0.58  0.81  0.75
% NE      7.18  8.10  4.88  4.54  7.37  7.10  5.46  7.33 13.55 13.61  6.00  6.72
MEAN      3.51  3.45  3.18  3.43  3.40  3.05  2.89  2.83  3.13  3.27  3.04  3.00
STD DEV   1.56  1.43  1.45  1.52  1.46  1.34  1.25  1.36  1.38  1.49  1.30  1.39
SKEW      0.46  0.38  0.68  0.74  0.57  0.69  0.57  1.06  0.76  0.65  0.57  0.83
% ENE     5.15  5.10  5.00  4.54  5.39  6.03  3.82  6.09  8.02  6.81  4.25  3.75
MEAN      3.44  3.51  3.52  3.64  3.47  3.39  3.20  3.05  3.32  3.39  3.45  3.08
STD DEV   1.51  1.44  1.54  1.46  1.41  1.37  1.35  1.41  1.49  1.43  1.60  1.35
SKEW      0.48  0.51  0.42  0.34  0.48  0.33  0.52  0.74  0.57  0.43  0.88  0.44
% E       3.06  3.69  5.30  4.31  5.38  7.12  5.51  6.48  6.18  5.83  3.39  3.48
MEAN      2.84  3.12  3.41  3.37  3.10  3.11  3.08  2.77  2.91  3.21  2.90  2.95
STD DEV   1.21  1.32  1.42  1.33  1.39  1.41  1.42  1.31  1.27  1.46  1.29  1.30
SKEW      0.85  0.55  0.39  0.20  0.55  0.83  0.61  0.81  0.81  0.70  0.94  0.62
% ESE     1.34  1.70  2.49  2.69  2.30  3.36  2.45  3.14  2.54  1.76  1.49  1.24
MEAN      2.44  2.98  3.08  3.12  2.88  3.23  2.54  2.89  2.69  2.87  2.74  2.73
STD DEV   1.03  1.20  1.57  1.32  1.25  1.41  1.09  1.45  1.20  1.17  1.15  1.10
SKEW      0.58  0.44  0.69  0.34  0.68  0.50  0.76  0.89  0.66  0.35  0.76  0.64
% SE      1.56  2.08  2.74  2.94  2.78  3.69  3.15  3.01  2.74  1.52  1.42  1.64
MEAN      2.67  3.24  3.46  3.18  3.00  3.13  2.84  2.68  2.72  2.60  2.94  2.81
STD DEV   1.21  1.58  1.52  1.40  1.28  1.49  1.32  1.23  1.08  1.04  1.22  1.27
SKEW      0.47  0.60  0.40  0.51  0.44  0.70  0.73  0.97  0.63  0.66  0.58  0.72
% SSE     2.21  1.87  2.97  4.11  2.80  3.54  3.58  3.12  2.14  1.06  1.63  1.87
MEAN      3.13  3.86  3.65  3.70  3.00  3.28  2.97  2.88  2.90  2.89  3.17  3.20
STD DEV   1.37  2.01  1.67  1.42  1.34  1.45  1.44  1.44  1.21  1.09  1.20  1.60
SKEW      0.49  0.46  0.54  0.17  0.59  0.70  0.68  1.03  0.56  0.29  0.27  0.62
% S       4.66  4.04  5.39  8.40  5.67  8.14  8.41  7.19  4.60  2.35  3.70  4.58
MEAN      3.31  3.65  3.68  3.75  3.16  2.97  2.96  2.80  2.73  2.80  3.47  3.53
STD DEV   1.51  1.87  1.80  1.62  1.31  1.26  1.28  1.30  1.10  1.25  1.59  1.59
SKEW      0.62  0.84  0.88  0.51  0.51  0.60  0.63  0.85  0.59  0.69  0.55  0.58
% SSW     6.08  5.11  6.99  8.16  6.25  6.32  8.70  6.71  3.61  2.09  4.31  4.61
MEAN      3.76  4.00  4.22  4.07  3.54  3.15  3.15  2.88  2.95  3.24  3.50  3.99
STD DEV   1.79  1.73  1.85  1.69  1.41  1.32  1.33  1.26  1.23  1.37  1.71  1.84
SKEW      0.83  0.57  0.35  0.31  0.46  0.51  0.57  0.81  0.71  0.61  0.66  0.46
% SW     10.27  8.60  8.71 10.64 10.87  9.62 13.67  9.02  5.41  4.08  7.67  6.78
MEAN      4.00  4.22  4.32  4.32  3.69  3.33  3.24  3.05  3.09  3.40  3.79  3.78
STD DEV   1.78  1.92  2.01  1.74  1.52  1.38  1.40  1.27  1.22  1.54  1.83  1.86
SKEW      0.45  0.61  0.66  0.37  0.36  0.43  0.58  0.57  0.47  0.69  0.60  0.85
% WSW     8.05  7.14  7.14  9.15  8.57  7.26  8.31  5.81  3.53  3.83  6.54  6.53
MEAN      4.35  4.47  4.79  4.91  4.04  3.50  3.39  3.16  3.26  3.78  4.14  4.01
STD DEV   1.80  2.17  2.21  2.14  1.67  1.40  1.37  1.22  1.41  1.68  1.95  1.98
SKEW      0.38  1.44  0.49  0.55  0.43  0.40  0.29  0.22  0.55  0.44  0.55  0.67
% W       8.47  8.62  9.10  7.86  8.50  6.92  7.69  5.77  4.05  4.50  8.18  8.70
MEAN      4.29  4.26  4.53  4.49  3.81  3.39  3.16  3.07  2.82  3.22  3.84  3.91
STD DEV   2.10  2.04  2.09  2.21  1.68  1.45  1.37  1.27  1.12  1.53  1.91  1.98
SKEW      0.51  0.74  0.49  0.64  0.60  0.57  0.49  0.38  0.83  0.82  0.67  0.72
% WNW     4.17  5.50  6.20  4.45  4.02  2.63  2.39  2.01  1.62  2.75  4.71  4.89
MEAN      3.84  4.03  4.50  4.05  3.43  3.22  2.89  2.75  2.73  3.11  3.81  3.91
STD DEV   2.01  1.85  2.07  1.88  1.52  1.33  1.32  1.13  1.09  1.47  1.81  1.95
SKEW      0.82  0.49  0.46  0.61  0.47  0.50  1.01  0.49  0.78  0.66  0.70  0.82
% NW      4.08  4.98  4.34  3.49  3.13  1.98  1.77  1.34  1.66  2.84  4.48  4.57
MEAN      3.29  3.56  3.60  3.56  3.21  2.73  2.48  2.59  2.53  2.92  3.24  3.32
STD DEV   1.48  1.67  1.66  1.59  1.39  1.02  0.88  1.10  0.98  1.23  1.59  1.50
SKEW      0.68  0.71  0.74  0.65  0.71  0.69  1.01  0.87  1.00  0.97  1.26  0.78
% NNW     4.55  4.84  4.36  3.43  2.67  1.78  1.73  1.63  2.05  3.64  3.87  4.02
MEAN      3.46  3.37  3.54  3.50  3.02  2.71  2.48  2.57  2.73  2.98  3.26  3.18
STD DEV   1.56  1.46  1.67  1.51  1.20  1.09  0.93  1.06  1.07  1.27  1.53  1.40
SKEW      0.68  0.66  0.85  0.70  0.57  0.63  0.98  0.67  0.78  0.78  1.09  0.63
CALM     17.60 14.54 14.93 12.36 15.66 16.50 17.96 23.04 23.84 25.53 25.56 24.07
LUMBERTON     NC    0.497  FT. BRAGG     NC    0.300  SUMTER        SC    0.202
 NEWBERRY SC                             386209 0
 LATT=  34.28 LONG= -81.62 YEARS= 43. TYPE= 3
 ELEVATION =  480. TP5 = 2.75 TP6= 6.48
 MEAN P   0.41  0.42  0.48  0.41  0.43  0.43  0.41  0.46  0.55  0.46  0.38  0.37
 S DEV P  0.50  0.51  0.54  0.53  0.59  0.57  0.64  0.83  0.74  0.69  0.49  0.46
 SQEW  P  2.03  2.32  1.90  2.55  2.99  2.39  3.54  5.84  1.89  3.43  2.41  2.08
 P(W/W)   0.51  0.49  0.46  0.40  0.44  0.44  0.49  0.50  0.49  0.47  0.42  0.45
 P(W/D)   0.25  0.25  0.27  0.22  0.21  0.24  0.28  0.21  0.17  0.12  0.19  0.25
 TMAX AV 55.18 59.59 67.35 76.46 83.42 89.19 91.58 90.50 84.79 75.68 66.11 57.19
 TMIN AV 32.28 34.34 40.61 48.58 57.25 64.79 68.64 67.75 61.70 49.63 40.26 33.82
 SD TMAX 10.34 10.07  9.61  7.91  6.29  5.60  5.13  5.23  6.76  7.44  8.81  9.76
 SD TMIN 10.79 10.49 10.03  9.10  7.37  5.34  3.54  3.88  6.83  9.90 10.77 10.81
 SOL.RAD  228.  294.  374.  500.  548.  565.  536.  501.  412.  340.  270.  207.
 SD SOL   43.6  53.3  69.7  69.2  81.2  87.0  90.7 188.9  84.7  48.1  35.4  41.3
 MX .5 P  0.54  0.61  0.88  1.12  1.48  1.47  1.54  1.56  1.96  0.96  0.71  0.45
 DEW PT  34.53 34.53 39.82 47.82 57.67 65.13 68.69 68.40 63.11 52.40 41.55 34.40
Time Pk  0.561 0.659 0.717 0.776 0.798 0.817 0.842 0.860 0.876 0.913 0.942 1.000
% N       4.91  5.10  4.61  4.43  5.27  5.25  4.46  6.85  7.32  8.47  6.07  5.66
MEAN      3.29  3.36  3.48  3.80  3.29  3.23  3.13  3.13  3.20  3.36  3.24  3.14
STD DEV   1.41  1.40  1.55  1.73  1.43  1.24  1.29  1.34  1.32  1.31  1.33  1.29
SKEW      0.95  0.91  0.95  0.91  1.08  0.66  1.13  1.20  1.25  0.99  1.11  1.02
% NNE     4.96  5.94  5.06  3.56  4.46  4.78  3.80  6.33  9.41  9.84  5.88  5.73
MEAN      3.89  3.87  4.06  4.43  3.67  3.61  3.55  3.50  3.86  4.03  3.87  3.71
STD DEV   1.67  1.56  1.67  2.03  1.49  1.49  1.53  1.51  1.63  1.74  1.69  1.68
SKEW      0.61  0.50  0.57  0.83  0.63  0.68  0.86  0.82  0.81  0.69  0.81  0.98
% NE      8.91 11.81  9.46  6.98  8.72  9.26  7.99 10.87 16.80 15.88  9.25 11.47
MEAN      3.85  3.87  4.03  3.87  3.73  3.70  3.55  3.50  4.03  4.09  3.61  3.66
STD DEV   1.77  1.66  1.72  1.70  1.59  1.59  1.55  1.53  1.80  1.81  1.59  1.62
SKEW      0.75  0.62  0.63  0.79  0.71  0.74  0.70  0.88  0.79  0.67  0.82  0.84
% ENE     4.93  5.48  4.99  3.99  5.21  5.20  4.43  5.10  8.12  6.35  3.64  4.44
MEAN      3.92  3.96  4.14  4.02  4.00  3.83  3.75  3.64  4.07  4.03  3.54  3.70
STD DEV   1.62  1.68  1.67  1.67  1.66  1.54  1.52  1.52  1.59  1.69  1.52  1.59
SKEW      0.59  0.61  0.48  0.49  0.70  0.52  0.55  0.77  0.61  0.63  0.80  0.73
% E       3.54  4.10  4.08  4.05  5.25  5.44  4.97  5.60  6.28  4.48  3.30  3.53
MEAN      2.91  3.14  3.28  3.43  3.46  3.35  3.28  3.10  3.21  3.21  2.92  2.84
STD DEV   1.25  1.32  1.38  1.58  1.42  1.35  1.35  1.35  1.33  1.33  1.20  1.16
SKEW      0.86  0.82  0.62  0.84  0.67  0.65  0.68  1.01  0.74  0.76  0.92  0.79
% ESE     1.35  1.86  2.10  2.79  3.12  3.52  3.08  3.28  2.90  2.03  1.61  1.31
MEAN      2.77  3.01  3.31  3.63  3.54  3.67  3.39  3.18  3.43  3.09  2.87  2.78
STD DEV   1.03  1.17  1.29  1.38  1.33  1.41  1.35  1.19  1.42  1.25  1.01  1.00
SKEW      0.47  0.74  0.63  0.61  0.31  0.53  0.69  0.57  0.74  0.51  0.57  0.57
% SE      1.84  2.39  3.17  4.19  4.16  4.84  4.23  4.31  3.48  2.14  2.22  2.05
MEAN      2.58  2.81  3.27  3.54  3.07  3.27  3.20  3.08  2.97  2.78  2.75  2.73
STD DEV   1.00  1.23  1.54  1.65  1.20  1.35  1.29  1.38  1.24  1.07  1.23  1.28
SKEW      0.84  0.79  1.16  0.96  0.76  0.79  0.92  1.19  1.07  0.74  1.11  1.60
% SSE     1.27  1.82  2.09  2.98  2.43  2.75  3.04  2.54  1.75  1.31  1.57  1.26
MEAN      3.17  3.64  4.01  4.08  3.36  3.40  3.27  3.25  3.11  3.04  3.26  3.25
STD DEV   1.65  1.89  1.98  1.84  1.48  1.37  1.29  1.39  1.20  1.18  1.50  1.49
SKEW      1.17  1.03  0.82  0.46  0.78  0.80  0.51  1.21  0.60  0.49  0.88  0.80
% S       4.83  4.19  5.29  7.24  5.94  5.69  7.18  5.84  4.37  3.35  4.51  4.28
MEAN      3.51  3.80  4.05  3.99  3.40  3.40  3.32  3.14  3.02  3.20  3.66  3.61
STD DEV   1.80  1.93  1.95  1.71  1.43  1.49  1.42  1.36  1.22  1.50  1.85  1.91
SKEW      0.99  1.09  0.89  0.55  0.78  0.91  0.90  1.00  0.87  0.71  0.95  1.24
% SSW     5.63  5.38  6.09  7.55  5.80  5.57  7.74  5.49  3.49  3.04  4.83  4.90
MEAN      4.20  4.30  4.72  4.59  4.01  3.70  3.73  3.38  3.40  3.30  3.81  3.69
STD DEV   2.03  1.98  2.16  1.97  1.63  1.47  1.49  1.35  1.35  1.46  1.77  1.74
SKEW      0.79  0.63  0.64  0.71  0.56  0.54  0.72  0.74  0.69  0.91  0.83  0.87
% SW     12.15 11.03 11.04 13.47 11.22 10.89 13.94  9.34  6.28  6.21 11.19 11.70
MEAN      4.16  4.40  4.72  4.67  3.91  3.79  3.68  3.26  3.21  3.29  3.93  4.04
STD DEV   2.00  2.15  2.26  2.16  1.73  1.66  1.53  1.28  1.44  1.50  1.93  1.91
SKEW      0.76  0.72  0.64  0.65  0.85  0.79  0.84  0.87  1.05  0.95  0.90  0.90
% WSW     9.54  8.45  8.92  9.31  7.69  7.35  8.14  5.26  3.67  4.59  8.07  8.86
MEAN      4.68  5.02  5.23  5.42  4.41  4.03  3.83  3.34  3.44  3.69  4.35  4.47
STD DEV   2.17  2.34  2.51  2.53  1.90  1.76  1.57  1.44  1.48  1.84  2.12  2.08
SKEW      0.55  0.54  0.67  0.59  0.61  0.69  0.67  0.98  0.90  0.95  0.69  0.70
% W       8.25  7.31  8.05  7.43  6.93  7.23  6.67  5.54  3.70  4.81  7.42  7.66
MEAN      4.23  4.27  4.72  4.73  3.89  3.62  3.40  3.19  3.12  3.40  4.01  4.08
STD DEV   2.13  2.14  2.46  2.46  1.99  1.75  1.55  1.37  1.40  1.70  2.08  2.05
SKEW      0.69  0.82  0.88  0.64  0.92  0.94  0.88  0.89  1.01  0.93  0.91  0.80
% WNW     4.65  4.85  5.71  4.73  4.04  3.91  3.22  3.16  2.19  2.93  4.69  4.23
MEAN      4.63  4.81  5.45  5.31  4.22  3.90  3.50  3.20  3.27  3.78  4.63  4.65
STD DEV   2.27  2.31  2.58  2.53  2.03  1.75  1.53  1.40  1.39  1.78  2.38  2.43
SKEW      0.53  0.61  0.36  0.58  0.72  0.69  0.75  0.85  0.88  0.95  0.64  0.67
% NW      6.07  5.57  5.81  4.69  5.08  4.59  3.58  3.91  3.46  4.51  5.71  4.76
MEAN      3.98  4.17  4.53  4.19  3.62  3.41  3.10  3.01  3.05  3.37  3.90  3.89
STD DEV   1.88  1.98  2.19  1.98  1.79  1.56  1.38  1.28  1.42  1.56  1.90  1.93
SKEW      0.89  0.89  0.68  0.76  1.12  1.03  1.06  1.04  1.04  1.13  1.02  1.32
% NNW     3.73  3.78  4.08  3.10  2.81  2.68  2.09  2.81  2.86  3.94  4.19  3.34
MEAN      3.84  4.02  3.95  4.41  3.35  3.44  3.15  3.20  3.24  3.48  3.74  3.42
STD DEV   1.67  1.83  1.78  1.87  1.36  1.39  1.27  1.50  1.44  1.39  1.67  1.38
SKEW      0.66  0.64  0.70  0.52  0.71  0.68  0.91  1.00  0.89  0.84  0.87  0.84
CALM     13.37 10.98  9.49  9.48 11.90 11.09 11.49 13.68 14.00 16.06 15.81 14.77
COLUMBIA      SC    0.424  SPARTANBURG   SC    0.332  ANDERSON      SC    0.244
 ORANGEBURG 2 SE SC                      386527 0
 LATT=  33.47 LONG= -80.83 YEARS= 44. TYPE= 3
 ELEVATION =   20. TP5 = 2.90 TP6= 6.63
 MEAN P   0.37  0.42  0.44  0.40  0.43  0.45  0.46  0.51  0.49  0.45  0.36  0.34
 S DEV P  0.42  0.45  0.55  0.51  0.52  0.54  0.58  0.74  0.89  0.84  0.49  0.39
 SQEW  P  1.81  1.82  2.10  2.25  2.21  2.06  2.61  3.22  4.53  6.23  2.23  1.71
 P(W/W)   0.51  0.45  0.45  0.43  0.47  0.47  0.50  0.47  0.50  0.48  0.38  0.44
 P(W/D)   0.24  0.26  0.25  0.19  0.21  0.25  0.32  0.27  0.19  0.14  0.19  0.24
 TMAX AV 55.35 59.68 67.34 76.62 83.29 88.32 90.91 90.00 85.02 76.18 67.84 58.98
 TMIN AV 32.84 35.69 42.71 50.75 58.93 66.06 69.79 69.15 63.62 51.35 42.18 35.19
 SD TMAX 10.84 10.97 10.35  8.40  6.98  5.94  5.12  5.62  6.83  7.57  8.89 10.37
 SD TMIN  9.95 10.13  9.70  8.41  6.97  5.05  3.25  3.70  6.48  9.51 10.09 10.38
 SOL.RAD  243.  307.  381.  504.  545.  560.  519.  496.  401.  333.  278.  219.
 SD SOL   36.8  46.6  63.6  63.2  76.6  82.8  90.6 152.4  83.8  48.4  31.4  36.0
 MX .5 P  0.54  0.69  1.04  0.92  1.45  1.85  1.58  1.67  1.77  0.89  0.71  0.42
 DEW PT  37.37 37.66 42.09 50.37 59.62 66.85 70.09 69.81 65.37 54.37 44.13 36.37
Time Pk  0.538 0.646 0.706 0.781 0.802 0.817 0.843 0.862 0.878 0.915 0.952 1.000
% N       6.96  5.71  4.74  4.46  4.25  4.43  3.08  4.48  6.73  9.14  7.26  6.09
MEAN      3.58  3.72  3.74  4.05  3.65  3.50  2.92  3.01  3.48  3.48  3.28  3.33
STD DEV   1.73  1.69  1.77  2.07  1.76  1.59  1.33  1.38  1.80  1.67  1.68  1.76
SKEW      0.60  0.60  0.48  0.62  0.64  0.64  0.61  0.79  0.85  0.69  0.98  1.00
% NNE     6.47  5.50  3.77  3.54  4.56  4.82  3.17  5.19  9.53 10.73  6.64  5.54
MEAN      3.99  3.90  3.94  4.19  4.22  3.71  3.24  3.58  3.91  4.02  3.77  3.56
STD DEV   1.68  1.57  1.69  1.70  1.91  1.53  1.44  1.53  1.63  1.73  1.60  1.64
SKEW      0.33  0.34  0.21  0.07  0.62  0.43  0.64  0.64  0.41  0.55  0.44  0.70
% NE      6.77  6.80  4.24  4.37  5.55  6.03  4.37  6.27 10.80 10.75  5.71  5.03
MEAN      3.95  3.85  3.91  4.00  3.84  3.75  3.47  3.65  3.97  4.10  3.60  3.66
STD DEV   1.75  1.55  1.69  1.73  1.68  1.53  1.43  1.54  1.64  1.83  1.55  1.59
SKEW      0.44  0.22  0.34  0.21  0.46  0.28  0.48  0.47  0.43  0.65  0.49  0.40
% ENE     5.10  5.57  4.13  4.23  5.16  5.81  3.77  5.57  8.73  7.43  3.89  4.96
MEAN      3.62  3.89  3.85  3.89  3.82  3.85  3.41  3.55  3.79  3.84  3.69  3.50
STD DEV   1.58  1.57  1.71  1.68  1.63  1.63  1.36  1.52  1.56  1.59  1.64  1.53
SKEW      0.55  0.24  0.50  0.51  0.43  0.28  0.38  0.60  0.45  0.46  0.56  0.39
% E       4.30  4.60  5.58  5.25  6.44  6.80  5.49  5.77  7.51  6.35  3.51  4.29
MEAN      3.21  3.58  3.60  3.68  3.64  3.75  3.59  3.36  3.64  3.60  3.21  3.19
STD DEV   1.52  1.54  1.64  1.71  1.57  1.80  1.58  1.49  1.54  1.57  1.53  1.47
SKEW      0.80  0.42  0.53  0.41  0.32  0.58  0.50  0.56  0.48  0.48  0.61  0.66
% ESE     2.41  2.84  4.43  5.23  4.64  4.72  4.68  4.15  4.60  3.67  2.83  2.69
MEAN      2.86  3.49  3.67  3.68  3.62  3.53  3.42  3.20  3.40  3.36  3.15  2.91
STD DEV   1.30  1.59  1.76  1.63  1.52  1.56  1.54  1.42  1.54  1.47  1.42  1.29
SKEW      0.69  0.59  0.59  0.28  0.44  0.50  0.43  0.48  0.53  0.32  0.44  0.54
% SE      2.87  3.02  4.41  5.87  5.08  5.78  5.42  5.30  4.67  3.02  2.86  3.10
MEAN      2.87  3.27  3.35  3.66  3.42  3.43  3.22  2.95  3.06  2.99  2.88  3.13
STD DEV   1.23  1.71  1.65  1.70  1.43  1.58  1.48  1.34  1.37  1.37  1.36  1.40
SKEW      0.53  0.78  0.69  0.48  0.30  0.64  0.75  0.65  0.75  0.53  0.76  0.61
% SSE     2.61  3.10  3.93  6.09  5.47  6.27  6.65  6.25  4.17  2.30  2.80  3.63
MEAN      2.89  3.56  3.67  3.62  3.15  3.18  3.06  3.00  2.87  2.76  2.94  3.23
STD DEV   1.36  1.99  1.73  1.59  1.52  1.42  1.34  1.40  1.28  1.21  1.35  1.53
SKEW      0.67  1.00  0.50  0.46  0.81  0.59  0.80  0.85  0.91  0.57  0.51  0.78
% S       3.98  4.62  6.18  8.16  7.41  7.83  9.27  6.95  3.90  2.35  3.82  4.55
MEAN      3.27  3.48  3.92  3.65  3.12  3.03  3.01  2.88  2.64  2.62  2.95  3.61
STD DEV   1.69  1.76  1.92  1.75  1.41  1.43  1.33  1.29  1.15  1.21  1.48  1.75
SKEW      0.77  0.82  0.46  0.58  0.68  0.81  0.67  0.78  0.70  0.81  0.90  0.52
% SSW     4.42  5.36  6.02  6.93  5.92  6.03  8.12  6.03  2.66  2.16  3.87  4.13
MEAN      3.90  4.08  4.24  4.19  3.36  3.17  3.31  3.03  2.96  2.93  3.64  3.96
STD DEV   1.87  1.73  2.01  1.85  1.47  1.39  1.35  1.28  1.16  1.18  1.76  1.90
SKEW      0.47  0.53  0.65  0.44  0.71  0.65  0.51  0.71  0.51  0.52  0.51  0.38
% SW      5.47  6.05  5.98  6.44  6.39  5.69  8.88  5.86  3.02  2.96  4.80  4.55
MEAN      4.02  4.19  4.28  4.29  3.71  3.58  3.58  3.15  3.18  3.25  3.55  3.81
STD DEV   1.91  1.87  2.06  1.92  1.75  1.46  1.45  1.30  1.34  1.53  1.74  1.88
SKEW      0.49  0.37  0.57  0.39  0.80  0.33  0.35  0.56  0.44  0.78  0.64  0.59
% WSW     6.72  6.89  6.94  6.71  6.67  5.62  6.73  4.87  2.85  3.38  5.37  6.58
MEAN      4.33  4.59  5.07  4.87  4.02  3.73  3.72  3.50  3.51  3.85  4.05  4.35
STD DEV   1.95  2.26  2.37  2.24  1.88  1.51  1.49  1.43  1.46  1.88  1.94  2.10
SKEW      0.51  1.34  0.67  0.85  0.84  0.27  0.26  0.45  0.24  0.73  0.66  0.63
% W       9.84 10.98 11.94  8.21  6.79  5.77  6.12  4.68  3.27  5.21 10.05 10.39
MEAN      5.05  5.22  5.46  5.23  4.10  3.82  3.59  3.25  3.35  3.72  4.48  4.72
STD DEV   2.41  2.77  2.56  2.60  1.95  1.71  1.52  1.40  1.64  2.07  2.30  2.38
SKEW      0.67  0.95  0.46  0.67  0.61  0.50  0.51  0.47  0.62  1.01  0.65  0.69
% WNW     6.39  6.79  6.58  5.26  4.25  3.04  2.83  2.52  2.11  3.46  5.71  6.60
MEAN      4.75  5.10  5.12  5.10  4.04  3.73  3.55  3.34  3.33  3.46  4.40  4.30
STD DEV   2.28  2.40  2.38  2.43  1.87  1.74  1.52  1.57  1.61  1.59  2.21  2.14
SKEW      0.56  0.44  0.43  0.59  0.47  0.47  0.35  0.66  1.00  0.47  0.58  0.63
% NW      4.81  4.69  4.28  3.15  3.19  2.49  2.05  2.37  2.59  4.31  4.66  4.94
MEAN      3.85  4.25  4.42  4.02  3.16  3.41  3.02  3.05  3.11  3.06  3.56  3.67
STD DEV   1.87  2.33  2.40  2.04  1.56  1.54  1.34  1.55  1.45  1.49  1.86  1.94
SKEW      0.56  0.88  0.73  0.68  0.62  0.71  0.42  1.00  0.61  0.81  0.81  0.80
% NNW     5.22  5.18  4.07  3.35  3.02  2.82  2.42  2.89  3.73  5.65  5.41  5.09
MEAN      3.57  3.91  3.83  3.80  3.33  3.16  2.99  3.27  2.86  3.24  3.35  3.44
STD DEV   1.78  1.89  1.90  1.69  1.60  1.67  1.76  1.54  1.39  1.64  1.81  1.76
SKEW      0.73  0.69  0.75  0.40  0.57  1.24  1.72  0.92  1.07  1.15  1.17  1.07
CALM     15.65 12.32 12.69 12.80 15.21 15.94 17.08 20.91 19.16 17.16 20.82 17.98
EASTOVER      SC    0.523  CHARLESTON    SC    0.249  AUGUSTA/BUSH  GA    0.229
 SANTUCK 4 SE SC                         387722 0
 LATT=  34.63 LONG= -81.50 YEARS= 62. TYPE= 3
 ELEVATION =  510. TP5 = 2.71 TP6= 6.25
 MEAN P   0.46  0.45  0.50  0.42  0.42  0.43  0.45  0.53  0.56  0.54  0.43  0.44
 S DEV P  0.52  0.49  0.53  0.47  0.53  0.51  0.56  0.74  0.76  0.74  0.51  0.49
 SQEW  P  2.44  1.86  1.80  2.27  2.94  2.02  2.50  3.17  2.42  3.18  2.35  2.02
 P(W/W)   0.46  0.43  0.41  0.42  0.46  0.43  0.48  0.45  0.46  0.42  0.39  0.40
 P(W/D)   0.22  0.25  0.27  0.21  0.20  0.23  0.27  0.21  0.16  0.13  0.18  0.23
 TMAX AV 54.27 57.88 65.55 74.79 82.19 88.65 90.55 89.31 83.86 74.57 64.57 55.58
 TMIN AV 32.35 33.80 40.05 48.36 57.00 64.50 68.25 67.29 61.61 49.60 40.14 33.58
 SD TMAX 10.37 10.04  9.77  8.23  6.83  6.07  5.73  5.68  7.25  7.77  8.94  9.67
 SD TMIN 11.01 10.62 10.33  8.90  7.20  5.37  3.68  4.21  7.07  9.48 10.80 10.74
 SOL.RAD  216.  288.  365.  483.  538.  565.  538.  492.  407.  328.  257.  207.
 SD SOL   44.4  52.3  70.4  73.5  84.1  86.9  89.4 193.9  84.6  49.4  36.7  38.1
 MX .5 P  0.51  0.48  0.77  1.00  1.25  1.28  1.73  1.43  1.86  0.67  0.73  0.40
 DEW PT  32.62 32.62 37.63 46.29 56.31 64.31 67.65 67.31 61.64 50.98 39.96 32.98
Time Pk  0.546 0.644 0.694 0.767 0.788 0.806 0.831 0.847 0.868 0.904 0.935 1.000
% N       6.57  6.34  5.97  5.36  6.38  6.25  5.13  7.68  9.03 10.20  8.14  7.00
MEAN      3.55  3.62  3.78  4.09  3.51  3.32  3.21  3.28  3.39  3.59  3.50  3.40
STD DEV   1.56  1.58  1.59  1.87  1.53  1.32  1.33  1.37  1.50  1.43  1.49  1.46
SKEW      0.94  0.94  0.73  0.88  1.06  0.72  1.03  0.97  1.44  0.87  0.95  0.87
% NNE     6.80  7.92  6.97  4.74  6.00  6.24  4.82  8.22 11.73 12.93  7.71  7.35
MEAN      4.04  4.11  4.23  4.36  3.89  3.67  3.68  3.76  4.14  4.25  4.01  3.98
STD DEV   1.81  1.73  1.70  1.92  1.61  1.53  1.55  1.61  1.76  1.76  1.72  1.88
SKEW      0.67  0.58  0.46  0.89  0.66  0.65  0.79  0.72  0.83  0.59  0.63  1.16
% NE      7.64  9.95  8.08  5.47  7.64  7.37  6.63  8.41 13.26 11.59  7.46  9.20
MEAN      3.94  3.97  4.01  3.96  3.82  3.68  3.54  3.53  3.95  4.03  3.56  3.64
STD DEV   1.83  1.66  1.67  1.81  1.60  1.55  1.55  1.49  1.69  1.73  1.55  1.55
SKEW      0.74  0.54  0.57  1.03  0.66  0.71  0.72  0.78  0.78  0.61  0.79  0.68
% ENE     4.40  4.76  4.53  3.51  5.18  5.32  4.51  5.07  7.75  5.85  3.68  4.20
MEAN      3.63  3.74  4.00  3.90  3.88  3.69  3.57  3.43  3.78  3.75  3.36  3.37
STD DEV   1.55  1.65  1.69  1.67  1.65  1.51  1.50  1.49  1.53  1.59  1.50  1.41
SKEW      0.62  0.62  0.50  0.56  0.73  0.50  0.63  0.82  0.65  0.63  0.85  0.61
% E       3.00  3.77  4.08  3.71  5.22  5.19  4.63  5.09  5.63  3.98  3.00  3.11
MEAN      2.94  3.06  3.32  3.43  3.45  3.30  3.13  3.01  3.14  3.16  2.91  2.76
STD DEV   1.23  1.27  1.40  1.53  1.38  1.31  1.29  1.27  1.25  1.30  1.24  1.11
SKEW      0.75  0.79  0.61  0.83  0.58  0.54  0.73  0.92  0.68  0.67  0.98  0.75
% ESE     1.60  2.14  2.22  2.89  3.26  3.84  3.38  3.42  3.38  2.29  1.83  1.64
MEAN      2.54  2.79  3.11  3.42  3.37  3.21  3.06  3.01  3.12  2.89  2.79  2.61
STD DEV   0.97  1.18  1.26  1.32  1.29  1.29  1.16  1.19  1.25  1.17  1.08  0.94
SKEW      0.48  0.84  0.54  0.61  0.33  0.59  0.53  0.63  0.68  0.61  0.78  0.69
% SE      1.60  2.40  2.78  3.66  3.67  4.20  3.77  4.14  3.51  2.24  2.21  2.09
MEAN      2.44  2.74  3.09  3.41  3.08  3.10  3.12  2.93  2.87  2.66  2.66  2.71
STD DEV   0.88  1.15  1.38  1.54  1.21  1.24  1.29  1.25  1.21  1.00  1.23  1.32
SKEW      0.58  0.79  0.98  0.98  0.75  0.69  0.92  1.07  1.09  0.60  1.01  1.44
% SSE     1.66  2.33  2.55  3.82  3.05  3.30  3.68  3.31  2.61  2.10  2.40  2.13
MEAN      2.86  3.40  3.77  3.69  3.19  3.18  3.06  3.00  2.84  2.84  3.16  2.99
STD DEV   1.41  1.71  1.84  1.73  1.38  1.32  1.24  1.28  1.15  1.16  1.54  1.33
SKEW      1.25  1.17  0.96  0.63  0.76  0.78  0.63  1.29  0.79  0.62  1.09  1.07
% S       4.66  4.56  5.94  7.88  6.45  6.09  7.49  6.40  4.42  3.92  4.96  4.74
MEAN      3.56  3.76  4.06  3.96  3.40  3.46  3.29  3.14  3.04  3.12  3.75  3.65
STD DEV   1.80  1.86  1.98  1.66  1.39  1.51  1.34  1.30  1.22  1.38  1.84  1.94
SKEW      1.01  1.04  1.00  0.56  0.70  1.03  0.71  0.88  0.81  0.70  0.86  1.24
% SSW     7.07  6.23  7.18  9.20  7.13  6.70  8.47  6.34  4.10  3.88  5.86  6.17
MEAN      4.31  4.32  4.78  4.66  4.13  3.77  3.74  3.50  3.40  3.47  3.99  3.92
STD DEV   2.06  1.99  2.21  1.97  1.68  1.55  1.51  1.41  1.39  1.51  1.81  1.78
SKEW      0.74  0.63  0.66  0.68  0.59  0.57  0.73  0.72  0.63  0.86  0.72  0.69
% SW     12.49 10.95 11.48 14.13 11.61 11.21 14.32  9.59  6.62  6.89 10.90 12.07
MEAN      4.45  4.70  5.06  4.98  4.16  3.90  3.75  3.40  3.28  3.53  4.17  4.33
STD DEV   2.17  2.28  2.42  2.29  1.82  1.69  1.54  1.35  1.41  1.62  2.04  2.05
SKEW      0.81  0.76  0.55  0.63  0.83  0.73  0.80  0.76  0.91  0.89  0.89  0.84
% WSW     8.54  7.44  7.39  8.67  7.00  7.03  8.25  5.28  3.82  4.44  7.25  8.20
MEAN      4.61  4.82  5.13  5.17  4.25  3.90  3.74  3.29  3.29  3.60  4.24  4.33
STD DEV   2.24  2.37  2.60  2.48  1.89  1.77  1.56  1.45  1.45  1.74  2.14  2.07
SKEW      0.72  0.60  0.75  0.65  0.58  0.74  0.68  0.97  0.92  0.90  0.78  0.67
% W       5.94  5.48  6.01  5.65  5.48  6.14  5.55  4.80  3.34  3.98  5.46  5.97
MEAN      3.94  4.13  4.54  4.63  3.82  3.48  3.31  3.18  3.04  3.30  3.94  3.95
STD DEV   1.93  2.02  2.39  2.35  1.89  1.62  1.47  1.35  1.33  1.53  1.94  1.98
SKEW      0.78  0.88  0.99  0.72  0.94  0.99  0.78  0.85  0.84  0.80  0.89  0.90
% WNW     4.47  4.59  5.36  4.25  3.64  3.62  3.28  3.16  2.31  2.96  4.32  4.13
MEAN      4.42  4.69  5.16  4.85  3.84  3.53  3.25  2.98  3.11  3.65  4.33  4.57
STD DEV   2.22  2.25  2.50  2.41  1.84  1.62  1.40  1.33  1.35  1.77  2.15  2.50
SKEW      0.66  0.63  0.46  0.66  0.78  0.82  0.75  0.92  0.85  1.03  0.65  0.85
% NW      7.63  6.54  6.69  5.15  4.91  4.45  3.48  3.76  3.54  5.00  6.41  5.81
MEAN      4.50  4.75  4.88  4.45  3.68  3.38  3.13  3.04  3.17  3.58  4.38  4.44
STD DEV   2.12  2.27  2.27  2.08  1.73  1.55  1.48  1.32  1.55  1.62  2.11  2.19
SKEW      0.67  0.61  0.59  0.69  0.97  1.10  1.46  1.15  1.15  0.97  0.67  0.89
% NNW     5.57  5.34  5.42  4.35  4.02  3.94  3.13  4.08  3.83  5.72  6.11  4.77
MEAN      4.34  4.28  4.40  4.53  3.59  3.29  3.22  3.18  3.38  3.62  4.08  3.93
STD DEV   2.06  1.95  2.04  2.03  1.55  1.32  1.37  1.40  1.51  1.50  1.85  1.80
SKEW      0.79  0.57  0.64  0.68  0.84  0.99  0.92  1.04  0.97  0.99  0.77  0.76
CALM     10.30  9.29  7.39  7.50  9.43  9.19  9.56 11.24 11.23 12.03 12.33 11.35
SPARTANBURG   SC    0.449  CHARLOTTE     NC    0.276  COLUMBIA      SC    0.275
 SPARTANBURG WBAP SC                     388191 0
 LATT=  34.92 LONG= -81.95 YEARS= 15. TYPE= 3
 ELEVATION =  800. TP5 = 2.65 TP6= 6.33
 MEAN P   0.39  0.45  0.43  0.50  0.34  0.42  0.35  0.45  0.54  0.40  0.42  0.43
 S DEV P  0.46  0.50  0.51  0.64  0.40  0.59  0.41  0.64  0.81  0.65  0.54  0.55
 SQEW  P  1.79  2.06  2.32  1.86  2.36  2.11  2.07  2.75  2.44  3.40  2.77  2.12
 P(W/W)   0.44  0.52  0.53  0.48  0.49  0.48  0.48  0.45  0.54  0.55  0.44  0.43
 P(W/D)   0.22  0.24  0.26  0.21  0.19  0.24  0.28  0.24  0.17  0.14  0.17  0.22
 TMAX AV 53.11 56.29 60.65 71.85 80.61 86.70 89.19 88.25 81.37 72.67 61.81 52.69
 TMIN AV 34.20 36.11 39.65 49.20 58.92 65.79 69.08 67.99 61.96 51.49 40.12 33.82
 SD TMAX 10.33  9.94 10.44  9.28  7.94  6.51  4.99  5.42  8.01  8.39  9.62  9.43
 SD TMIN  9.63  8.86  8.78  8.29  6.26  4.75  3.03  3.52  6.25  8.13  9.31  9.22
 SOL.RAD  213.  287.  364.  480.  538.  568.  544.  494.  409.  329.  254.  206.
 SD SOL   47.0  54.7  73.6  77.6  87.9  90.2  91.7 222.1  86.8  50.7  38.5  39.3
 MX .5 P  0.47  0.43  0.72  1.16  1.31  1.23  1.66  1.39  1.91  0.64  0.80  0.41
 DEW PT  31.00 30.76 36.11 44.59 55.02 63.50 66.85 66.02 59.71 49.78 37.39 31.78
Time Pk  0.559 0.657 0.706 0.773 0.792 0.803 0.832 0.851 0.867 0.900 0.936 1.000
% N       6.77  6.33  6.20  5.93  7.73  7.20  6.33  9.53 10.37 11.18  9.10  7.63
MEAN      3.25  3.26  3.41  3.76  3.20  3.04  2.89  2.93  3.11  3.20  3.20  3.09
STD DEV   1.42  1.53  1.43  1.96  1.43  1.18  1.28  1.17  1.38  1.19  1.35  1.37
SKEW      1.06  1.24  0.71  1.15  1.42  0.60  1.36  0.96  1.63  0.92  1.06  1.19
% NNE     8.10  9.47  8.27  5.20  6.57  6.27  5.13  9.04 12.19 13.88  8.00  8.10
MEAN      4.05  3.98  4.28  4.05  3.62  3.54  3.57  3.52  4.11  4.08  3.79  3.93
STD DEV   1.89  1.80  1.80  1.94  1.54  1.56  1.64  1.63  1.87  1.78  1.63  2.03
SKEW      0.68  0.65  0.44  1.10  0.75  0.73  0.87  0.88  0.78  0.71  0.56  1.53
% NE      7.87 11.83  9.77  6.20  8.67  7.77  7.70  8.67 13.94 12.62  7.93 10.23
MEAN      4.01  3.92  4.05  3.91  3.58  3.64  3.49  3.47  3.93  4.07  3.54  3.62
STD DEV   1.93  1.83  1.81  1.91  1.57  1.58  1.68  1.57  1.77  1.85  1.67  1.64
SKEW      0.67  0.68  0.56  1.30  0.72  0.75  0.86  0.78  0.72  0.68  0.95  0.65
% ENE     4.03  4.07  3.70  2.77  4.10  4.50  3.83  4.24  7.20  5.96  3.00  3.97
MEAN      3.64  3.85  4.02  4.01  4.01  3.89  3.73  3.40  4.00  3.88  3.40  3.35
STD DEV   1.61  1.82  1.84  1.85  1.82  1.62  1.64  1.58  1.70  1.67  1.66  1.51
SKEW      0.47  0.45  0.45  0.55  0.84  0.29  0.44  0.81  0.61  0.53  1.01  0.55
% E       2.63  3.17  3.50  3.23  5.03  5.00  4.10  5.00  5.05  3.87  2.60  2.87
MEAN      2.86  2.99  3.23  3.33  3.52  3.33  3.06  2.98  3.12  3.08  2.81  2.60
STD DEV   1.31  1.32  1.50  1.68  1.45  1.37  1.36  1.33  1.34  1.34  1.29  1.10
SKEW      0.69  0.84  0.69  0.93  0.52  0.45  0.70  1.06  0.66  0.61  1.21  0.60
% ESE     1.10  1.57  1.43  2.07  2.23  2.90  2.07  2.54  2.62  1.72  1.20  1.03
MEAN      2.31  2.53  2.76  3.29  3.18  3.17  2.90  2.82  3.02  2.73  2.64  2.44
STD DEV   1.09  1.10  1.12  1.31  1.30  1.42  1.13  1.19  1.35  1.34  0.99  0.95
SKEW      0.56  0.93  0.22  0.49  0.11  0.53  0.36  0.46  0.73  0.84  0.56  0.65
% SE      1.10  2.00  2.67  3.33  3.37  3.70  2.93  3.64  2.96  1.92  1.83  1.67
MEAN      2.13  2.48  2.82  3.22  2.89  2.98  3.06  2.75  2.75  2.46  2.42  2.78
STD DEV   0.78  1.06  1.38  1.49  1.17  1.18  1.46  1.27  1.31  0.89  1.21  1.75
SKEW      0.61  0.63  1.21  1.00  0.69  0.55  1.39  1.24  1.49  0.47  0.99  2.37
% SSE     0.97  1.53  2.03  2.60  1.83  2.17  2.20  2.21  1.59  1.46  1.87  1.30
MEAN      2.47  3.30  3.78  3.43  3.02  3.25  2.99  2.93  2.87  2.80  3.01  2.71
STD DEV   1.31  1.81  1.98  1.68  1.38  1.36  1.24  1.31  1.19  1.10  1.54  1.15
SKEW      1.43  1.34  1.14  0.44  0.73  0.66  0.32  1.46  0.45  0.48  1.03  1.28
% S       3.93  3.70  4.90  6.43  5.80  4.77  6.07  5.10  3.98  3.85  4.77  3.93
MEAN      3.46  3.48  3.67  3.83  3.32  3.58  3.25  3.12  3.08  3.18  3.78  3.68
STD DEV   1.90  1.82  1.89  1.59  1.32  1.65  1.31  1.29  1.24  1.27  1.89  2.22
SKEW      1.20  1.34  1.26  0.49  0.52  1.11  0.53  0.85  0.63  0.42  0.87  1.60
% SSW     6.43  5.37  6.10  7.87  5.80  5.53  6.60  5.50  3.44  3.57  5.07  5.20
MEAN      4.22  4.07  4.74  4.67  4.22  3.85  3.87  3.61  3.54  3.57  4.07  3.75
STD DEV   2.06  1.92  2.29  2.01  1.55  1.58  1.56  1.42  1.31  1.47  1.73  1.65
SKEW      0.92  0.79  0.80  0.82  0.49  0.36  0.64  0.53  0.23  0.75  0.71  0.63
% SW     15.07 12.67 14.00 17.30 13.30 12.53 16.13 10.00  7.93  7.83 14.10 14.83
MEAN      4.63  4.81  5.28  5.10  4.36  4.06  3.79  3.42  3.37  3.69  4.39  4.58
STD DEV   2.24  2.39  2.54  2.39  1.86  1.85  1.54  1.31  1.44  1.57  2.11  2.24
SKEW      0.81  0.84  0.60  0.70  0.78  0.78  0.81  0.62  0.92  0.80  0.97  1.04
% WSW     8.83  7.10  7.77  9.63  6.90  7.70  9.37  5.05  4.17  4.21  7.50  8.43
MEAN      4.95  5.05  5.43  5.39  4.65  4.14  3.82  3.28  3.39  3.78  4.50  4.53
STD DEV   2.40  2.50  2.74  2.69  2.06  1.88  1.62  1.57  1.59  1.78  2.20  2.14
SKEW      0.64  0.57  0.75  0.80  0.52  0.66  0.59  1.07  1.01  0.74  0.64  0.68
% W       5.03  4.17  4.93  5.40  6.00  7.50  6.63  5.77  3.55  4.17  4.40  5.40
MEAN      3.78  3.70  4.19  4.59  3.81  3.48  3.36  3.28  3.05  3.38  3.85  3.85
STD DEV   1.77  1.84  2.42  2.36  1.96  1.55  1.58  1.40  1.27  1.45  1.81  1.95
SKEW      0.87  1.30  1.54  0.81  1.01  0.91  0.84  0.78  0.79  0.57  0.96  1.06
% WNW     3.73  3.50  4.40  4.03  3.43  3.67  3.47  3.34  2.16  2.60  3.90  3.57
MEAN      4.56  4.68  5.07  4.73  3.85  3.43  3.25  2.99  3.13  3.98  4.47  4.95
STD DEV   2.28  2.35  2.56  2.50  2.01  1.53  1.49  1.31  1.37  1.90  2.21  2.67
SKEW      0.55  0.91  0.42  0.82  1.05  0.52  0.59  0.80  0.88  0.97  0.70  0.70
% NW      9.37  7.90  8.07  5.87  5.57  4.77  3.60  3.67  4.01  5.52  7.63  6.77
MEAN      4.92  5.38  5.32  4.44  3.72  3.46  3.10  2.98  3.22  3.83  5.00  4.99
STD DEV   2.27  2.55  2.42  2.02  1.86  1.60  1.46  1.22  1.69  1.69  2.31  2.51
SKEW      0.59  0.46  0.44  0.77  1.15  1.09  1.15  1.01  1.10  0.86  0.47  0.96
% NNW     5.30  5.73  5.07  4.27  3.97  3.87  3.13  4.14  3.72  5.54  6.03  4.37
MEAN      4.46  4.51  4.49  4.65  3.43  3.11  3.10  2.91  3.23  3.56  4.25  4.03
STD DEV   2.21  2.19  2.23  2.25  1.59  1.28  1.42  1.15  1.36  1.47  1.97  2.00
SKEW      0.80  0.61  0.66  0.80  1.00  1.00  1.05  0.92  0.86  1.08  0.75  0.87
CALM      9.67  9.77  7.23  7.80  9.77 10.17 10.67 12.47 11.15 10.13 11.13 10.60
SPARTANBURG   SC    1.000  GREENVILLE    SC    0.000  CHARLOTTE     NC    0.000
 YEMASSEE 4 W SC                         389469 0
 LATT=  32.70 LONG= -80.92 YEARS= 62. TYPE= 4
 ELEVATION =   20. TP5 = 3.06 TP6= 6.27
 MEAN P   0.40  0.47  0.50  0.50  0.52  0.55  0.53  0.58  0.55  0.51  0.37  0.43
 S DEV P  0.45  0.54  0.58  0.66  0.72  0.71  0.64  0.87  0.83  0.78  0.55  0.49
 SQEW  P  2.48  2.38  2.88  2.84  3.78  2.84  2.70  3.76  3.14  4.46  3.17  2.08
 P(W/W)   0.40  0.36  0.41  0.34  0.40  0.47  0.52  0.51  0.49  0.43  0.35  0.35
 P(W/D)   0.20  0.22  0.21  0.19  0.20  0.24  0.31  0.28  0.20  0.12  0.15  0.17
 TMAX AV 60.98 63.81 70.38 78.32 85.26 90.35 92.00 90.94 86.67 78.44 69.85 62.29
 TMIN AV 36.85 38.31 44.36 51.27 59.00 66.11 69.39 68.83 64.34 53.07 43.43 37.44
 SD TMAX 11.01 10.33  9.86  7.49  6.02  5.43  4.48  4.67  6.01  7.82  8.88 10.18
 SD TMIN 11.11 10.71  9.88  8.18  6.74  4.86  3.23  3.50  5.85  9.35 10.89 10.72
 SOL.RAD  246.  308.  387.  515.  557.  568.  531.  507.  414.  347.  285.  217.
 SD SOL   39.8  49.9  64.8  61.6  74.0  81.0  87.6 152.0  82.1  47.0  32.9  40.4
 MX .5 P  0.62  0.64  0.64  1.17  1.55  1.63  1.75  1.55  1.68  1.44  0.62  0.68
 DEW PT  40.10 40.86 44.33 52.70 61.93 68.30 71.53 71.17 67.30 56.70 46.46 39.10
Time Pk  0.517 0.642 0.707 0.779 0.801 0.818 0.839 0.864 0.881 0.919 0.959 1.000
% N       6.84  6.25  4.43  4.34  4.58  4.68  3.41  5.53  8.33 10.71  8.69  7.14
MEAN      3.61  3.90  3.76  3.98  3.64  3.16  2.77  2.82  3.17  3.42  3.33  3.30
STD DEV   1.77  1.80  1.88  2.06  1.90  1.49  1.49  1.48  1.70  1.80  1.72  1.63
SKEW      0.76  0.61  0.68  0.75  0.90  0.73  1.11  1.27  1.35  0.91  0.89  0.78
% NNE     7.19  5.85  4.19  3.47  4.45  5.46  3.53  5.88 12.65 12.85  8.78  8.00
MEAN      3.83  4.28  3.97  3.97  3.94  3.52  3.08  3.25  3.85  4.00  3.80  3.82
STD DEV   1.78  1.93  1.86  1.83  1.88  1.63  1.44  1.50  1.80  1.91  1.80  1.80
SKEW      0.55  0.41  0.50  0.52  0.59  0.82  0.68  0.65  0.59  0.63  0.59  0.61
% NE      6.45  6.24  4.72  3.56  4.56  5.80  3.98  6.55 11.43 10.89  6.38  6.49
MEAN      3.84  4.10  3.97  3.87  3.73  3.76  3.19  3.59  3.99  3.94  3.61  3.80
STD DEV   1.71  1.78  1.81  1.73  1.71  1.61  1.46  1.61  1.81  1.79  1.67  1.75
SKEW      0.39  0.36  0.45  0.34  0.55  0.42  0.62  0.50  0.53  0.49  0.63  0.53
% ENE     3.99  5.14  4.18  3.70  4.04  4.14  3.10  4.26  7.24  5.83  4.29  3.78
MEAN      3.66  4.09  4.21  4.15  3.85  3.71  3.41  3.47  3.80  3.78  3.45  3.70
STD DEV   1.67  1.79  1.80  1.74  1.71  1.65  1.55  1.59  1.81  1.65  1.62  1.63
SKEW      0.48  0.36  0.44  0.38  0.40  0.39  0.46  0.54  0.89  0.44  0.75  0.35
% E       3.19  3.81  4.96  5.30  5.71  5.44  4.18  4.79  7.16  5.43  3.39  2.78
MEAN      3.22  3.57  3.84  3.98  3.90  3.90  3.44  3.39  3.67  3.50  3.26  2.95
STD DEV   1.58  1.68  1.86  2.01  1.94  1.93  1.82  1.58  1.74  1.71  1.55  1.39
SKEW      0.61  0.54  0.51  0.55  0.58  0.59  0.78  0.51  0.62  0.46  0.56  0.52
% ESE     2.44  2.56  3.80  4.70  5.37  4.92  4.12  4.15  5.00  3.35  2.75  2.10
MEAN      2.99  3.46  3.89  4.13  3.98  4.10  3.59  3.49  3.82  3.53  3.23  3.04
STD DEV   1.47  1.55  1.87  1.98  1.78  1.81  1.65  1.62  1.72  1.66  1.56  1.37
SKEW      0.69  0.57  0.44  0.74  0.33  0.34  0.39  0.48  0.46  0.37  0.58  0.57
% SE      2.59  2.83  3.98  5.27  5.45  5.19  4.82  4.48  4.00  2.54  2.57  2.71
MEAN      2.93  3.43  3.73  3.98  3.78  3.55  3.36  3.38  3.61  3.11  2.97  2.81
STD DEV   1.43  1.74  1.81  1.85  1.70  1.51  1.56  1.54  1.67  1.50  1.43  1.38
SKEW      0.76  0.74  0.76  0.53  0.50  0.30  0.46  0.50  0.58  0.53  0.74  0.84
% SSE     2.64  3.28  4.69  5.97  6.18  6.38  5.97  5.39  3.86  2.19  2.74  2.63
MEAN      3.23  3.70  3.98  4.01  3.87  3.86  3.54  3.43  3.50  3.10  3.28  3.27
STD DEV   1.75  1.90  1.89  1.83  1.70  1.77  1.54  1.58  1.71  1.49  1.70  1.65
SKEW      1.19  0.85  0.55  0.44  0.40  0.74  0.49  0.66  0.78  0.64  1.20  0.68
% S       5.26  6.59  9.03 10.99 10.70 10.50 11.20  9.27  4.74  3.57  4.81  5.10
MEAN      3.69  4.29  4.48  4.49  3.97  3.77  3.61  3.42  3.11  3.11  3.50  3.66
STD DEV   1.95  2.12  2.18  2.08  1.72  1.73  1.61  1.54  1.55  1.46  1.84  1.89
SKEW      0.78  0.77  0.57  0.51  0.42  0.59  0.45  0.48  0.79  0.66  0.93  0.73
% SSW     5.93  7.40  8.22  9.67  8.78  8.73 10.80  7.77  3.49  2.42  4.44  5.58
MEAN      4.14  4.62  4.64  4.63  3.93  3.62  3.64  3.35  3.24  3.20  4.06  4.20
STD DEV   2.00  2.20  2.17  2.15  1.73  1.56  1.54  1.47  1.60  1.58  2.07  2.23
SKEW      0.62  0.67  0.66  0.67  0.60  0.50  0.48  0.61  0.95  0.73  0.66  1.74
% SW      6.12  6.25  5.86  7.34  7.17  7.34 10.51  7.54  3.09  2.96  4.66  5.74
MEAN      3.83  4.05  4.21  4.31  3.90  3.71  3.66  3.30  3.30  3.18  3.72  3.84
STD DEV   1.88  1.91  1.97  1.92  1.71  1.53  1.49  1.38  1.73  1.63  1.91  1.98
SKEW      0.96  0.66  0.64  0.60  0.64  0.47  0.44  0.39  1.71  0.81  0.82  0.81
% WSW     6.89  6.37  5.98  7.10  6.66  7.04  9.25  7.10  3.03  3.55  5.06  6.47
MEAN      4.12  4.38  4.46  4.74  3.85  3.82  3.66  3.37  3.19  3.39  3.77  3.82
STD DEV   1.99  2.31  2.22  2.15  1.74  1.59  1.50  1.45  2.04  1.69  1.92  1.82
SKEW      0.72  1.03  0.86  0.55  0.67  0.44  0.47  0.55  3.07  0.95  0.82  0.73
% W       9.63 10.25  9.25  7.73  6.58  6.40  7.23  5.45  3.50  5.15  8.84  9.70
MEAN      4.67  5.29  5.15  5.03  4.06  3.75  3.57  3.14  3.00  3.51  4.45  4.43
STD DEV   2.33  2.77  2.67  2.49  1.96  1.70  1.62  1.48  1.55  1.95  2.45  2.36
SKEW      0.58  0.74  0.61  0.51  0.52  0.37  0.46  0.63  0.71  0.87  0.83  0.80
% WNW     7.69  8.31  8.14  5.86  4.34  3.25  2.95  2.61  2.38  3.78  6.42  7.17
MEAN      4.94  5.53  5.69  5.30  4.20  3.50  3.35  3.21  3.23  3.67  4.60  4.69
STD DEV   2.40  2.62  2.70  2.50  1.90  1.67  1.55  1.62  1.74  1.94  2.30  2.33
SKEW      0.49  0.44  0.49  0.41  0.56  0.69  0.48  0.65  0.70  0.69  0.47  0.53
% NW      6.13  5.64  5.53  3.52  3.44  2.55  2.05  2.70  2.86  4.93  5.60  6.32
MEAN      4.09  4.48  4.66  4.44  3.44  3.13  2.94  2.94  3.15  3.16  3.76  3.95
STD DEV   2.06  2.18  2.31  2.22  1.56  1.63  1.61  1.60  2.12  1.61  1.93  1.97
SKEW      0.61  0.58  0.55  0.58  0.45  0.99  1.64  0.91  3.18  0.84  0.71  0.72
% NNW     5.38  4.50  4.20  3.31  3.17  2.82  2.13  3.01  3.92  6.11  5.24  5.02
MEAN      3.62  3.98  4.06  4.01  3.43  3.03  2.87  3.12  3.03  3.35  3.29  3.38
STD DEV   1.86  1.84  1.95  1.94  1.59  1.62  1.54  1.73  1.67  1.82  1.72  1.82
SKEW      0.75  0.58  0.59  0.52  0.53  1.45  1.00  1.02  1.18  0.99  0.94  1.12
CALM     11.66  8.66  8.85  8.19  8.81  9.41 10.91 13.53 13.32 13.77 15.33 13.22
BEAUFORT      SC    0.569  CHARLESTON    SC    0.253  AUGUSTA/BUSH  GA    0.177
