 ALLARDT TN                              40  81 0
 LATT=  36.38 LONG= -84.88 YEARS= 64. TYPE= 3
 ELEVATION = 1670. TP5 = 2.38 TP6= 4.73
 MEAN P   0.40  0.42  0.44  0.38  0.40  0.43  0.45  0.41  0.45  0.39  0.43  0.42
 S DEV P  0.47  0.51  0.52  0.43  0.49  0.56  0.53  0.50  0.59  0.48  0.53  0.52
 SQEW  P  2.31  2.77  2.53  2.37  2.78  3.62  2.26  2.13  3.09  2.86  2.51  2.71
 P(W/W)   0.51  0.49  0.50  0.51  0.51  0.50  0.52  0.47  0.49  0.45  0.47  0.48
 P(W/D)   0.29  0.32  0.32  0.28  0.27  0.28  0.29  0.26  0.19  0.18  0.26  0.31
 TMAX AV 45.37 48.93 58.00 68.17 75.81 82.50 85.15 84.37 79.06 69.22 57.28 47.83
 TMIN AV 25.54 27.42 34.65 43.35 51.20 58.81 62.79 61.46 55.12 43.61 34.83 28.26
 SD TMAX 11.84 11.60 11.52  9.88  7.74  6.01  5.20  5.36  7.56  9.01 10.82 10.99
 SD TMIN 13.01 12.16 11.33  9.96  8.34  6.51  4.77  5.37  8.31  9.91 11.08 12.13
 SOL.RAD  160.  242.  336.  453.  532.  574.  554.  501.  435.  326.  221.  162.
 SD SOL   48.1  52.1  63.7  68.2  71.9  70.6  70.2 112.9  61.9  37.0  35.7  39.4
 MX .5 P  0.43  0.56  0.66  0.76  1.52  1.04  1.53  1.22  0.97  0.62  0.65  0.56
 DEW PT  29.57 29.57 33.21 43.21 54.53 60.85 66.28 67.20 58.89 49.76 36.33 28.97
Time Pk  0.619 0.715 0.763 0.812 0.825 0.833 0.854 0.874 0.889 0.919 0.946 1.000
% N       6.97  7.05  6.42  5.66  5.79  5.72  5.09  7.23  8.31  7.23  6.03  6.31
MEAN      3.49  3.47  3.40  3.46  3.26  3.06  2.86  2.89  2.93  3.19  3.26  3.36
STD DEV   1.70  1.70  1.58  1.68  1.67  1.42  1.34  1.31  1.41  1.56  1.62  1.65
SKEW      0.55  0.84  0.64  0.72  0.85  0.71  0.95  0.88  0.98  0.71  0.69  0.60
% NNE     5.17  4.93  4.73  3.98  4.52  4.69  4.34  5.16  6.01  5.04  3.34  3.83
MEAN      3.65  3.67  3.55  3.76  3.45  3.22  3.05  3.11  3.31  3.28  3.10  3.49
STD DEV   1.58  1.56  1.43  1.52  1.59  1.40  1.28  1.31  1.43  1.52  1.29  1.67
SKEW      0.63  0.44  0.56  0.38  0.60  0.57  0.51  0.53  0.58  0.58  0.71  1.14
% NE      8.21  8.54  7.94  6.46  6.49  7.57  6.07  7.21  8.62  9.18  7.47  7.80
MEAN      3.17  3.13  3.16  3.30  3.10  3.00  2.67  2.70  2.93  2.93  2.77  2.94
STD DEV   1.47  1.36  1.35  1.47  1.28  1.31  1.13  1.13  1.23  1.38  1.22  1.22
SKEW      0.90  0.77  0.68  0.67  0.38  0.63  0.65  0.75  0.59  0.81  0.75  0.58
% ENE     3.57  3.42  3.54  3.14  3.66  3.72  3.43  4.14  5.17  4.52  2.94  3.04
MEAN      2.91  3.14  3.13  3.02  3.11  2.89  2.73  2.65  3.04  2.77  2.65  2.76
STD DEV   1.34  1.29  1.42  1.40  1.38  1.24  1.20  1.12  1.36  1.35  1.20  1.17
SKEW      0.87  0.47  0.50  0.71  0.53  0.56  0.74  0.49  0.80  0.86  0.63  0.53
% E       1.92  2.12  2.28  2.08  2.75  2.48  2.46  3.12  3.49  2.69  2.44  2.17
MEAN      2.18  2.46  2.65  2.55  2.58  2.43  2.23  2.30  2.38  2.14  2.11  2.27
STD DEV   1.03  1.05  1.27  1.11  1.24  1.10  0.96  1.01  1.06  0.97  1.05  1.04
SKEW      0.75  0.71  0.81  0.72  0.91  0.83  0.77  0.75  0.73  1.26  1.35  0.91
% ESE     1.32  1.72  1.82  2.13  2.23  2.18  2.12  2.31  2.36  1.98  1.74  1.66
MEAN      2.46  2.56  2.66  2.99  2.63  2.39  2.18  2.19  2.38  2.16  2.13  2.36
STD DEV   1.14  1.15  1.26  1.67  1.30  0.96  0.89  0.90  1.03  1.01  0.85  1.04
SKEW      0.80  0.72  0.73  1.34  0.90  0.54  0.93  0.69  0.96  1.28  0.76  1.03
% SE      2.74  2.86  3.05  3.30  3.38  3.06  3.34  3.01  3.34  3.16  3.56  3.52
MEAN      2.35  2.77  2.79  2.77  2.64  2.35  2.29  2.24  2.34  2.19  2.38  2.47
STD DEV   1.06  1.43  1.51  1.34  1.28  0.98  1.02  0.98  0.99  1.05  1.09  1.15
SKEW      0.95  0.98  1.39  0.93  0.98  0.71  0.92  1.21  0.91  1.35  1.14  1.11
% SSE     5.48  5.15  5.30  6.30  5.20  4.35  4.97  3.69  4.71  4.97  6.11  6.31
MEAN      3.25  3.30  3.54  3.72  2.83  2.44  2.33  2.21  2.55  2.52  3.13  3.22
STD DEV   1.67  1.55  2.10  2.13  1.30  1.16  1.05  0.94  1.08  1.21  1.86  1.75
SKEW      0.95  0.75  1.15  1.23  0.91  1.09  0.86  0.87  0.72  0.82  1.57  1.01
% S       7.03  6.87  7.53  8.39  6.68  6.39  6.94  5.74  6.14  6.19  8.03  8.19
MEAN      3.48  3.67  3.76  3.93  3.18  2.77  2.77  2.53  2.83  2.85  3.57  3.41
STD DEV   1.89  2.01  2.06  2.31  1.64  1.41  1.30  1.25  1.52  1.46  2.05  1.97
SKEW      1.19  1.14  0.91  1.19  1.05  1.21  0.93  0.91  1.25  1.08  1.11  1.48
% SSW     6.14  5.96  6.08  7.74  7.05  6.40  7.23  4.97  4.43  4.46  5.45  6.62
MEAN      4.15  4.18  4.37  4.54  3.63  3.39  3.28  3.09  3.33  3.35  4.02  3.89
STD DEV   2.23  2.23  2.21  2.44  1.75  1.77  1.57  1.57  1.58  1.78  2.30  2.08
SKEW      0.86  0.89  0.70  0.74  0.74  1.03  0.79  0.90  0.62  0.97  1.01  1.07
% SW      8.39  7.51  8.39  8.79  9.34  8.92  9.64  6.07  5.12  5.08  6.96  8.53
MEAN      4.52  4.63  4.86  4.81  4.10  3.68  3.55  3.20  3.30  3.40  4.07  4.39
STD DEV   2.19  2.37  2.51  2.42  1.91  1.76  1.64  1.49  1.55  1.72  2.16  2.18
SKEW      0.59  0.57  0.83  0.70  0.67  0.73  0.65  0.78  0.56  0.72  0.89  0.64
% WSW     7.26  7.03  8.12  8.53  7.51  6.68  6.65  5.38  3.96  4.39  6.15  7.08
MEAN      4.64  4.66  5.30  5.35  4.17  3.81  3.58  3.52  3.51  3.73  4.33  4.67
STD DEV   2.15  2.34  2.58  2.60  1.86  1.68  1.51  1.55  1.57  1.76  2.05  2.19
SKEW      0.59  1.12  0.74  0.73  0.52  0.49  0.70  0.63  0.56  0.71  0.55  0.64
% W       7.66  7.85  8.21  7.00  6.22  6.30  5.75  5.43  3.82  4.71  6.76  7.47
MEAN      4.41  4.34  4.70  4.83  3.85  3.59  3.21  3.27  3.06  3.38  4.06  4.11
STD DEV   2.03  2.15  2.29  2.40  1.88  1.70  1.43  1.45  1.31  1.59  2.03  1.97
SKEW      0.51  0.60  0.61  0.71  0.73  0.65  0.54  0.57  0.59  0.74  0.62  0.65
% WNW     4.88  5.55  6.14  5.25  3.47  3.00  2.73  3.05  2.66  3.33  4.84  4.44
MEAN      4.39  4.74  4.98  4.97  3.83  3.24  3.07  3.16  3.13  3.42  4.46  4.46
STD DEV   1.98  2.11  2.26  2.33  1.74  1.42  1.25  1.37  1.46  1.54  2.29  2.14
SKEW      0.46  0.33  0.43  0.47  0.57  0.71  0.50  0.46  0.79  0.51  0.68  0.57
% NW      5.15  5.51  5.26  4.30  3.34  3.04  2.92  3.65  2.96  3.70  4.87  4.73
MEAN      3.82  4.12  4.01  4.11  3.16  2.93  2.96  2.94  2.92  3.24  3.77  3.79
STD DEV   1.92  2.14  1.92  1.98  1.45  1.39  1.46  1.44  1.42  1.55  1.97  1.84
SKEW      0.71  0.70  0.74  0.67  0.59  0.75  0.97  0.94  0.85  0.76  0.66  0.67
% NNW     4.42  4.84  4.11  3.95  3.12  2.69  2.32  3.27  2.74  3.72  3.57  3.58
MEAN      3.79  3.66  3.97  3.71  3.39  3.08  2.85  2.94  3.01  3.27  3.63  3.74
STD DEV   1.75  1.57  1.76  1.66  1.48  1.41  1.18  1.24  1.26  1.49  1.71  1.70
SKEW      0.74  0.49  0.54  0.55  0.55  0.64  0.56  0.64  0.55  0.61  0.56  0.70
CALM     13.77 13.06 11.11 12.88 19.11 22.94 23.98 26.69 26.22 25.67 19.70 14.79
KNOXVILLE     TN    0.383  LONDON        KY    0.358  SMYRNA/SEWART TN    0.259
 ATHENS TN                               40 284 0
 LATT=  35.43 LONG= -84.58 YEARS= 30. TYPE= 3
 ELEVATION =  940. TP5 = 2.48 TP6= 5.04
 MEAN P   0.48  0.48  0.59  0.47  0.46  0.39  0.44  0.48  0.54  0.47  0.51  0.48
 S DEV P  0.53  0.50  0.79  0.51  0.58  0.41  0.49  0.55  0.66  0.54  0.60  0.56
 SQEW  P  1.94  1.76  3.05  2.35  2.54  1.77  2.51  2.78  2.36  1.59  2.27  2.01
 P(W/W)   0.55  0.50  0.45  0.51  0.48  0.45  0.51  0.46  0.44  0.46  0.44  0.50
 P(W/D)   0.24  0.26  0.29  0.25  0.26  0.24  0.25  0.19  0.18  0.16  0.26  0.26
 TMAX AV 46.36 50.72 61.27 70.94 78.50 85.59 88.28 87.47 81.75 71.57 60.50 50.44
 TMIN AV 24.70 26.89 35.83 44.20 52.69 60.63 64.87 64.04 57.62 44.17 35.92 28.22
 SD TMAX 11.56 11.72 11.15  9.70  7.33  5.47  5.35  4.97  7.02  8.23 10.28 11.08
 SD TMIN 11.66 11.31 10.15  9.64  7.91  6.99  4.12  4.05  7.35  9.55  9.90 11.22
 SOL.RAD  162.  240.  332.  450.  518.  553.  529.  480.  416.  319.  215.  163.
 SD SOL   51.4  56.3  67.3  70.5  76.2  76.4  77.8 123.5  68.8  42.4  41.1  42.7
 MX .5 P  0.50  0.50  0.74  1.03  1.37  1.20  1.74  1.08  0.99  0.57  0.58  0.60
 DEW PT  32.10 31.93 35.93 45.55 55.55 63.89 66.72 66.55 59.38 49.10 37.42 31.10
Time Pk  0.581 0.680 0.727 0.782 0.800 0.811 0.840 0.859 0.874 0.910 0.945 1.000
% N       9.91  9.44  8.02  6.94  6.57  6.77  5.91  7.96  8.98  8.69  8.52  8.63
MEAN      3.84  3.60  3.72  3.80  3.26  3.11  2.87  2.87  2.98  3.39  3.54  3.52
STD DEV   1.91  1.82  1.84  1.88  1.74  1.52  1.42  1.46  1.54  1.79  1.80  1.79
SKEW      0.50  0.66  0.61  0.50  0.83  0.86  0.76  0.84  0.88  0.69  0.56  0.60
% NNE     7.86  7.51  6.73  5.65  5.74  5.56  5.38  7.01  8.08  7.52  5.94  6.57
MEAN      3.89  3.71  3.72  3.93  3.40  3.05  2.99  3.02  3.25  3.42  3.29  3.40
STD DEV   1.83  1.84  1.69  1.82  1.74  1.41  1.40  1.46  1.54  1.71  1.53  1.77
SKEW      0.50  0.68  0.60  0.48  0.63  0.77  0.68  0.76  0.66  0.73  0.51  0.93
% NE      9.54  9.70  8.82  7.63  8.10  8.56  7.64  9.65 11.36 11.74  9.47  9.69
MEAN      2.95  2.90  3.03  3.07  2.89  2.69  2.65  2.63  2.89  2.97  2.74  2.73
STD DEV   1.38  1.40  1.43  1.47  1.42  1.22  1.25  1.24  1.37  1.51  1.30  1.32
SKEW      0.77  1.05  0.80  0.94  0.94  0.98  0.94  0.93  0.81  1.14  1.03  0.96
% ENE     3.63  3.10  3.19  3.18  4.04  4.01  4.24  5.09  5.91  5.18  3.62  3.18
MEAN      2.57  2.64  2.76  2.85  2.88  2.48  2.63  2.52  2.69  2.72  2.38  2.35
STD DEV   1.23  1.21  1.33  1.43  1.50  1.20  1.29  1.22  1.31  1.53  1.11  1.10
SKEW      0.81  0.71  0.80  1.35  0.98  1.13  1.00  0.74  0.97  1.31  0.92  0.76
% E       1.79  1.94  2.14  2.10  2.60  2.76  3.03  3.64  4.08  3.07  2.57  2.11
MEAN      2.04  2.14  2.30  2.42  2.28  2.35  2.33  2.27  2.33  2.17  2.03  1.94
STD DEV   0.95  0.88  1.09  1.19  1.06  1.10  1.14  1.11  1.15  1.16  1.01  0.96
SKEW      1.01  0.71  1.01  0.89  0.85  1.01  1.12  0.93  0.91  1.22  1.19  1.25
% ESE     1.18  1.43  1.70  1.77  1.84  2.21  2.54  2.30  2.78  2.33  1.58  1.50
MEAN      2.26  2.29  2.50  2.72  2.51  2.40  2.33  2.25  2.51  2.24  2.13  2.06
STD DEV   1.06  0.95  1.18  1.32  1.18  1.02  1.07  1.07  1.17  1.05  0.96  0.97
SKEW      0.69  0.33  0.73  0.73  0.51  0.53  1.08  0.85  0.74  0.97  0.73  0.69
% SE      2.92  3.19  3.24  3.44  3.48  3.72  4.50  3.66  4.01  3.69  3.16  3.47
MEAN      2.46  2.76  2.68  2.84  2.59  2.54  2.50  2.36  2.52  2.59  2.40  2.51
STD DEV   1.18  1.46  1.35  1.40  1.22  1.22  1.18  1.13  1.18  1.36  1.16  1.31
SKEW      1.06  1.09  1.18  0.85  0.73  0.84  0.97  0.91  1.10  1.29  0.98  1.35
% SSE     3.18  3.52  3.75  4.16  3.99  4.21  4.70  3.81  4.13  3.52  3.26  3.49
MEAN      2.94  3.20  3.54  3.94  2.97  2.66  2.51  2.53  2.80  2.71  3.15  3.03
STD DEV   1.42  1.43  1.94  2.07  1.35  1.28  1.13  1.15  1.29  1.29  1.87  1.57
SKEW      0.85  0.64  0.79  0.76  0.72  0.91  0.68  0.79  0.70  0.71  1.29  0.86
% S       8.73  8.20  8.68  9.98  8.76  7.81  9.14  6.78  7.11  6.50  7.70  8.04
MEAN      3.20  3.43  3.57  3.75  3.04  2.73  2.72  2.47  2.75  2.66  3.20  3.18
STD DEV   1.60  1.82  1.92  2.06  1.51  1.41  1.29  1.26  1.42  1.40  1.87  1.93
SKEW      0.74  0.90  1.04  0.95  0.94  1.21  1.01  0.98  1.12  1.05  1.17  1.30
% SSW     6.14  5.69  6.00  6.93  6.30  5.54  6.32  4.61  4.28  3.82  4.68  5.87
MEAN      3.55  3.69  3.91  4.14  3.25  3.15  3.02  2.89  3.02  2.93  3.51  3.38
STD DEV   1.87  1.88  1.93  2.20  1.66  1.66  1.44  1.50  1.42  1.56  2.08  1.82
SKEW      0.75  0.73  0.67  0.68  0.83  1.07  0.76  0.80  0.60  0.98  1.04  0.88
% SW      7.99  7.80  8.60  9.59  9.56  9.24  9.66  6.14  5.21  5.01  7.25  8.18
MEAN      3.89  4.12  4.17  4.22  3.63  3.30  3.16  2.81  2.88  2.86  3.50  3.81
STD DEV   2.09  2.36  2.25  2.26  1.84  1.68  1.54  1.44  1.46  1.51  1.90  2.09
SKEW      0.90  0.87  0.83  0.68  0.78  0.91  0.71  0.97  0.98  0.98  0.99  0.89
% WSW     6.22  6.26  7.22  7.58  7.07  6.64  6.45  4.99  3.72  4.23  5.41  6.13
MEAN      4.12  4.46  4.76  4.87  3.91  3.49  3.32  3.08  3.32  3.18  3.74  4.01
STD DEV   2.22  2.48  2.50  2.47  1.91  1.68  1.57  1.53  1.75  1.66  2.00  2.11
SKEW      0.92  0.99  0.65  0.54  0.65  0.68  0.68  0.73  0.76  0.78  0.82  0.84
% W       5.57  5.85  6.27  5.92  5.59  6.20  5.12  4.78  3.31  3.91  5.53  5.79
MEAN      4.02  4.22  4.67  4.51  3.66  3.33  3.07  2.95  2.80  3.07  3.77  3.90
STD DEV   2.13  2.24  2.51  2.43  1.91  1.67  1.52  1.51  1.45  1.65  2.09  2.07
SKEW      0.78  0.61  0.61  0.64  0.76  0.62  0.62  0.74  0.96  0.77  0.69  0.68
% WNW     4.26  4.56  5.59  4.92  3.63  3.66  3.15  3.25  2.39  2.85  4.24  4.02
MEAN      4.45  4.69  5.04  4.97  3.87  3.29  3.17  3.05  2.87  3.21  4.24  4.41
STD DEV   2.06  2.24  2.35  2.51  1.88  1.57  1.48  1.58  1.54  1.75  2.20  2.21
SKEW      0.33  0.31  0.25  0.32  0.44  0.63  0.73  0.67  1.12  0.63  0.46  0.38
% NW      4.68  5.32  5.56  4.41  3.80  4.08  3.80  4.24  2.94  3.66  5.43  5.02
MEAN      4.00  4.21  4.51  4.35  3.40  3.08  2.90  2.85  2.65  3.10  3.88  3.85
STD DEV   2.11  2.23  2.33  2.27  1.82  1.60  1.54  1.54  1.40  1.72  2.17  2.03
SKEW      0.53  0.63  0.61  0.54  0.76  0.75  1.06  1.03  0.99  0.95  0.64  0.60
% NNW     5.39  5.81  5.73  4.79  3.84  3.63  3.02  3.55  3.45  4.43  5.28  4.96
MEAN      4.14  3.90  4.28  4.02  3.53  2.98  2.74  2.79  3.03  3.40  3.96  4.00
STD DEV   1.93  1.71  1.94  1.84  1.67  1.58  1.33  1.30  1.52  1.81  1.92  1.98
SKEW      0.52  0.42  0.33  0.39  0.50  0.92  0.77  0.64  0.67  0.68  0.40  0.62
CALM     11.07 10.60  8.82 10.93 15.12 15.48 15.30 18.66 18.35 19.80 16.37 13.40
CHATTANOOGA   TN    0.416  KNOXVILLE     TN    0.357  ROME/RUSSEL   GA    0.227
 BRISTOL WB AIRPORT TN                   401094 0
 LATT=  36.48 LONG= -82.40 YEARS= 44. TYPE= 3
 ELEVATION = 1520. TP5 = 2.47 TP6= 5.39
 MEAN P   0.25  0.30  0.30  0.30  0.33  0.32  0.37  0.33  0.36  0.29  0.29  0.31
 S DEV P  0.30  0.33  0.37  0.35  0.35  0.38  0.43  0.39  0.46  0.41  0.34  0.35
 SQEW  P  2.70  1.61  2.64  2.44  2.01  2.39  2.10  1.98  2.48  3.29  2.24  1.91
 P(W/W)   0.54  0.52  0.51  0.52  0.51  0.47  0.50  0.47  0.44  0.44  0.49  0.47
 P(W/D)   0.35  0.34  0.34  0.28  0.27  0.30  0.31  0.27  0.21  0.20  0.27  0.31
 TMAX AV 44.98 49.12 58.02 67.82 76.14 82.94 85.48 84.83 79.42 69.48 57.66 48.12
 TMIN AV 25.91 28.05 35.01 43.53 52.48 60.42 64.45 63.23 56.69 44.84 35.28 28.42
 SD TMAX 12.14 11.90 11.51 10.38  7.88  5.77  4.95  4.96  7.16  8.80 10.88 11.18
 SD TMIN 11.55 10.84  9.72  8.87  7.57  5.64  4.06  4.47  7.25  9.11  9.75 10.78
 SOL.RAD  183.  261.  348.  466.  540.  576.  557.  504.  433.  318.  225.  180.
 SD SOL   47.9  53.9  69.2  73.5  79.4  79.9  79.5 174.6  71.5  45.9  39.9  39.5
 MX .5 P  0.32  0.35  0.64  1.05  1.19  1.15  1.44  1.30  1.24  0.58  0.65  0.45
 DEW PT  30.00 30.00 34.00 42.00 54.00 62.00 65.00 65.00 58.00 47.00 35.00 28.00
Time Pk  0.631 0.721 0.766 0.822 0.840 0.847 0.866 0.876 0.889 0.913 0.944 1.000
% N       2.81  2.92  2.77  3.96  3.16  2.80  2.53  3.36  3.56  3.42  2.56  2.79
MEAN      3.36  3.74  3.42  3.75  3.42  3.41  2.77  2.98  3.05  3.40  3.27  3.43
STD DEV   1.50  1.62  1.61  1.64  1.71  1.39  1.41  1.34  1.31  1.54  1.45  1.49
SKEW      0.56  0.41  0.39  0.68  0.83  0.26  0.46  0.23  0.41  0.45  0.49  0.32
% NNE     3.93  3.46  2.79  3.29  3.88  3.74  3.93  5.12  5.55  4.59  3.62  3.43
MEAN      3.00  3.06  3.12  3.35  3.13  2.66  2.64  2.66  2.96  2.77  2.76  2.80
STD DEV   1.23  1.37  1.50  1.68  1.60  1.25  1.12  1.24  1.35  1.29  1.18  1.31
SKEW      0.61  0.87  0.83  0.91  0.69  1.03  0.68  1.04  1.01  1.02  0.99  0.97
% NE      6.85  6.81  5.59  4.87  6.81  6.87  6.56  8.97 10.19  8.93  6.78  6.80
MEAN      2.44  2.54  2.67  2.50  2.47  2.24  2.19  2.17  2.49  2.29  2.35  2.37
STD DEV   1.30  1.20  1.17  1.21  1.20  1.08  1.04  1.06  1.30  1.10  1.16  1.11
SKEW      1.38  0.91  0.84  1.36  1.47  1.53  1.65  2.15  1.61  1.44  1.54  1.00
% ENE     6.77  8.36  6.51  4.95  6.50  6.30  6.04  7.50  9.37  9.17  6.65  7.79
MEAN      2.75  2.73  2.64  2.47  2.59  2.44  2.36  2.21  2.50  2.24  2.28  2.43
STD DEV   1.48  1.26  1.28  1.04  1.33  1.14  1.17  1.03  1.39  1.01  1.05  1.11
SKEW      1.24  0.87  1.11  0.78  1.24  1.02  1.29  1.10  2.04  0.89  1.20  1.18
% E       7.04  7.62  6.50  5.34  6.89  7.23  6.79  6.91  8.77  9.34  6.96  8.23
MEAN      2.51  2.47  2.75  2.46  2.43  2.45  2.28  2.13  2.47  2.49  2.41  2.48
STD DEV   1.10  1.10  1.38  1.02  1.16  1.13  0.98  0.96  1.20  1.28  1.20  1.16
SKEW      0.80  0.76  1.21  0.99  1.12  0.94  0.83  0.91  1.23  1.23  2.12  1.22
% ESE     2.90  3.00  3.83  3.35  3.78  3.58  3.16  3.49  4.30  4.39  3.87  3.45
MEAN      2.24  2.66  3.28  2.91  2.45  2.27  2.23  2.16  2.59  2.59  2.83  2.91
STD DEV   0.95  1.35  1.80  1.63  1.15  1.05  1.00  0.94  1.21  1.38  1.97  1.76
SKEW      1.06  0.89  1.03  1.32  1.07  0.58  0.84  0.54  0.94  1.02  1.90  1.69
% SE      2.92  2.71  3.78  2.95  3.23  3.88  3.65  3.64  3.68  3.91  3.12  2.53
MEAN      2.78  3.07  3.36  3.45  2.65  2.45  2.10  1.94  2.52  2.83  2.60  2.94
STD DEV   1.69  2.09  1.90  2.01  1.35  1.25  1.21  0.93  1.34  1.63  1.61  1.81
SKEW      0.86  0.92  0.73  0.92  0.65  0.93  1.17  0.88  1.10  1.03  1.13  0.70
% SSE     1.54  2.27  3.72  2.36  1.96  2.34  2.15  2.01  1.89  1.74  1.94  1.94
MEAN      3.23  3.27  3.90  3.61  2.59  2.43  2.27  2.27  2.60  2.61  3.36  3.21
STD DEV   1.87  1.90  2.08  1.88  1.29  1.19  1.03  0.92  1.15  1.48  1.94  1.73
SKEW      0.95  0.77  0.78  0.34  0.99  1.51  0.99  0.69  0.63  1.04  0.57  0.50
% S       2.94  2.73  3.71  3.54  3.29  3.62  3.75  2.99  2.58  2.14  2.61  3.02
MEAN      3.81  3.75  3.77  3.63  2.67  2.61  2.36  2.18  2.62  2.44  3.59  3.78
STD DEV   2.34  2.37  1.85  2.06  1.25  1.15  1.02  0.90  1.45  1.20  2.26  2.02
SKEW      0.82  1.12  0.68  1.03  1.14  1.05  1.34  0.58  0.97  1.41  0.96  0.56
% SSW     2.78  2.46  3.26  3.24  2.92  3.20  3.22  2.26  2.05  1.73  1.67  1.82
MEAN      3.38  3.42  4.09  3.19  2.70  2.61  2.49  2.46  2.55  2.52  3.23  3.24
STD DEV   2.01  1.89  2.59  1.81  1.08  1.07  0.95  0.83  1.10  1.23  2.05  1.84
SKEW      1.79  1.25  1.43  1.57  0.53  0.76  0.43  0.62  1.29  0.77  1.30  0.95
% SW      7.55  6.82  7.11  7.96  6.37  6.05  6.43  4.28  4.33  4.28  6.17  6.97
MEAN      3.62  3.60  4.05  4.15  3.29  2.92  2.87  2.70  2.73  3.10  3.36  3.25
STD DEV   1.86  1.85  2.02  2.10  1.61  1.41  1.30  1.29  1.33  1.59  1.70  1.63
SKEW      0.87  1.11  0.69  1.14  0.87  0.89  0.74  0.96  0.73  0.92  0.87  0.68
% WSW    10.72 10.13 11.16 10.56  8.27  7.06  7.09  4.91  4.60  5.65 10.46  9.79
MEAN      4.81  5.01  5.25  5.15  3.92  3.55  3.17  3.00  3.00  3.75  4.62  4.60
STD DEV   2.24  2.34  2.45  2.30  1.86  1.67  1.36  1.34  1.42  1.89  2.02  2.08
SKEW      0.84  0.74  0.57  0.38  0.59  0.66  0.85  0.72  0.89  0.69  0.49  0.46
% W      10.77 12.58 11.41 12.03  9.41  8.86  7.87  6.22  5.39  7.38 11.09 11.09
MEAN      5.04  5.11  5.36  4.94  4.05  3.59  3.24  3.04  3.23  3.82  4.70  4.76
STD DEV   2.24  2.16  2.34  2.21  1.80  1.48  1.34  1.31  1.39  1.78  2.02  2.14
SKEW      0.60  0.22  0.25  0.44  0.49  0.52  0.53  0.55  0.48  0.49  0.40  0.39
% WNW     6.80  7.78  8.04  7.69  6.08  6.51  5.41  4.79  4.47  5.40  7.48  6.95
MEAN      4.58  5.03  5.06  4.85  3.73  3.30  3.09  2.92  3.18  3.60  4.51  4.20
STD DEV   2.01  2.37  2.37  2.32  1.62  1.37  1.42  1.22  1.49  1.79  2.04  2.26
SKEW      0.34  0.45  0.26  0.45  0.53  0.40  0.52  0.46  0.67  0.75  0.44  0.60
% NW      4.46  3.26  4.30  4.64  4.11  3.84  3.46  3.77  3.04  3.39  3.72  3.31
MEAN      3.91  4.16  4.26  4.25  3.38  3.16  2.89  2.68  2.98  3.22  4.00  3.66
STD DEV   1.86  2.34  2.07  2.01  1.64  1.53  1.43  1.28  1.62  1.58  2.04  1.84
SKEW      0.42  0.94  0.62  0.27  0.51  0.91  0.72  0.45  0.91  0.87  0.71  0.66
% NNW     2.00  1.96  2.38  2.86  2.53  2.17  1.92  2.06  1.97  2.38  2.11  2.06
MEAN      3.57  3.48  3.73  4.05  3.52  3.22  2.74  2.56  3.05  3.06  2.95  3.27
STD DEV   1.78  1.70  1.76  1.88  1.59  1.50  1.21  1.24  1.60  1.34  1.38  1.61
SKEW      0.46  0.42  0.43  0.21  0.25  0.62  0.48  0.58  0.61  0.40  0.65  0.30
CALM     17.15 15.18 13.09 16.26 20.78 21.99 26.04 27.83 24.41 22.15 19.14 17.94
BRISTOL       TN    1.000  ASHEVILLE/MUN.NC    0.000  PULASKI       VA    0.000
 CENTERVILLE TN                          401587 0
 LATT=  35.78 LONG= -87.47 YEARS= 40. TYPE= 3
 ELEVATION =   60. TP5 = 2.49 TP6= 5.14
 MEAN P   0.47  0.48  0.48  0.48  0.53  0.49  0.49  0.46  0.44  0.46  0.53  0.55
 S DEV P  0.59  0.53  0.61  0.56  0.73  0.54  0.64  0.57  0.59  0.58  0.63  0.65
 SQEW  P  2.40  2.24  3.00  2.61  3.57  1.90  3.15  2.41  3.07  3.07  3.06  2.31
 P(W/W)   0.45  0.46  0.45  0.49  0.47  0.46  0.39  0.40  0.44  0.38  0.43  0.49
 P(W/D)   0.25  0.28  0.30  0.26  0.25  0.20  0.23  0.18  0.19  0.17  0.24  0.22
 TMAX AV 48.43 54.05 63.85 75.05 81.09 86.89 90.06 89.46 83.93 74.22 62.19 52.32
 TMIN AV 24.12 26.88 34.49 43.21 51.77 59.31 63.59 62.25 56.01 43.07 34.37 28.12
 SD TMAX 11.91 12.38 11.59  8.91  6.30  4.94  4.49  4.78  7.13  8.24 10.58 11.32
 SD TMIN 12.95 12.84 11.67 10.90  8.99  6.71  5.16  5.66  8.85 11.04 11.92 12.51
 SOL.RAD  154.  233.  327.  438.  509.  554.  532.  477.  408.  313.  212.  155.
 SD SOL   52.5  57.2  68.1  73.4  78.8  76.3  76.8 124.1  70.5  43.2  40.9  43.9
 MX .5 P  0.63  0.63  0.90  0.93  1.67  1.09  1.99  1.55  1.11  0.71  0.92  0.77
 DEW PT  32.41 33.39 37.19 47.19 57.39 65.19 68.19 67.41 60.60 49.21 38.21 32.19
Time Pk  0.571 0.688 0.741 0.798 0.817 0.832 0.860 0.877 0.889 0.916 0.950 1.000
% N       8.12  8.14  6.81  5.89  6.45  5.10  5.35  7.82  8.96  8.02  6.91  6.88
MEAN      4.17  3.90  3.88  3.75  3.36  2.99  2.84  2.92  3.19  3.32  3.47  3.87
STD DEV   1.78  1.83  1.67  1.76  1.66  1.49  1.37  1.41  1.57  1.74  1.65  1.73
SKEW      0.29  0.62  0.31  0.60  0.81  0.86  0.78  0.84  0.75  0.98  0.58  0.41
% NNE     4.30  4.83  4.18  3.79  4.10  3.58  3.96  5.12  6.00  4.47  3.37  3.74
MEAN      3.75  3.49  3.68  3.72  3.31  2.97  2.88  3.10  3.29  3.40  3.38  3.73
STD DEV   1.53  1.45  1.47  1.61  1.52  1.31  1.33  1.38  1.47  1.60  1.62  1.56
SKEW      0.27  0.45  0.30  0.55  0.57  0.57  1.00  0.54  0.52  0.55  0.78  0.31
% NE      3.39  5.05  4.17  4.04  4.16  4.00  4.78  5.19  6.35  4.51  3.02  3.42
MEAN      3.28  3.29  3.37  3.30  2.99  2.88  2.78  2.84  2.99  3.01  2.86  3.29
STD DEV   1.49  1.48  1.44  1.44  1.37  1.26  1.23  1.30  1.35  1.45  1.32  1.60
SKEW      0.66  0.63  0.49  0.45  0.71  0.68  1.18  0.73  0.64  0.68  0.64  1.09
% ENE     2.30  2.67  3.03  2.56  2.51  2.23  2.46  2.66  2.91  2.77  1.61  2.24
MEAN      2.99  2.99  3.30  3.02  2.89  2.56  2.62  2.61  2.84  2.91  2.72  3.04
STD DEV   1.24  1.30  1.40  1.32  1.25  1.20  1.14  1.23  1.34  1.31  1.18  1.45
SKEW      0.49  0.81  0.45  0.67  0.63  0.79  0.68  0.85  0.81  0.70  0.93  0.93
% E       4.01  4.96  4.50  4.86  3.84  3.84  3.72  4.73  5.47  5.46  4.24  4.73
MEAN      2.67  2.99  3.26  3.05  2.52  2.49  2.39  2.42  2.57  2.49  2.52  2.79
STD DEV   1.11  1.35  1.53  1.34  1.14  1.11  1.06  1.08  1.21  1.13  1.19  1.28
SKEW      0.54  0.73  0.69  0.50  0.80  0.86  0.90  0.90  1.00  0.97  0.94  0.82
% ESE     3.11  3.68  3.82  3.68  3.12  3.25  3.21  3.12  4.00  3.69  2.59  3.93
MEAN      2.69  2.97  3.37  3.11  2.60  2.50  2.42  2.45  2.67  2.68  2.65  3.02
STD DEV   1.11  1.30  1.58  1.37  1.15  1.19  1.12  1.05  1.21  1.26  1.17  1.36
SKEW      0.71  0.84  0.80  0.63  0.93  1.00  1.05  0.64  0.88  0.82  0.80  0.85
% SE      6.28  5.61  5.92  5.77  5.59  6.53  6.09  5.87  7.24  6.64  6.07  7.46
MEAN      3.23  3.40  3.66  3.32  2.84  2.71  2.62  2.49  2.84  2.90  3.27  3.42
STD DEV   1.47  1.78  1.82  1.58  1.34  1.29  1.25  1.11  1.31  1.47  1.73  1.66
SKEW      0.80  1.74  0.86  0.84  0.87  0.93  1.06  0.95  0.79  1.10  1.10  0.97
% SSE     7.61  6.04  6.07  6.83  5.81  5.37  4.93  3.69  5.20  5.71  6.70  7.18
MEAN      4.33  4.60  4.56  4.24  3.51  3.12  2.84  2.77  3.14  3.61  4.11  4.38
STD DEV   1.96  2.19  2.27  2.10  1.66  1.39  1.28  1.30  1.44  1.73  2.03  2.09
SKEW      0.50  0.93  0.84  0.86  0.68  0.57  0.70  0.80  0.67  0.83  0.73  0.85
% S      13.49 10.18 12.12 13.55 12.83 12.00 11.20 10.12 10.14  9.63 13.08 12.97
MEAN      4.77  4.65  4.81  4.47  3.78  3.27  2.94  2.79  3.27  3.45  4.24  4.54
STD DEV   2.13  2.18  2.20  2.07  1.88  1.50  1.33  1.33  1.53  1.70  2.11  2.21
SKEW      0.49  0.55  0.52  0.65  0.79  0.70  0.83  0.90  0.75  0.75  0.63  0.70
% SSW     6.52  5.29  5.73  7.69  6.92  6.78  6.47  4.74  4.20  4.14  5.30  5.71
MEAN      4.88  5.05  5.04  4.92  4.24  3.61  3.23  3.03  3.40  3.71  4.31  4.54
STD DEV   2.11  2.38  2.35  2.09  2.05  1.74  1.45  1.48  1.57  1.77  2.05  2.13
SKEW      0.36  0.44  0.47  0.35  0.61  0.66  0.60  0.89  0.57  0.51  0.55  0.56
% SW      5.06  5.26  4.98  6.18  6.73  7.63  7.71  5.80  3.96  3.99  4.54  5.04
MEAN      4.44  4.66  4.62  4.72  3.83  3.67  3.39  3.13  3.45  3.29  3.95  4.28
STD DEV   2.08  2.28  2.22  2.09  1.94  1.77  1.61  1.50  1.65  1.73  2.10  2.14
SKEW      0.61  0.48  0.49  0.23  0.66  0.61  0.64  0.68  0.56  0.77  0.72  0.78
% WSW     3.54  3.70  4.10  4.53  4.64  5.51  6.08  4.52  2.85  2.72  3.41  4.00
MEAN      4.40  4.59  5.04  5.17  3.99  3.79  3.52  3.32  3.48  3.49  3.97  4.48
STD DEV   2.02  2.29  2.39  2.51  2.03  1.79  1.66  1.58  1.84  1.85  2.02  2.12
SKEW      0.54  0.71  0.51  0.56  0.67  0.36  0.45  0.51  0.64  0.69  0.57  0.45
% W       5.17  5.40  6.02  5.19  5.49  5.94  6.00  5.00  3.06  3.89  5.91  5.45
MEAN      4.37  4.46  4.96  5.06  3.73  3.50  3.32  3.17  2.97  3.44  4.23  4.46
STD DEV   1.94  2.20  2.43  2.43  1.86  1.81  1.66  1.58  1.65  1.73  2.14  2.11
SKEW      0.42  0.63  0.49  0.45  0.70  1.15  0.55  0.72  0.93  0.59  0.75  0.47
% WNW     4.37  5.43  5.90  5.17  3.78  3.72  3.76  3.38  2.22  2.98  5.41  4.72
MEAN      4.96  4.90  5.35  5.10  4.04  3.67  3.35  3.26  3.05  3.75  4.67  4.87
STD DEV   1.98  2.09  2.47  2.27  2.04  1.77  1.61  1.59  1.66  1.84  2.09  2.01
SKEW      0.26  0.38  0.53  0.41  0.64  1.00  0.63  0.69  1.08  0.48  0.43  0.24
% NW      8.42  9.49  9.14  7.51  5.67  4.84  4.25  5.95  5.10  6.68  9.65  8.34
MEAN      4.81  4.77  4.95  4.56  3.73  3.35  2.95  3.04  3.13  3.74  4.44  4.67
STD DEV   2.01  2.08  2.12  2.01  1.84  1.67  1.49  1.56  1.63  1.81  2.09  2.05
SKEW      0.27  0.42  0.48  0.36  0.61  0.81  1.07  1.15  0.91  0.65  0.63  0.39
% NNW     7.10  6.99  5.89  4.93  3.74  3.67  3.42  3.75  4.37  5.64  5.71  5.80
MEAN      4.60  4.50  4.59  4.26  3.54  3.10  2.87  2.89  3.18  3.66  4.14  4.35
STD DEV   1.87  2.08  1.98  1.84  1.76  1.49  1.38  1.35  1.53  1.73  1.90  2.02
SKEW      0.22  0.65  0.41  0.41  0.72  0.75  0.86  0.64  0.67  0.51  0.58  0.72
CALM      7.19  7.34  7.75  7.83 14.55 16.02 16.60 18.48 17.99 19.00 12.45  8.41
FT. CAMPBELL  KY    0.372  NASHVILLE     TN    0.372  MUSCLE SHOALS AL    0.255
 COOKEVILLE 1 W TN                       402009 0
 LATT=  36.17 LONG= -85.50 YEARS= 41. TYPE= 3
 ELEVATION = 1150. TP5 = 2.42 TP6= 4.85
 MEAN P   0.42  0.43  0.49  0.43  0.46  0.47  0.48  0.45  0.55  0.41  0.47  0.51
 S DEV P  0.50  0.48  0.60  0.45  0.55  0.54  0.62  0.51  0.72  0.52  0.57  0.62
 SQEW  P  2.38  2.21  2.82  1.89  3.35  2.24  2.64  2.28  3.03  2.46  3.02  2.08
 P(W/W)   0.51  0.50  0.48  0.50  0.50  0.42  0.46  0.41  0.46  0.42  0.46  0.48
 P(W/D)   0.29  0.32  0.31  0.26  0.26  0.24  0.28  0.23  0.18  0.19  0.26  0.29
 TMAX AV 44.30 48.62 58.08 68.88 76.87 83.99 87.07 86.85 81.19 70.80 59.16 48.91
 TMIN AV 24.34 26.73 35.06 44.70 53.11 61.06 64.83 63.50 57.10 44.58 36.06 28.68
 SD TMAX 12.73 12.88 12.20 10.36  7.88  5.66  4.96  4.98  7.72  9.07 11.48 12.15
 SD TMIN 12.74 12.52 10.83 10.08  8.48  6.11  4.47  5.05  8.07 10.02 11.14 12.17
 SOL.RAD  159.  242.  333.  445.  527.  568.  548.  494.  427.  323.  218.  161.
 SD SOL   49.5  53.2  65.0  70.9  73.3  72.3  72.3 116.3  64.5  38.9  37.4  40.8
 MX .5 P  0.56  0.58  0.78  0.87  1.45  1.15  1.89  1.37  1.06  0.82  0.72  0.56
 DEW PT  29.85 30.27 34.08 44.08 55.05 61.90 66.63 66.79 58.82 49.17 36.43 29.67
Time Pk  0.609 0.701 0.752 0.807 0.825 0.836 0.856 0.873 0.888 0.920 0.954 1.000
% N       7.18  6.80  5.62  5.14  4.69  4.88  4.92  6.16  7.21  5.99  5.18  5.35
MEAN      3.86  3.49  3.55  3.48  3.25  3.15  2.84  2.99  2.99  3.35  3.32  3.56
STD DEV   1.85  1.83  1.69  1.75  1.72  1.58  1.41  1.45  1.54  1.77  1.77  1.79
SKEW      0.38  0.83  0.59  0.75  0.75  0.84  0.92  0.75  0.93  0.74  0.75  0.52
% NNE     5.12  4.76  4.20  3.66  4.11  3.30  4.28  5.21  4.98  4.93  3.18  3.42
MEAN      3.91  3.76  3.60  3.80  3.39  3.24  3.16  3.25  3.44  3.62  3.54  4.01
STD DEV   1.76  1.68  1.52  1.50  1.64  1.44  1.39  1.43  1.64  1.74  1.55  2.05
SKEW      0.44  0.39  0.52  0.23  0.55  0.46  0.40  0.37  0.65  0.55  0.55  0.87
% NE      7.05  8.16  6.66  6.53  6.54  5.96  6.08  7.59  8.77  8.25  5.90  6.84
MEAN      3.09  3.07  3.14  3.07  3.03  2.87  2.74  2.71  2.92  2.94  2.67  3.04
STD DEV   1.36  1.43  1.55  1.41  1.45  1.35  1.30  1.30  1.48  1.57  1.30  1.50
SKEW      0.69  0.74  0.64  0.55  0.50  0.56  0.86  0.92  0.71  0.91  0.89  0.66
% ENE     2.55  2.97  3.02  2.72  2.75  2.76  2.88  3.58  4.01  3.31  2.36  2.47
MEAN      2.93  3.02  3.34  2.99  3.05  2.93  2.97  2.72  3.08  2.94  2.86  2.74
STD DEV   1.33  1.38  1.64  1.46  1.45  1.33  1.44  1.27  1.50  1.56  1.51  1.41
SKEW      0.66  0.58  0.52  0.67  0.61  0.57  0.68  0.59  0.67  0.85  0.64  0.88
% E       1.90  2.18  2.23  1.98  2.41  2.20  2.57  3.65  3.31  2.30  1.98  2.33
MEAN      2.21  2.24  2.68  2.46  2.41  2.37  2.27  2.28  2.36  1.97  1.94  2.12
STD DEV   1.01  1.00  1.32  1.26  1.20  1.21  1.05  1.09  1.24  1.08  0.95  1.02
SKEW      0.84  0.81  0.75  0.83  0.88  0.99  0.83  0.78  0.96  1.27  1.15  0.83
% ESE     1.30  1.58  1.76  1.73  1.56  1.86  2.00  2.20  1.99  1.64  1.37  1.75
MEAN      2.50  2.70  2.95  2.96  2.76  2.58  2.32  2.40  2.43  2.39  2.46  2.48
STD DEV   1.24  1.39  1.46  1.72  1.38  1.14  0.99  1.11  1.04  1.29  1.08  1.12
SKEW      1.00  0.82  0.73  1.53  0.65  0.59  0.77  0.89  0.76  1.29  0.45  0.64
% SE      3.47  3.45  3.73  3.34  3.59  3.86  4.08  3.92  4.04  3.66  3.55  4.21
MEAN      2.51  2.75  2.94  2.77  2.50  2.32  2.18  2.20  2.34  2.21  2.57  2.72
STD DEV   1.30  1.60  1.70  1.53  1.24  1.05  1.06  1.12  1.15  1.21  1.36  1.52
SKEW      1.09  1.21  1.36  1.01  0.89  0.89  1.20  1.46  1.06  1.48  1.22  1.38
% SSE     5.98  4.89  5.88  6.05  4.95  4.71  4.24  3.53  4.78  4.56  5.57  6.70
MEAN      4.02  3.76  4.12  3.82  3.06  2.63  2.37  2.46  2.83  2.83  3.65  3.76
STD DEV   2.17  1.99  2.25  2.14  1.56  1.23  1.13  1.15  1.33  1.45  2.18  2.08
SKEW      0.81  0.75  0.91  0.93  0.88  0.68  0.78  0.89  0.71  0.77  1.25  0.85
% S      10.85  8.74  9.11 10.73  8.31  8.05  8.35  6.58  7.10  7.68  9.59 10.01
MEAN      4.38  4.22  4.17  4.17  3.39  2.87  2.71  2.60  2.92  3.03  3.92  4.00
STD DEV   2.20  2.34  2.27  2.31  1.91  1.58  1.36  1.39  1.62  1.75  2.27  2.29
SKEW      0.63  0.81  0.80  0.97  0.90  1.19  1.05  1.03  0.99  1.13  0.98  1.10
% SSW     6.15  5.70  6.24  7.50  6.37  5.87  5.52  4.05  4.21  4.71  5.89  6.19
MEAN      4.56  4.39  4.73  4.74  3.63  3.34  3.29  3.10  3.34  3.49  4.23  4.19
STD DEV   2.31  2.25  2.34  2.27  1.93  1.77  1.63  1.55  1.64  1.93  2.29  2.21
SKEW      0.65  0.63  0.59  0.47  0.75  0.75  0.70  0.75  0.48  0.82  0.66  0.72
% SW      6.82  6.70  7.50  8.38  9.19  9.22  9.46  5.72  5.37  5.30  7.08  7.26
MEAN      4.33  4.48  4.73  4.50  3.76  3.54  3.31  3.13  3.17  3.30  3.98  4.25
STD DEV   2.26  2.36  2.50  2.37  1.95  1.80  1.67  1.53  1.62  1.83  2.24  2.23
SKEW      0.72  0.59  0.73  0.74  0.79  0.64  0.66  0.81  0.53  0.68  0.79  0.73
% WSW     4.97  5.64  6.65  6.38  5.96  5.93  5.87  4.45  3.24  3.93  5.17  6.03
MEAN      4.84  4.88  5.38  5.44  4.18  3.76  3.78  3.71  3.53  3.93  4.51  5.13
STD DEV   2.42  2.29  2.61  2.64  1.97  1.79  1.69  1.72  1.64  1.92  2.24  2.37
SKEW      0.63  0.66  0.66  0.51  0.54  0.49  0.52  0.54  0.27  0.51  0.61  0.54
% W       5.77  6.02  6.73  6.06  5.85  6.27  5.56  4.72  3.46  3.82  6.14  6.29
MEAN      4.23  4.18  4.70  4.83  3.85  3.59  3.19  3.15  2.96  3.31  4.37  4.26
STD DEV   2.10  2.27  2.40  2.45  2.08  1.81  1.60  1.52  1.50  1.80  2.32  2.18
SKEW      0.59  0.62  0.53  0.55  0.81  0.68  0.62  0.62  0.78  0.60  0.65  0.52
% WNW     4.93  5.28  6.25  5.51  3.70  3.06  2.59  2.98  2.57  3.04  5.19  4.60
MEAN      4.78  4.96  5.16  5.13  4.05  3.30  3.15  3.22  3.41  3.92  4.72  4.85
STD DEV   2.19  2.34  2.34  2.28  2.03  1.59  1.44  1.52  1.71  2.00  2.35  2.30
SKEW      0.37  0.35  0.27  0.25  0.58  0.69  0.51  0.43  0.69  0.57  0.51  0.38
% NW      7.21  7.05  6.73  5.80  4.40  3.80  3.25  4.28  4.22  4.84  6.60  6.28
MEAN      4.34  4.45  4.70  4.39  3.30  2.98  2.88  2.93  2.97  3.60  4.16  4.06
STD DEV   2.09  2.45  2.23  2.16  1.70  1.50  1.49  1.53  1.54  1.81  2.17  1.99
SKEW      0.45  0.62  0.54  0.59  0.75  0.78  0.95  1.03  0.82  0.64  0.65  0.49
% NNW     5.56  5.36  4.86  4.24  3.14  2.99  2.59  3.70  3.82  4.40  4.82  4.29
MEAN      4.29  4.18  4.26  3.98  3.56  3.28  2.92  3.13  3.32  3.78  4.17  3.96
STD DEV   1.90  1.86  1.87  1.85  1.66  1.59  1.25  1.35  1.48  1.71  1.92  1.87
SKEW      0.48  0.43  0.35  0.48  0.67  0.60  0.46  0.49  0.49  0.51  0.42  0.63
CALM     13.23 14.66 12.86 14.20 22.32 25.31 25.73 27.75 26.93 27.60 20.32 15.98
SMYRNA/SEWART TN    0.432  BOWLING GREEN KY    0.308  KNOXVILLE     TN    0.260
 COVINGTON TN                            402108 0
 LATT=  35.55 LONG= -89.65 YEARS= 64. TYPE= 3
 ELEVATION =  310. TP5 = 2.60 TP6= 5.54
 MEAN P   0.51  0.49  0.51  0.52  0.51  0.44  0.47  0.42  0.49  0.44  0.54  0.55
 S DEV P  0.66  0.60  0.59  0.65  0.61  0.56  0.65  0.63  0.68  0.59  0.71  0.74
 SQEW  P  2.97  2.65  2.12  2.78  2.36  2.78  3.06  4.35  2.60  2.41  2.63  3.69
 P(W/W)   0.49  0.47  0.46  0.46  0.48  0.46  0.41  0.41  0.47  0.42  0.43  0.48
 P(W/D)   0.24  0.26  0.28  0.27  0.24  0.20  0.20  0.17  0.17  0.16  0.23  0.22
 TMAX AV 47.47 51.58 60.74 71.34 80.20 88.47 91.50 90.32 84.20 74.52 61.05 50.87
 TMIN AV 28.99 31.97 39.87 49.65 58.10 66.06 69.45 67.63 60.51 48.75 39.10 32.03
 SD TMAX 12.94 12.60 11.81  9.65  7.57  6.22  5.40  5.71  7.81  9.25 11.23 11.74
 SD TMIN 11.81 10.92 10.34  8.92  7.38  5.85  4.67  5.26  8.13  9.66 10.59 10.87
 SOL.RAD  158.  237.  330.  438.  512.  560.  541.  485.  415.  316.  216.  157.
 SD SOL   52.5  57.4  68.7  75.5  79.7  76.5  75.7 128.6  69.9  43.3  40.5  44.5
 MX .5 P  0.62  0.65  1.05  1.09  1.50  1.15  2.05  1.63  1.08  0.62  1.18  1.05
 DEW PT  31.91 33.78 37.65 47.65 58.39 65.78 68.91 67.91 61.48 49.26 37.96 32.52
Time Pk  0.594 0.703 0.756 0.815 0.831 0.846 0.867 0.879 0.894 0.925 0.958 1.000
% N       9.52  9.55  7.18  5.51  5.15  4.35  4.81  7.06  9.19  8.63  7.66  8.00
MEAN      5.23  5.05  5.00  4.56  4.20  3.89  3.49  3.42  3.83  4.21  4.37  4.77
STD DEV   2.26  2.08  2.07  1.95  1.99  1.81  1.57  1.53  1.88  1.96  2.00  2.15
SKEW      0.44  0.27  0.35  0.37  0.65  0.45  0.46  0.55  0.62  0.46  0.40  0.41
% NNE     7.84  8.60  6.71  5.61  5.08  4.19  5.18  6.88  8.69  6.04  5.27  6.44
MEAN      4.98  4.89  4.99  4.76  4.31  3.79  3.64  3.71  3.87  4.02  3.96  4.57
STD DEV   1.99  2.08  2.04  2.00  1.97  1.50  1.59  1.72  1.80  1.88  1.93  2.09
SKEW      0.24  0.37  0.31  0.35  0.62  0.31  0.38  0.56  0.68  0.75  0.64  0.38
% NE      4.86  5.85  4.74  4.51  4.46  3.97  4.77  5.66  7.11  4.66  3.77  3.88
MEAN      3.99  3.96  4.14  4.02  3.63  3.36  3.21  3.20  3.28  3.26  3.24  3.64
STD DEV   1.75  1.79  1.76  1.83  1.76  1.52  1.45  1.63  1.72  1.62  1.58  1.66
SKEW      0.29  0.57  0.52  0.55  0.79  0.55  0.57  0.94  0.78  0.72  0.88  0.63
% ENE     2.31  3.42  3.46  3.05  3.50  2.79  3.14  3.32  3.95  2.72  2.18  2.47
MEAN      3.43  3.50  3.99  3.77  3.36  3.28  2.99  2.81  3.07  2.83  3.03  3.48
STD DEV   1.54  1.53  1.67  1.72  1.53  1.46  1.38  1.30  1.72  1.42  1.53  1.52
SKEW      0.61  0.56  0.47  0.46  0.48  0.55  0.60  0.53  0.92  0.94  0.57  0.42
% E       3.54  4.18  4.64  4.39  5.13  4.66  4.93  4.83  6.30  4.95  3.62  3.80
MEAN      3.09  3.39  3.69  3.43  2.95  2.75  2.68  2.44  2.66  2.42  2.51  3.07
STD DEV   1.39  1.66  1.85  1.72  1.41  1.32  1.26  1.15  1.37  1.19  1.24  1.44
SKEW      0.61  0.84  0.79  0.75  0.76  0.98  1.00  1.18  1.17  1.02  0.87  0.77
% ESE     2.24  2.76  2.99  2.77  3.43  3.48  2.95  3.15  3.78  3.35  2.03  2.40
MEAN      3.13  3.62  3.96  3.88  3.24  3.05  2.81  2.57  2.86  2.65  3.04  3.27
STD DEV   1.27  1.58  1.88  1.92  1.39  1.34  1.27  1.19  1.36  1.38  1.45  1.50
SKEW      0.43  0.69  0.85  0.93  0.43  0.77  0.75  1.04  0.92  1.56  0.78  0.93
% SE      4.13  5.01  5.88  5.40  6.64  7.36  5.53  5.06  6.90  7.41  4.76  5.65
MEAN      3.78  3.96  4.26  3.99  3.33  3.17  2.76  2.59  3.12  3.16  3.51  3.82
STD DEV   1.73  1.97  1.97  1.91  1.56  1.49  1.23  1.26  1.61  1.51  1.81  1.90
SKEW      0.56  0.86  0.58  0.68  0.60  0.78  0.73  0.94  0.90  0.69  0.76  0.77
% SSE     9.44  6.83  8.49  9.46  8.92  8.96  7.07  5.41  6.98  8.24  8.34  9.28
MEAN      4.91  4.60  5.03  4.80  4.19  3.60  3.24  2.83  3.56  3.78  4.78  5.01
STD DEV   2.12  2.03  2.20  2.21  1.91  1.59  1.34  1.31  1.75  1.80  2.34  2.36
SKEW      0.43  0.39  0.48  0.69  0.55  0.62  0.59  0.88  1.00  0.65  0.60  0.45
% S      12.25  8.77 11.37 14.82 13.31 14.10 11.70 10.47  8.53 10.07 12.34 11.93
MEAN      5.07  4.91  5.35  5.17  4.40  3.88  3.37  3.18  3.68  3.87  4.69  4.79
STD DEV   2.42  2.33  2.30  2.24  2.00  1.69  1.41  1.38  1.62  1.85  2.31  2.23
SKEW      0.71  0.46  0.38  0.43  0.48  0.54  0.45  0.53  0.51  0.63  0.69  0.48
% SSW    10.47 10.19  9.82 12.18 11.69 11.87 11.61  9.17  5.48  6.42  8.69  9.60
MEAN      5.15  5.43  5.89  5.88  4.86  4.41  3.85  3.64  4.03  4.04  5.03  4.77
STD DEV   2.28  2.44  2.46  2.49  2.12  1.90  1.53  1.60  1.72  1.86  2.33  2.12
SKEW      0.52  0.68  0.35  0.40  0.46  0.43  0.32  0.58  0.38  0.65  0.47  0.63
% SW      4.48  5.37  4.73  5.32  6.86  7.96  8.67  7.02  3.76  4.22  5.11  5.92
MEAN      4.31  4.47  5.16  4.87  4.40  4.12  3.72  3.57  3.71  3.55  4.03  4.15
STD DEV   2.13  2.19  2.51  2.39  1.96  1.87  1.58  1.59  1.88  1.70  1.92  1.98
SKEW      0.73  0.74  0.51  0.58  0.43  0.46  0.44  0.52  0.73  0.55  0.66  0.96
% WSW     2.82  3.09  3.92  3.53  3.91  4.72  4.80  3.86  1.90  2.39  3.10  3.87
MEAN      4.13  4.34  5.07  4.86  4.15  4.09  3.51  3.32  3.34  3.29  3.66  4.29
STD DEV   2.01  2.32  2.51  2.43  1.81  1.78  1.57  1.46  1.79  1.59  1.79  2.02
SKEW      0.59  1.73  0.48  0.68  0.39  0.36  0.45  0.54  0.94  0.53  0.70  0.55
% W       3.29  3.41  4.59  3.74  3.43  3.47  3.70  3.10  1.88  2.78  3.90  3.79
MEAN      4.20  4.21  4.85  4.70  3.62  3.67  3.19  2.91  2.92  2.93  3.75  4.24
STD DEV   2.08  2.21  2.35  2.44  1.71  1.68  1.41  1.30  1.47  1.46  1.88  2.04
SKEW      0.62  0.79  0.40  0.61  0.72  0.45  0.34  0.82  0.76  0.78  0.65  0.63
% WNW     4.74  4.52  5.51  5.17  3.87  2.42  2.59  2.77  2.04  3.20  5.62  4.68
MEAN      4.78  4.95  5.45  5.27  4.35  3.71  3.03  3.11  3.23  3.73  4.45  4.47
STD DEV   2.10  2.29  2.24  2.35  2.13  1.73  1.31  1.41  1.66  1.80  2.02  1.88
SKEW      0.54  0.62  0.16  0.33  0.51  0.42  0.47  0.57  0.86  0.52  0.61  0.27
% NW      4.87  5.70  5.53  4.11  2.72  1.86  2.20  2.38  2.63  3.40  5.59  5.17
MEAN      4.84  4.97  5.42  5.12  4.36  3.72  3.24  3.00  3.37  3.98  4.85  4.88
STD DEV   2.14  2.10  2.18  2.19  2.06  1.73  1.69  1.38  1.65  2.02  2.20  2.14
SKEW      0.55  0.32  0.17  0.19  0.38  0.44  1.02  1.01  0.48  0.51  0.39  0.36
% NNW     6.95  6.35  5.83  5.47  3.73  2.77  2.95  3.59  4.50  5.70  6.58  5.53
MEAN      5.34  5.22  5.20  4.98  4.36  3.86  3.34  3.32  3.81  4.17  5.13  5.14
STD DEV   2.22  2.23  2.10  2.05  1.93  1.83  1.51  1.51  1.82  1.84  2.30  2.19
SKEW      0.52  0.39  0.26  0.34  0.38  0.77  0.70  0.61  0.51  0.34  0.25  0.28
CALM      6.33  6.41  4.69  4.93  8.22 10.99 13.31 16.41 16.35 15.75 11.45  7.56
BLYTHEVILLE   AR    0.398  MEMPHIS/INT.  TN    0.308  JACKSON       TN    0.293
 DOVER 1 NW TN                           402589 0
 LATT=  36.50 LONG= -87.85 YEARS= 47. TYPE= 3
 ELEVATION =  490. TP5 = 2.45 TP6= 5.05
 MEAN P   0.44  0.48  0.48  0.43  0.43  0.47  0.47  0.46  0.44  0.43  0.48  0.52
 S DEV P  0.60  0.59  0.55  0.58  0.54  0.61  0.54  0.71  0.63  0.50  0.60  0.69
 SQEW  P  2.80  2.67  2.03  3.87  2.79  2.71  2.04  4.60  3.19  1.91  2.14  2.63
 P(W/W)   0.46  0.49  0.46  0.48  0.52  0.48  0.42  0.43  0.46  0.44  0.48  0.45
 P(W/D)   0.27  0.27  0.30  0.29  0.24  0.23  0.25  0.19  0.20  0.18  0.25  0.25
 TMAX AV 45.75 50.51 60.12 71.37 78.39 86.08 89.49 88.61 82.22 72.13 59.57 49.58
 TMIN AV 24.93 27.79 36.36 45.78 53.59 61.94 65.92 63.78 56.83 44.55 35.97 28.41
 SD TMAX 13.11 12.97 12.30 10.35  7.55  6.13  5.44  5.72  7.74  9.39 11.37 11.94
 SD TMIN 13.07 12.49 11.28 10.33  8.56  6.63  5.23  5.75  8.74 10.47 11.59 12.05
 SOL.RAD  149.  231.  328.  429.  506.  556.  541.  486.  411.  311.  207.  152.
 SD SOL   53.6  57.8  68.7  78.9  83.1  79.2  77.3 133.0  71.1  43.1  41.7  43.9
 MX .5 P  0.53  0.59  0.82  0.85  1.55  1.10  1.85  1.72  1.07  0.68  1.08  0.67
 DEW PT  30.36 31.58 36.29 46.29 56.20 64.60 67.91 66.91 59.81 48.38 37.07 30.98
Time Pk  0.576 0.694 0.750 0.805 0.825 0.835 0.859 0.876 0.893 0.926 0.953 1.000
% N       8.23  8.08  6.66  5.79  5.72  4.62  5.06  7.18  7.49  7.01  7.19  6.78
MEAN      4.21  4.11  4.19  3.85  3.50  3.03  2.86  2.80  3.24  3.39  3.49  3.90
STD DEV   1.83  1.93  1.84  1.85  1.81  1.54  1.40  1.36  1.69  1.83  1.77  1.71
SKEW      0.37  0.54  0.32  0.59  0.73  0.92  0.64  0.77  0.78  1.02  0.63  0.31
% NNE     5.76  5.88  5.27  4.49  4.79  4.11  4.63  6.05  6.59  4.86  3.69  4.05
MEAN      4.12  3.72  4.08  3.85  3.46  3.13  2.88  3.28  3.27  3.39  3.47  3.73
STD DEV   1.72  1.58  1.76  1.69  1.55  1.46  1.38  1.55  1.50  1.57  1.82  1.63
SKEW      0.30  0.46  0.38  0.50  0.51  0.64  0.98  0.60  0.56  0.55  1.05  0.24
% NE      3.05  4.11  3.68  3.52  3.21  3.73  3.77  4.18  5.30  3.26  2.25  2.99
MEAN      3.39  3.45  3.61  3.44  3.14  2.97  3.02  2.86  3.10  3.20  2.94  3.33
STD DEV   1.50  1.53  1.58  1.50  1.48  1.39  1.37  1.38  1.42  1.56  1.31  1.56
SKEW      0.47  0.41  0.41  0.32  0.78  0.73  1.02  0.79  0.61  0.59  0.67  1.03
% ENE     2.67  3.39  4.01  3.20  3.40  2.93  3.18  3.10  3.59  2.93  1.92  2.53
MEAN      3.08  3.34  3.95  3.43  3.31  2.80  2.96  2.81  3.09  3.24  3.06  3.34
STD DEV   1.30  1.47  1.69  1.45  1.39  1.24  1.37  1.30  1.57  1.53  1.54  1.70
SKEW      0.55  0.56  0.42  0.30  0.33  0.50  0.59  0.70  0.92  0.55  1.04  1.31
% E       4.31  4.96  4.88  5.02  4.24  3.99  3.79  4.17  4.77  4.70  3.35  4.24
MEAN      2.90  3.55  3.75  3.39  2.72  2.57  2.53  2.42  2.59  2.60  2.57  3.01
STD DEV   1.24  1.74  1.87  1.60  1.29  1.12  1.18  1.12  1.21  1.27  1.31  1.54
SKEW      0.43  0.64  0.71  0.43  0.67  0.66  0.84  0.98  0.87  0.96  0.90  0.86
% ESE     2.77  3.28  3.29  3.45  2.95  2.90  2.58  2.79  3.20  3.09  2.62  3.33
MEAN      2.81  3.15  3.59  3.39  2.75  2.63  2.49  2.45  2.56  2.54  2.66  3.06
STD DEV   1.19  1.49  1.73  1.53  1.15  1.22  1.08  1.08  1.22  1.23  1.31  1.41
SKEW      0.46  0.95  0.65  0.66  0.38  0.81  0.82  0.55  0.80  0.86  0.91  0.72
% SE      3.39  3.89  4.03  3.99  3.91  4.00  3.19  2.95  4.56  4.22  3.92  4.83
MEAN      3.11  3.34  3.66  3.35  2.70  2.62  2.63  2.31  2.64  2.79  3.17  3.29
STD DEV   1.40  1.75  1.76  1.59  1.20  1.16  1.26  1.01  1.21  1.27  1.72  1.58
SKEW      0.60  2.18  0.71  0.78  0.59  0.65  1.06  0.66  0.60  0.86  1.04  0.93
% SSE     7.17  5.45  5.97  6.98  5.86  5.81  4.30  3.73  5.50  5.66  6.05  6.92
MEAN      3.96  4.46  4.33  4.14  3.49  2.99  2.80  2.64  3.14  3.50  3.85  4.12
STD DEV   1.82  2.16  1.98  1.89  1.58  1.32  1.30  1.20  1.50  1.68  1.93  1.91
SKEW      0.53  1.10  0.43  0.55  0.56  0.57  0.62  0.64  0.67  0.86  0.79  0.66
% S       9.45  7.13  8.82 10.45 10.24 10.52  8.40  7.79  8.19  8.22 10.80 10.15
MEAN      4.62  4.43  4.79  4.51  3.79  3.31  2.95  2.74  3.30  3.62  4.29  4.58
STD DEV   2.17  2.14  2.12  2.06  1.83  1.48  1.39  1.32  1.52  1.77  2.22  2.23
SKEW      0.47  0.50  0.36  0.57  0.68  0.47  0.83  0.76  0.62  0.68  0.75  0.55
% SSW     9.88  8.10  8.31 11.31 10.89 11.05 10.33  7.81  6.92  7.10  9.33  9.25
MEAN      5.04  5.26  5.45  5.36  4.45  3.90  3.49  3.33  3.84  4.08  4.66  4.84
STD DEV   2.32  2.52  2.49  2.29  2.05  1.86  1.65  1.67  1.72  1.87  2.30  2.32
SKEW      0.36  0.50  0.39  0.26  0.56  0.51  0.65  0.79  0.39  0.40  0.56  0.53
% SW      6.30  5.86  5.80  6.73  7.39  7.88  8.05  6.56  4.55  4.73  5.36  6.43
MEAN      4.56  4.91  5.15  4.98  4.13  3.88  3.58  3.32  3.68  3.59  4.12  4.60
STD DEV   2.00  2.40  2.39  2.24  1.96  1.84  1.73  1.66  1.82  1.77  2.22  2.24
SKEW      0.42  0.50  0.48  0.31  0.38  0.54  0.59  0.66  0.57  0.61  0.83  0.78
% WSW     4.34  4.18  5.25  5.56  5.18  5.48  5.90  5.00  3.18  3.25  4.35  5.35
MEAN      4.57  4.61  5.27  5.11  4.02  3.86  3.55  3.43  3.51  3.58  4.09  4.68
STD DEV   2.16  2.30  2.57  2.48  2.01  1.85  1.75  1.66  1.96  1.89  2.04  2.25
SKEW      0.45  0.77  0.63  0.52  0.74  0.37  0.51  0.48  0.77  0.62  0.45  0.49
% W       4.88  5.11  6.05  5.01  4.52  4.27  4.92  3.87  2.95  3.53  5.26  5.02
MEAN      4.10  4.15  4.76  4.63  3.43  3.37  3.13  2.97  2.86  3.10  3.71  4.22
STD DEV   1.95  2.22  2.36  2.38  1.68  1.86  1.62  1.54  1.54  1.71  2.06  1.98
SKEW      0.54  0.66  0.51  0.54  0.50  1.59  0.49  0.81  0.67  0.81  0.89  0.39
% WNW     4.31  5.04  5.42  4.71  3.35  2.68  3.00  2.82  2.03  3.25  5.60  4.64
MEAN      4.41  4.29  4.95  4.60  3.92  3.22  2.97  3.25  2.99  3.32  4.09  4.35
STD DEV   2.01  2.08  2.41  2.37  2.06  1.71  1.53  1.74  1.77  1.67  1.99  2.06
SKEW      0.28  0.53  0.55  0.63  0.77  1.42  0.72  0.92  1.21  0.60  0.65  0.44
% NW      5.33  6.70  5.79  4.07  3.04  2.03  2.30  2.56  2.54  3.94  5.46  5.45
MEAN      4.50  4.49  4.74  4.47  3.56  3.14  2.86  2.98  3.16  3.60  4.17  4.44
STD DEV   2.05  1.97  2.11  2.04  1.76  1.58  1.60  1.63  1.72  1.85  2.10  2.00
SKEW      0.41  0.42  0.46  0.34  0.64  0.78  1.34  1.26  1.00  0.74  0.65  0.41
% NNW     8.40  8.85  7.17  6.11  4.28  3.22  3.74  4.03  4.24  6.24  7.18  6.81
MEAN      4.78  4.67  4.71  4.38  3.73  3.01  2.93  2.94  3.36  3.80  4.39  4.35
STD DEV   2.00  2.13  2.01  1.93  1.91  1.46  1.49  1.43  1.69  1.85  2.15  1.87
SKEW      0.25  0.45  0.44  0.43  0.90  0.76  0.95  0.67  0.65  0.55  0.60  0.31
CALM      9.81 10.01  9.65  9.55 16.99 20.65 22.78 25.39 24.47 23.95 15.68 11.20
FT. CAMPBELL  KY    0.651  PADUCAH       KY    0.200  JACKSON       TN    0.149
 DRESDEN TN                              402600 0
 LATT=  36.28 LONG= -88.72 YEARS= 43. TYPE= 3
 ELEVATION =  420. TP5 = 2.53 TP6= 5.29
 MEAN P   0.47  0.50  0.49  0.48  0.51  0.54  0.59  0.53  0.52  0.47  0.55  0.56
 S DEV P  0.57  0.58  0.59  0.55  0.62  0.62  0.73  0.74  0.62  0.59  0.65  0.71
 SQEW  P  2.14  2.23  3.01  2.32  2.52  2.34  3.21  3.70  1.96  2.26  2.54  2.39
 P(W/W)   0.49  0.43  0.45  0.49  0.48  0.42  0.41  0.38  0.43  0.38  0.43  0.47
 P(W/D)   0.22  0.24  0.28  0.26  0.21  0.18  0.21  0.17  0.17  0.16  0.23  0.23
 TMAX AV 43.59 48.75 59.24 70.87 78.89 86.81 89.82 88.91 83.24 72.59 59.92 48.97
 TMIN AV 23.82 27.38 37.00 47.23 55.65 63.45 66.97 64.77 58.78 46.19 37.32 29.10
 SD TMAX 12.90 13.04 12.24  9.87  7.68  5.57  4.96  5.20  7.72  9.12 11.34 11.67
 SD TMIN 12.15 11.97 11.12  9.74  7.88  5.94  4.94  5.21  8.18  9.83 10.86 11.39
 SOL.RAD  158.  237.  330.  436.  513.  560.  544.  488.  418.  315.  215.  155.
 SD SOL   51.4  56.6  68.9  77.1  81.2  78.3  76.6 134.1  69.3  42.6  39.5  43.8
 MX .5 P  0.58  0.60  0.90  0.96  1.52  1.13  1.94  1.64  1.06  0.62  0.96  0.81
 DEW PT  30.63 31.99 36.49 46.49 56.56 64.78 68.07 67.07 60.14 48.42 37.13 31.20
Time Pk  0.586 0.684 0.737 0.800 0.819 0.826 0.852 0.873 0.887 0.917 0.943 1.000
% N       6.55  6.25  5.75  5.17  4.96  4.12  4.57  6.44  6.44  6.83  5.70  5.92
MEAN      4.45  4.17  4.62  4.24  3.53  3.06  2.91  2.92  3.34  3.66  4.02  4.27
STD DEV   1.86  2.00  1.93  1.89  1.81  1.45  1.33  1.43  1.63  1.81  2.01  1.96
SKEW      0.17  0.43  0.15  0.46  0.54  0.63  0.65  0.83  0.68  0.72  0.40  0.30
% NNE     6.91  7.31  5.72  4.75  4.60  4.14  4.66  6.49  7.32  5.97  4.06  4.90
MEAN      4.44  4.08  4.26  4.01  3.60  3.27  2.92  3.24  3.28  3.72  3.77  4.00
STD DEV   1.79  1.67  1.79  1.66  1.64  1.49  1.32  1.59  1.49  1.78  1.89  1.78
SKEW      0.20  0.34  0.33  0.46  0.55  0.63  0.78  1.05  0.62  0.70  0.82  0.34
% NE      4.40  5.35  4.65  4.59  4.91  4.06  5.70  6.71  7.96  6.11  4.59  4.06
MEAN      3.63  3.46  3.73  3.73  3.09  2.80  2.79  2.79  2.96  3.08  3.18  3.35
STD DEV   1.65  1.47  1.60  1.53  1.49  1.24  1.26  1.33  1.40  1.50  1.55  1.54
SKEW      0.48  0.39  0.28  0.20  0.69  0.85  1.00  0.98  1.07  0.93  0.65  0.71
% ENE     4.56  6.09  5.41  4.78  4.78  4.10  4.54  5.24  6.51  4.44  3.09  3.84
MEAN      3.39  3.44  4.06  3.56  3.07  2.63  2.82  2.74  3.02  2.96  3.20  3.34
STD DEV   1.36  1.44  1.78  1.44  1.25  1.09  1.29  1.27  1.41  1.39  1.66  1.60
SKEW      0.37  0.58  0.51  0.29  0.42  0.76  0.80  1.01  0.97  0.92  1.11  1.10
% E       3.70  4.63  4.72  4.66  4.88  4.38  4.56  5.13  5.39  4.30  2.92  3.58
MEAN      2.80  3.10  3.50  3.30  2.52  2.33  2.29  2.24  2.40  2.37  2.41  2.84
STD DEV   1.13  1.45  1.72  1.52  1.14  1.00  1.00  0.98  1.11  1.15  1.12  1.33
SKEW      0.44  0.61  0.73  0.64  0.81  0.96  0.95  1.02  1.14  1.35  0.84  0.83
% ESE     2.99  3.96  3.67  3.32  3.59  3.55  3.07  3.11  3.76  3.24  2.44  3.55
MEAN      2.84  3.00  3.42  2.90  2.52  2.44  2.27  2.28  2.47  2.44  2.53  2.87
STD DEV   1.25  1.32  1.65  1.29  1.06  1.05  0.93  0.94  1.12  1.08  1.18  1.29
SKEW      0.43  0.87  0.81  0.63  0.61  1.01  1.06  0.86  0.86  0.85  0.71  0.76
% SE      2.96  3.80  4.54  2.99  3.87  3.89  2.93  2.96  4.18  3.87  3.17  4.17
MEAN      3.05  3.29  3.47  2.93  2.33  2.40  2.38  2.14  2.42  2.57  2.89  3.19
STD DEV   1.34  1.59  1.72  1.38  1.04  1.04  1.05  0.87  1.01  1.11  1.43  1.59
SKEW      0.51  1.23  0.87  0.88  0.83  0.70  0.97  0.86  0.86  0.74  0.91  0.94
% SSE     6.07  5.09  5.87  6.16  5.59  5.51  4.94  3.95  5.48  6.11  6.55  7.46
MEAN      3.88  3.99  4.05  3.82  3.17  2.72  2.67  2.48  3.04  3.19  3.76  3.99
STD DEV   1.72  1.87  1.94  1.88  1.50  1.14  1.25  1.08  1.47  1.49  1.97  1.85
SKEW      0.50  0.89  0.62  0.73  0.88  0.53  0.86  0.83  0.75  0.82  0.89  0.62
% S       9.40  7.71  8.56  9.35  8.75  9.93  8.84  7.48  8.03  8.92  9.47 10.33
MEAN      4.84  4.33  4.64  4.18  3.46  3.08  2.98  2.68  3.33  3.52  4.35  4.51
STD DEV   2.26  2.03  2.09  1.96  1.73  1.43  1.41  1.26  1.60  1.66  2.28  2.17
SKEW      0.51  0.46  0.41  0.77  0.87  0.83  0.84  0.80  0.77  0.71  0.73  0.62
% SSW    13.69  9.99 10.84 13.93 12.50 14.06 12.56  8.52  7.42  9.14 11.38 11.73
MEAN      5.69  5.50  5.91  5.29  4.50  4.11  3.61  3.44  3.91  4.26  4.83  5.16
STD DEV   2.60  2.45  2.53  2.23  2.09  1.77  1.61  1.69  1.81  1.96  2.28  2.28
SKEW      0.44  0.37  0.42  0.38  0.70  0.52  0.67  0.91  0.67  0.41  0.60  0.50
% SW      6.49  6.36  6.28  8.11  8.67  9.63  9.51  7.57  5.26  5.48  6.57  7.03
MEAN      4.85  5.05  5.34  5.38  4.15  3.91  3.77  3.38  3.70  3.82  4.49  4.49
STD DEV   2.17  2.45  2.49  2.35  2.05  1.89  1.82  1.66  1.84  1.94  2.35  2.07
SKEW      0.47  0.50  0.49  0.27  0.54  0.59  0.51  0.69  0.47  0.56  0.71  0.52
% WSW     4.51  4.70  5.39  5.84  6.62  7.26  6.01  5.14  3.29  3.74  5.16  5.26
MEAN      4.76  5.01  6.08  5.48  4.18  4.23  3.64  3.57  3.53  3.65  4.60  4.89
STD DEV   2.39  2.39  2.75  2.76  2.01  1.93  1.78  1.78  1.92  1.90  2.19  2.39
SKEW      0.72  0.47  0.40  0.47  0.65  0.34  0.62  0.66  0.84  0.74  0.50  0.60
% W       3.73  4.37  5.03  4.11  4.41  4.16  4.29  4.11  3.04  3.32  5.39  4.94
MEAN      4.19  4.32  5.08  4.81  3.56  3.40  3.08  2.96  2.67  3.08  3.84  4.36
STD DEV   2.02  2.24  2.38  2.51  1.68  1.75  1.55  1.55  1.40  1.67  2.11  2.10
SKEW      0.52  0.53  0.28  0.77  0.53  1.14  0.81  0.80  0.89  0.79  0.77  0.36
% WNW     4.87  4.99  5.57  5.51  3.64  2.65  2.59  3.13  2.26  3.35  6.23  5.21
MEAN      4.88  4.94  5.56  5.11  4.31  3.34  3.03  3.26  2.99  3.88  4.49  5.08
STD DEV   2.16  2.23  2.51  2.44  2.13  1.58  1.42  1.68  1.53  2.03  2.10  2.34
SKEW      0.25  0.32  0.53  0.50  0.66  0.85  0.55  1.00  0.90  0.50  0.42  0.42
% NW      4.70  5.67  5.44  4.74  2.96  2.08  2.50  2.98  2.81  3.84  5.43  4.89
MEAN      4.77  4.71  5.12  4.94  3.78  2.97  2.74  2.93  3.31  3.84  4.54  4.35
STD DEV   2.10  2.24  2.26  2.22  1.95  1.41  1.41  1.60  1.73  2.03  2.31  1.96
SKEW      0.22  0.29  0.31  0.27  0.69  0.47  0.91  1.16  0.83  0.67  0.61  0.26
% NNW     8.32  7.37  6.72  5.87  3.86  2.72  2.94  3.80  4.16  5.30  6.94  5.96
MEAN      5.04  5.36  5.10  4.85  4.02  3.24  3.03  3.07  3.53  4.16  4.82  4.67
STD DEV   1.99  2.05  2.12  1.94  1.88  1.45  1.39  1.43  1.76  1.87  2.18  1.83
SKEW      0.20  0.08  0.18  0.26  0.51  0.61  0.71  0.61  0.69  0.42  0.39  0.15
CALM      6.23  6.36  5.83  6.01 11.40 13.77 15.71 17.26 16.69 16.07 10.91  7.15
DYERSBERG     TN    0.420  PADUCAH       KY    0.325  FT. CAMPBELL  KY    0.255
 JEFFERSON CITY EVAP TN                  404609 0
 LATT=  36.12 LONG= -83.50 YEARS= 34. TYPE= 3
 ELEVATION = 1200. TP5 = 2.45 TP6= 5.25
 MEAN P   0.35  0.37  0.39  0.35  0.33  0.37  0.37  0.32  0.35  0.35  0.36  0.37
 S DEV P  0.39  0.39  0.48  0.41  0.37  0.44  0.45  0.42  0.42  0.46  0.46  0.51
 SQEW  P  2.04  1.77  2.60  2.07  1.97  2.32  2.13  2.81  2.14  2.05  2.34  3.08
 P(W/W)   0.52  0.52  0.49  0.51  0.53  0.50  0.51  0.45  0.44  0.48  0.51  0.49
 P(W/D)   0.27  0.28  0.35  0.27  0.27  0.26  0.28  0.23  0.19  0.17  0.24  0.25
 TMAX AV 45.80 50.55 60.04 69.29 77.11 83.59 86.91 86.84 81.85 70.48 59.20 49.41
 TMIN AV 26.25 28.76 35.97 44.03 52.97 60.53 64.58 63.45 57.38 44.36 36.02 29.52
 SD TMAX 11.34 11.57 11.30 12.13  7.92  5.73  5.03  5.07  7.68  9.14 10.47 10.34
 SD TMIN 11.27 11.07 10.08  9.10  7.67  5.62  4.23  4.45  7.00  8.92 10.27 10.88
 SOL.RAD  176.  255.  344.  463.  535.  570.  549.  498.  429.  328.  229.  176.
 SD SOL   49.1  54.2  68.2  72.0  77.8  78.4  78.6 157.3  70.2  41.9  38.2  40.0
 MX .5 P  0.33  0.44  0.61  1.02  1.33  1.11  1.36  1.01  1.14  0.55  0.63  0.53
 DEW PT  30.66 30.66 34.34 43.47 54.49 61.53 65.81 66.44 58.81 49.25 36.78 29.47
Time Pk  0.651 0.741 0.785 0.838 0.856 0.865 0.884 0.902 0.915 0.931 0.965 1.000
% N       5.71  5.74  5.15  4.61  4.62  4.78  4.30  6.03  7.05  5.92  4.69  5.03
MEAN      3.34  3.32  3.33  3.49  3.25  3.20  2.84  2.91  2.90  3.19  3.23  3.26
STD DEV   1.70  1.69  1.62  1.72  1.73  1.46  1.36  1.34  1.40  1.54  1.64  1.60
SKEW      0.63  0.86  0.66  0.66  0.88  0.63  0.74  0.68  0.89  0.66  0.63  0.50
% NNE     6.01  5.28  4.80  4.16  4.52  4.82  4.66  5.78  6.31  5.79  3.85  4.23
MEAN      3.56  3.60  3.61  3.80  3.36  3.09  2.94  2.99  3.13  3.19  2.94  3.26
STD DEV   1.52  1.66  1.53  1.61  1.70  1.38  1.27  1.34  1.39  1.50  1.26  1.62
SKEW      0.54  0.71  0.63  0.44  0.65  0.69  0.52  0.61  0.69  0.70  0.64  1.12
% NE     12.12 12.05 10.98  9.14  9.46 10.26  8.50 10.57 12.34 13.93 11.45 11.65
MEAN      2.98  2.84  3.06  3.10  2.91  2.74  2.45  2.47  2.77  2.78  2.66  2.72
STD DEV   1.43  1.29  1.35  1.46  1.28  1.26  1.08  1.11  1.23  1.33  1.25  1.23
SKEW      0.91  0.89  0.77  1.02  0.71  0.94  0.91  1.18  0.90  1.09  0.88  0.89
% ENE     5.73  5.52  5.20  4.67  5.65  5.48  5.26  6.59  8.32  7.75  5.30  5.37
MEAN      2.87  2.94  3.00  2.94  3.04  2.69  2.63  2.47  2.90  2.65  2.51  2.65
STD DEV   1.49  1.28  1.47  1.40  1.50  1.27  1.21  1.15  1.42  1.35  1.27  1.22
SKEW      1.08  0.52  0.73  0.84  0.77  0.91  0.97  0.74  1.26  0.96  1.00  0.69
% E       3.56  3.72  3.56  3.19  4.17  3.99  3.92  4.70  5.66  4.93  4.41  4.05
MEAN      2.12  2.33  2.53  2.40  2.40  2.34  2.16  2.18  2.29  2.04  2.12  2.13
STD DEV   1.08  1.00  1.27  1.05  1.20  1.10  0.99  1.03  1.09  0.97  1.18  1.02
SKEW      0.90  0.81  0.92  0.78  0.95  0.89  0.98  0.86  0.94  1.31  1.83  1.14
% ESE     1.59  1.89  2.12  2.47  2.41  2.62  2.49  2.68  2.81  2.67  2.34  1.98
MEAN      2.28  2.31  2.49  2.87  2.51  2.22  2.13  2.05  2.26  2.08  2.20  2.28
STD DEV   1.05  1.02  1.26  1.58  1.29  0.92  0.89  0.92  1.02  1.05  1.12  1.20
SKEW      0.84  0.56  0.83  1.10  0.92  0.57  0.94  0.74  0.95  1.16  1.17  1.27
% SE      2.34  2.42  2.63  3.01  2.89  3.02  3.44  3.00  3.00  2.98  3.23  2.84
MEAN      2.18  2.48  2.58  2.68  2.41  2.23  2.19  2.03  2.18  2.12  2.15  2.26
STD DEV   1.12  1.31  1.43  1.39  1.14  1.00  1.06  0.93  0.95  1.12  1.06  1.13
SKEW      0.99  0.79  1.24  0.93  0.84  0.77  0.98  0.93  0.95  1.47  1.11  0.96
% SSE     2.29  2.79  3.08  3.43  2.85  2.68  3.15  2.62  2.82  2.87  3.20  2.85
MEAN      2.54  2.74  3.23  3.51  2.44  2.21  2.09  2.02  2.25  2.17  2.77  2.62
STD DEV   1.26  1.23  2.04  2.09  1.08  1.08  0.94  0.85  0.89  1.04  1.85  1.43
SKEW      0.89  0.63  1.11  1.04  0.94  1.23  0.87  0.72  0.56  0.79  1.73  0.86
% S       4.08  4.20  4.55  4.78  4.28  4.34  5.04  3.97  4.53  4.14  4.64  4.79
MEAN      2.97  3.20  3.27  3.53  2.69  2.51  2.58  2.22  2.53  2.43  3.10  3.08
STD DEV   1.77  1.99  1.90  2.30  1.42  1.32  1.23  1.12  1.45  1.28  2.00  2.05
SKEW      1.12  1.26  1.11  1.27  1.22  1.42  1.21  0.88  1.46  1.30  1.31  1.65
% SSW     4.32  4.27  4.45  5.68  5.58  5.02  5.59  3.83  3.76  3.44  3.80  4.56
MEAN      3.64  3.62  3.86  4.05  3.23  3.15  3.08  2.90  3.02  3.01  3.53  3.49
STD DEV   2.16  2.03  2.08  2.41  1.51  1.65  1.48  1.50  1.39  1.62  2.27  2.03
SKEW      1.18  1.04  0.90  1.07  0.64  1.08  0.81  0.90  0.70  1.04  1.22  1.03
% SW     10.34  9.66 10.71 11.26 11.76 10.84 11.60  6.84  6.28  6.02  8.96 10.27
MEAN      4.48  4.51  4.71  4.67  3.97  3.51  3.44  2.99  3.18  3.26  4.00  4.29
STD DEV   2.26  2.44  2.42  2.46  1.90  1.75  1.63  1.46  1.51  1.67  2.12  2.27
SKEW      0.69  0.75  0.79  0.82  0.73  0.84  0.69  0.84  0.67  0.80  0.87  0.66
% WSW    10.18  9.80 11.09 11.61  9.96  8.48  8.48  6.73  5.43  6.07  8.93  9.66
MEAN      4.81  4.93  5.39  5.43  4.21  3.76  3.53  3.37  3.54  3.69  4.42  4.79
STD DEV   2.26  2.50  2.61  2.52  1.99  1.71  1.50  1.55  1.66  1.81  2.11  2.29
SKEW      0.76  1.26  0.67  0.61  0.72  0.60  0.78  0.70  0.63  0.74  0.66  0.62
% W       9.46 10.10  9.81  9.38  8.00  8.28  7.00  6.65  4.88  6.12  8.76  9.62
MEAN      4.63  4.59  4.90  4.93  3.88  3.61  3.23  3.23  3.14  3.53  4.22  4.39
STD DEV   2.16  2.20  2.47  2.43  1.95  1.70  1.44  1.47  1.42  1.69  2.11  2.12
SKEW      0.49  0.51  0.63  0.69  0.77  0.58  0.57  0.66  0.73  0.71  0.63  0.62
% WNW     5.18  5.78  6.71  5.81  4.17  3.99  3.46  3.70  3.29  3.86  5.22  4.99
MEAN      4.51  4.99  5.12  5.02  3.76  3.23  3.17  3.20  3.15  3.40  4.47  4.46
STD DEV   2.00  2.29  2.38  2.46  1.74  1.32  1.38  1.43  1.53  1.59  2.30  2.26
SKEW      0.38  0.31  0.35  0.42  0.50  0.52  0.66  0.44  0.90  0.48  0.65  0.60
% NW      4.27  4.36  4.63  3.89  3.37  3.38  3.24  3.72  2.68  2.99  3.94  4.03
MEAN      3.67  3.96  3.99  4.12  3.16  2.98  2.96  2.98  2.81  3.11  3.71  3.57
STD DEV   1.91  2.25  2.02  2.13  1.47  1.46  1.51  1.54  1.40  1.50  2.08  1.84
SKEW      0.64  0.89  0.85  0.70  0.53  0.75  1.02  0.83  0.91  0.81  0.76  0.66
% NNW     2.19  2.37  2.48  2.80  2.34  2.09  1.78  2.11  1.83  2.33  1.94  1.88
MEAN      3.50  3.18  3.71  3.59  3.35  3.02  2.64  2.72  2.96  3.00  3.23  3.35
STD DEV   1.74  1.37  1.68  1.64  1.45  1.48  1.12  1.18  1.29  1.39  1.60  1.66
SKEW      0.80  0.49  0.48  0.49  0.35  0.77  0.55  0.56  0.47  0.59  0.58  0.80
CALM     10.75 10.03  8.09 10.00 13.82 16.05 18.04 20.68 19.19 18.20 15.33 12.27
KNOXVILLE     TN    0.572  BRISTOL       TN    0.226  LONDON        KY    0.202
 LEXINGTON TN                            405210 0
 LATT=  35.67 LONG= -88.42 YEARS= 30. TYPE= 3
 ELEVATION =  540. TP5 = 2.51 TP6= 5.25
 MEAN P   0.40  0.49  0.52  0.51  0.61  0.57  0.56  0.53  0.51  0.62  0.58  0.54
 S DEV P  0.47  0.55  0.56  0.55  0.67  0.60  0.62  0.62  0.74  0.70  0.67  0.69
 SQEW  P  1.86  2.72  1.82  2.60  2.03  1.86  1.91  1.79  3.17  1.55  2.91  2.24
 P(W/W)   0.46  0.48  0.41  0.44  0.51  0.42  0.38  0.41  0.47  0.36  0.37  0.44
 P(W/D)   0.18  0.19  0.20  0.19  0.17  0.14  0.18  0.13  0.14  0.13  0.20  0.17
 TMAX AV 46.56 50.65 61.13 72.03 78.50 86.61 89.88 88.53 83.31 73.58 61.43 50.76
 TMIN AV 25.69 28.15 37.36 47.12 55.03 64.22 67.94 66.31 60.43 47.02 38.15 29.80
 SD TMAX 13.02 12.14 11.63  9.26  7.41  5.32  5.38  5.19  7.51  8.63 10.66 12.29
 SD TMIN 11.65 10.81 10.33  9.27  7.89  5.67  4.40  4.91  8.06  9.71 10.26 11.23
 SOL.RAD  152.  233.  328.  432.  508.  557.  540.  484.  411.  313.  209.  154.
 SD SOL   53.6  57.9  68.6  77.2  81.6  77.8  76.6 129.7  71.0  43.4  41.7  44.3
 MX .5 P  0.57  0.63  0.93  0.95  1.54  1.11  1.94  1.69  1.08  0.68  1.16  0.85
 DEW PT  31.04 32.44 36.72 46.72 56.89 64.94 68.17 67.17 60.34 48.55 37.32 31.49
Time Pk  0.575 0.677 0.731 0.787 0.804 0.820 0.845 0.865 0.883 0.911 0.945 1.000
% N       6.80  6.29  4.98  4.52  4.70  3.67  4.51  6.56  8.67  6.94  5.68  6.00
MEAN      4.34  3.92  4.00  3.88  3.41  3.23  2.94  2.95  3.37  3.69  3.70  4.11
STD DEV   1.68  1.62  1.61  1.71  1.54  1.42  1.21  1.25  1.46  1.71  1.56  1.76
SKEW      0.39  0.44  0.36  0.52  0.69  0.57  0.43  0.68  0.52  0.74  0.29  0.39
% NNE     5.96  6.59  5.31  4.77  4.51  3.34  5.39  6.23  7.97  5.44  3.89  4.27
MEAN      4.19  3.89  4.03  3.92  3.49  3.26  3.17  3.44  3.56  3.74  3.74  3.94
STD DEV   1.54  1.60  1.57  1.61  1.59  1.31  1.39  1.51  1.50  1.74  1.75  1.73
SKEW      0.26  0.38  0.30  0.27  0.66  0.34  0.71  0.47  0.55  0.71  0.50  0.24
% NE      2.95  4.52  3.38  3.42  3.29  3.20  4.22  4.42  5.94  3.72  2.37  2.49
MEAN      3.51  3.30  3.54  3.36  2.98  2.81  3.02  2.86  3.05  3.12  3.19  3.27
STD DEV   1.37  1.40  1.54  1.40  1.37  1.24  1.24  1.33  1.34  1.41  1.36  1.42
SKEW      0.11  0.48  0.56  0.45  1.16  0.71  0.77  0.82  0.51  0.49  0.84  0.85
% ENE     1.46  2.47  2.85  2.16  2.27  1.63  2.03  2.14  2.56  2.11  1.30  1.86
MEAN      3.20  3.22  3.82  3.32  3.10  2.81  3.07  2.70  2.95  2.91  3.17  3.53
STD DEV   1.13  1.34  1.60  1.24  1.24  1.10  1.37  1.21  1.36  1.30  1.51  1.40
SKEW      0.25  0.72  0.40  0.30  0.36  0.59  0.73  0.71  0.79  0.71  0.66  0.47
% E       3.33  4.41  3.79  4.12  3.97  3.51  3.66  4.16  5.32  4.96  3.46  4.13
MEAN      3.16  3.51  3.55  3.21  2.64  2.46  2.56  2.37  2.67  2.44  2.62  3.04
STD DEV   1.32  1.68  1.75  1.47  1.16  0.93  1.06  0.94  1.13  1.05  1.21  1.43
SKEW      0.52  0.89  0.89  0.44  0.85  0.94  0.89  1.15  0.90  1.04  0.72  0.94
% ESE     2.86  3.74  3.64  3.23  2.91  3.14  3.11  3.45  3.97  3.78  2.20  3.58
MEAN      3.28  3.51  3.87  3.86  2.96  2.91  2.81  2.59  2.79  2.64  2.95  3.47
STD DEV   1.13  1.38  1.67  1.77  1.12  1.18  1.13  1.12  1.12  1.19  1.35  1.53
SKEW      0.16  0.75  0.74  1.03  0.34  0.81  0.65  0.90  0.66  0.88  0.93  0.84
% SE      6.46  7.40  8.12  6.63  7.58  8.01  7.24  6.80  8.55  8.45  6.87  9.33
MEAN      3.76  3.72  4.11  3.46  2.97  2.95  2.78  2.54  2.83  2.91  3.35  3.93
STD DEV   1.54  1.77  1.90  1.53  1.36  1.28  1.25  1.13  1.29  1.37  1.93  1.91
SKEW      0.63  1.28  0.65  0.70  0.69  0.76  1.05  1.15  0.89  0.99  1.24  0.83
% SSE    13.51  9.45 10.12  9.77  7.82  7.49  7.50  4.67  6.63  6.98  8.85 12.11
MEAN      5.26  5.11  5.30  4.65  3.89  3.44  3.25  2.77  3.50  3.84  4.78  5.09
STD DEV   1.98  2.15  2.38  2.08  1.72  1.37  1.37  1.20  1.48  1.62  2.22  2.15
SKEW      0.38  0.51  0.67  0.68  0.44  0.38  0.64  0.71  0.46  0.55  0.56  0.53
% S      11.18  6.78  8.47 10.04  9.05  9.77  8.76  7.24  6.33  7.11  8.70  8.39
MEAN      5.23  4.93  4.89  4.57  3.83  3.48  3.13  2.91  3.36  3.64  4.14  4.74
STD DEV   2.12  2.13  2.09  1.89  1.75  1.39  1.35  1.26  1.40  1.53  2.03  2.13
SKEW      0.42  0.23  0.46  0.39  0.63  0.34  0.65  0.75  0.49  0.46  0.75  0.53
% SSW    10.09  8.77  8.44 10.61 11.39 12.56 10.84  7.69  5.38  5.56  8.17  7.56
MEAN      5.37  5.36  5.13  5.16  4.39  3.95  3.56  3.29  3.60  3.98  4.59  4.54
STD DEV   2.22  2.38  2.28  2.13  2.04  1.61  1.49  1.53  1.42  1.75  2.01  2.14
SKEW      0.39  0.54  0.67  0.47  0.60  0.35  0.56  0.81  0.22  0.50  0.38  0.85
% SW      4.28  5.72  5.12  5.53  6.97  8.48  7.62  6.14  3.35  3.75  5.03  5.73
MEAN      4.12  4.43  4.58  4.28  3.79  3.70  3.37  3.20  3.40  3.27  3.62  4.13
STD DEV   1.81  2.11  2.03  2.06  1.80  1.67  1.51  1.45  1.65  1.47  1.74  2.06
SKEW      0.38  0.76  0.53  0.63  0.59  0.60  0.62  0.57  0.69  0.48  0.76  1.30
% WSW     3.05  3.63  4.90  4.59  4.46  5.21  4.71  4.34  2.03  2.46  4.08  4.53
MEAN      4.00  4.29  4.85  4.90  3.71  3.63  3.42  3.39  3.19  3.08  3.62  4.16
STD DEV   1.79  1.91  2.26  2.39  1.75  1.60  1.49  1.49  1.55  1.37  1.71  1.70
SKEW      0.55  0.96  0.49  0.80  0.72  0.35  0.39  0.43  0.68  0.49  0.64  0.13
% W       3.18  3.65  4.76  4.25  4.02  3.85  3.70  3.38  2.04  2.73  4.75  3.93
MEAN      4.06  3.90  4.36  4.47  3.17  3.28  2.98  2.91  2.85  2.84  3.67  4.16
STD DEV   1.81  1.97  2.08  2.10  1.53  1.49  1.41  1.22  1.32  1.26  1.76  1.78
SKEW      0.46  0.67  0.42  0.36  0.76  0.73  0.49  0.51  0.59  0.74  0.69  0.57
% WNW     5.41  5.95  6.58  6.95  5.30  4.08  3.63  4.00  2.68  3.79  6.89  5.79
MEAN      4.59  4.52  5.05  4.68  3.98  3.22  3.03  3.22  2.99  3.46  4.13  4.39
STD DEV   1.75  1.97  2.23  2.01  1.90  1.44  1.44  1.48  1.59  1.60  1.82  1.83
SKEW      0.34  0.60  0.41  0.37  0.65  0.88  0.67  0.62  1.28  0.73  0.58  0.34
% NW      6.05  7.16  6.71  5.86  4.49  3.31  3.57  4.80  4.66  5.29  6.69  5.78
MEAN      4.58  4.58  4.67  4.49  3.54  3.15  2.84  3.02  3.33  3.79  4.10  4.31
STD DEV   1.86  1.89  1.98  1.87  1.75  1.40  1.30  1.41  1.60  1.87  1.82  1.92
SKEW      0.40  0.41  0.24  0.21  0.60  0.64  1.01  1.02  0.85  0.78  0.59  0.50
% NNW     8.90  7.44  6.97  7.58  4.95  4.11  4.48  5.30  6.05  7.63  7.76  6.63
MEAN      4.80  4.58  4.63  4.44  3.71  3.16  2.84  3.02  3.38  3.73  4.52  4.45
STD DEV   1.82  2.08  1.84  1.78  1.72  1.37  1.33  1.30  1.47  1.70  1.96  2.01
SKEW      0.28  0.79  0.38  0.37  0.64  0.54  1.00  0.56  0.58  0.57  0.33  0.69
CALM      4.61  6.05  5.99  5.87 12.30 14.48 14.90 18.77 17.92 19.24 13.35  7.96
JACKSON       TN    0.580  FT. CAMPBELL  KY    0.214  MUSCLE SHOALS AL    0.207
 PIKEVILLE TN                            407184 0
 LATT=  35.62 LONG= -85.20 YEARS= 30. TYPE= 3
 ELEVATION =  880. TP5 = 2.48 TP6= 5.04
 MEAN P   0.48  0.49  0.57  0.49  0.48  0.42  0.44  0.41  0.49  0.52  0.57  0.55
 S DEV P  0.51  0.52  0.68  0.63  0.55  0.43  0.49  0.44  0.59  0.55  0.56  0.68
 SQEW  P  1.87  2.30  3.02  4.20  3.05  2.62  1.88  2.20  2.31  1.52  2.08  3.24
 P(W/W)   0.47  0.43  0.38  0.48  0.47  0.46  0.45  0.41  0.49  0.34  0.40  0.43
 P(W/D)   0.21  0.23  0.25  0.22  0.25  0.19  0.25  0.20  0.17  0.15  0.21  0.25
 TMAX AV 48.55 53.19 63.52 72.97 79.57 85.75 88.50 87.94 82.59 73.22 61.72 52.08
 TMIN AV 27.13 29.08 37.41 44.94 53.13 60.92 65.11 63.98 58.06 44.77 36.50 29.98
 SD TMAX 10.77 10.88 10.53  8.92  6.82  5.09  5.13  4.57  6.82  7.73  9.57 10.08
 SD TMIN 11.66 11.60 10.40  9.96  8.36  6.02  4.54  4.94  8.15 10.43 10.67 11.63
 SOL.RAD  161.  239.  331.  448.  517.  554.  530.  479.  415.  318.  214.  162.
 SD SOL   51.5  56.4  67.4  70.9  76.5  76.4  77.7 123.7  69.0  42.5  41.1  42.8
 MX .5 P  0.54  0.52  0.76  1.02  1.42  1.20  1.83  1.17  1.04  0.60  0.62  0.60
 DEW PT  31.59 31.81 35.51 45.51 56.11 63.21 67.40 67.78 60.19 50.08 37.89 30.81
Time Pk  0.598 0.690 0.741 0.798 0.816 0.829 0.854 0.871 0.885 0.918 0.953 1.000
% N      10.72 10.47  7.92  7.25  6.24  6.09  5.47  7.21  7.82  8.45  7.99  8.34
MEAN      3.62  3.51  3.58  3.66  3.19  2.92  2.75  2.72  2.80  3.20  3.39  3.44
STD DEV   1.68  1.69  1.72  1.70  1.66  1.36  1.28  1.29  1.38  1.61  1.69  1.64
SKEW      0.52  0.61  0.60  0.48  0.82  0.84  0.62  0.78  0.88  0.75  0.65  0.52
% NNE     7.98  8.05  6.60  6.18  6.22  6.34  6.48  7.70  9.27  7.69  6.57  7.46
MEAN      3.63  3.57  3.55  3.64  3.30  2.92  2.91  2.90  3.16  3.26  3.08  3.45
STD DEV   1.61  1.67  1.51  1.58  1.60  1.24  1.28  1.30  1.47  1.52  1.32  1.60
SKEW      0.50  0.71  0.50  0.47  0.57  0.65  0.59  0.61  0.77  0.79  0.63  0.71
% NE      7.44  7.70  6.85  6.20  6.17  6.91  6.17  7.87  9.09  8.62  7.36  7.41
MEAN      2.89  2.99  3.14  3.08  2.80  2.72  2.63  2.66  2.86  2.94  2.74  2.80
STD DEV   1.33  1.39  1.43  1.43  1.32  1.19  1.18  1.20  1.34  1.49  1.20  1.29
SKEW      0.69  0.86  0.71  0.72  0.75  0.92  0.83  0.80  0.74  1.11  0.52  0.81
% ENE     2.69  2.43  2.46  2.57  3.26  3.43  3.48  4.09  4.58  3.67  2.78  2.45
MEAN      2.32  2.47  2.59  2.78  2.84  2.39  2.56  2.38  2.58  2.53  2.53  2.22
STD DEV   0.96  1.10  1.16  1.36  1.56  1.11  1.20  1.08  1.26  1.29  1.17  0.97
SKEW      0.31  0.78  0.48  1.16  1.16  1.08  0.82  0.70  0.96  1.03  0.78  0.65
% E       1.52  1.75  1.67  1.80  2.03  2.71  3.15  2.89  3.07  2.01  1.79  1.82
MEAN      1.89  2.11  2.16  2.30  2.02  2.18  2.14  2.01  2.03  1.99  1.97  1.89
STD DEV   0.81  0.80  0.99  1.04  0.86  0.99  0.97  0.89  0.90  0.96  0.86  0.83
SKEW      0.94  0.47  1.15  0.84  0.86  1.00  1.08  0.77  0.70  0.94  0.79  0.84
% ESE     1.46  1.36  1.61  1.85  2.16  2.77  2.94  2.09  2.63  1.94  1.50  1.56
MEAN      2.07  2.13  2.16  2.44  2.18  2.15  2.02  1.91  2.13  1.82  1.92  1.89
STD DEV   0.92  0.83  1.01  1.16  1.01  0.86  0.93  0.83  0.89  0.72  0.76  0.92
SKEW      0.59  0.43  0.87  0.68  0.74  0.74  1.38  0.89  0.69  0.86  0.63  0.72
% SE      2.94  2.38  2.62  3.11  3.31  3.95  4.31  3.48  4.51  3.55  3.27  3.21
MEAN      2.22  2.46  2.26  2.47  2.25  2.20  2.09  1.96  2.21  2.16  2.08  2.24
STD DEV   1.07  1.35  1.16  1.17  1.02  1.02  0.97  0.85  1.00  1.05  0.96  1.20
SKEW      1.12  1.21  1.25  0.86  0.73  1.07  1.15  0.73  1.13  1.04  1.15  1.40
% SSE     4.31  3.65  4.68  5.93  5.49  5.78  6.01  5.43  6.19  4.94  4.87  4.98
MEAN      2.66  2.96  3.00  3.56  2.62  2.36  2.20  2.14  2.53  2.36  2.73  2.83
STD DEV   1.35  1.41  1.71  1.81  1.24  1.13  1.00  0.94  1.11  1.12  1.55  1.49
SKEW      1.08  0.81  1.04  0.72  0.95  1.14  1.21  1.02  0.64  1.11  1.21  0.84
% S      12.33 10.44 12.81 13.64 11.66 10.42 10.96  9.18  9.17  8.66 11.10 12.02
MEAN      3.16  3.43  3.62  3.66  2.88  2.57  2.48  2.30  2.57  2.58  3.17  3.24
STD DEV   1.55  1.72  1.90  1.91  1.44  1.27  1.17  1.16  1.28  1.36  1.79  1.84
SKEW      0.68  0.64  0.96  0.74  0.91  1.16  1.09  1.07  1.12  1.06  1.07  1.07
% SSW     7.56  6.78  7.79  8.64  7.73  6.76  7.56  6.47  5.07  5.08  5.99  7.41
MEAN      3.49  3.59  3.83  4.16  3.19  2.93  2.76  2.72  2.79  2.79  3.45  3.36
STD DEV   1.80  1.88  1.82  2.14  1.63  1.44  1.32  1.41  1.31  1.44  1.89  1.81
SKEW      0.73  0.76  0.55  0.58  0.92  0.92  0.79  0.84  0.70  0.92  0.93  0.87
% SW      6.36  6.38  7.25  7.77  7.59  7.52  8.23  5.85  4.64  4.31  6.04  6.54
MEAN      3.71  3.87  4.13  4.20  3.41  3.12  2.97  2.70  2.70  2.87  3.35  3.73
STD DEV   1.94  2.14  2.15  2.16  1.73  1.55  1.42  1.31  1.31  1.57  1.80  2.04
SKEW      0.75  0.63  0.82  0.52  0.77  0.81  0.70  0.84  0.84  0.96  0.86  0.73
% WSW     5.02  5.34  6.25  6.06  5.95  5.96  5.78  4.63  3.43  3.61  4.39  5.25
MEAN      3.84  4.16  4.63  4.56  3.62  3.28  3.04  2.92  2.93  2.94  3.42  3.65
STD DEV   2.11  2.24  2.46  2.35  1.77  1.54  1.46  1.39  1.49  1.49  1.83  1.95
SKEW      0.95  0.71  0.69  0.53  0.61  0.58  0.69  0.67  0.90  0.75  0.79  0.76
% W       5.09  5.78  6.35  5.12  5.42  5.79  4.98  5.00  3.52  3.88  5.04  5.26
MEAN      3.89  4.07  4.53  4.27  3.42  3.12  2.86  2.75  2.56  2.90  3.63  3.66
STD DEV   2.05  2.26  2.33  2.29  1.76  1.54  1.35  1.39  1.25  1.51  1.97  1.91
SKEW      0.71  0.59  0.45  0.61  0.73  0.71  0.64  0.90  0.89  0.82  0.55  0.54
% WNW     3.91  4.83  5.39  4.20  3.44  3.05  2.77  3.21  2.58  2.82  4.39  3.92
MEAN      3.95  4.17  4.48  4.43  3.58  2.94  2.82  2.79  2.60  2.97  3.89  3.88
STD DEV   1.87  2.00  2.07  2.22  1.75  1.33  1.24  1.42  1.33  1.53  1.95  1.87
SKEW      0.46  0.46  0.29  0.40  0.50  0.57  0.67  0.83  1.35  0.72  0.36  0.43
% NW      4.33  5.87  4.83  3.80  3.10  3.14  2.86  3.22  2.48  3.16  4.64  4.43
MEAN      3.75  3.87  4.10  3.98  3.10  2.81  2.64  2.58  2.44  2.89  3.48  3.56
STD DEV   1.90  1.96  2.13  2.07  1.63  1.43  1.34  1.34  1.29  1.53  1.89  1.79
SKEW      0.42  0.57  0.62  0.62  0.75  0.95  0.86  0.93  1.12  0.90  0.69  0.57
% NNW     6.05  6.39  5.88  5.06  3.54  3.34  2.92  3.32  3.48  5.00  5.51  5.10
MEAN      3.84  3.69  3.95  3.81  3.26  2.73  2.60  2.62  2.73  3.27  3.68  3.74
STD DEV   1.72  1.56  1.82  1.70  1.54  1.41  1.27  1.20  1.33  1.71  1.77  1.83
SKEW      0.53  0.41  0.49  0.34  0.59  0.98  0.88  0.68  0.66  0.67  0.46  0.54
CALM     10.27 10.33  9.05 10.73 16.68 16.10 15.78 18.55 18.45 22.52 16.82 12.93
CHATTANOOGA   TN    0.449  TULLAHOMA     TN    0.309  KNOXVILLE     TN    0.242
 SAMBURG WLDLF RFG TN                    408065 0
 LATT=  36.38 LONG= -89.35 YEARS= 50. TYPE= 3
 ELEVATION =  290. TP5 = 2.54 TP6= 5.33
 MEAN P   0.46  0.52  0.51  0.49  0.58  0.54  0.47  0.50  0.53  0.56  0.81  0.60
 S DEV P  0.60  0.65  0.59  0.56  0.74  0.66  0.59  0.64  0.80  0.85  4.06  0.70
 SQEW  P  3.72  2.67  2.36  2.19  2.74  2.24  3.23  3.12  6.35  5.81 18.55  2.52
 P(W/W)   0.43  0.40  0.40  0.41  0.44  0.38  0.36  0.32  0.38  0.32  0.39  0.39
 P(W/D)   0.21  0.24  0.27  0.26  0.24  0.21  0.20  0.17  0.17  0.16  0.22  0.21
 TMAX AV 44.23 48.99 58.36 70.28 79.48 88.11 91.36 90.03 83.27 73.11 59.81 48.26
 TMIN AV 26.22 29.64 38.58 48.51 56.75 64.87 67.98 66.10 58.91 47.08 37.93 29.56
 SD TMAX 12.70 12.43 12.13  9.92  7.93  6.25  5.19  5.66  7.74  8.99 11.09 11.77
 SD TMIN 11.15 10.73 10.54  9.73  7.78  6.42  5.39  5.85  8.61  9.93 10.73 10.42
 SOL.RAD  159.  238.  331.  436.  514.  561.  546.  490.  420.  315.  216.  156.
 SD SOL   51.2  56.5  68.9  77.6  81.4  78.6  76.5 135.8  69.0  42.5  39.3  43.8
 MX .5 P  0.57  0.59  0.90  0.98  1.48  1.15  1.94  1.64  1.06  0.59  0.96  0.81
 DEW PT  29.89 31.85 35.66 46.17 56.62 64.68 67.94 66.68 59.87 48.23 36.72 30.91
Time Pk  0.576 0.670 0.725 0.793 0.806 0.817 0.843 0.860 0.869 0.901 0.937 1.000
% N       5.72  4.73  4.48  4.42  4.31  3.64  4.23  6.10  6.20  6.88  4.55  5.12
MEAN      5.02  4.26  5.03  4.60  3.87  3.20  2.96  3.08  3.46  3.91  4.51  4.81
STD DEV   2.04  2.12  2.12  2.06  1.94  1.48  1.32  1.48  1.75  1.99  2.36  2.44
SKEW      0.10  0.57  0.06  0.49  0.46  0.58  0.64  0.90  0.64  0.66  0.27  0.52
% NNE     9.51  9.94  6.83  6.26  6.02  4.85  6.61  8.88  9.82  8.04  5.52  6.19
MEAN      5.07  4.63  4.56  4.58  4.09  3.55  3.21  3.42  3.51  4.28  4.33  4.35
STD DEV   1.99  1.97  1.85  1.82  1.82  1.59  1.39  1.69  1.61  2.11  2.08  2.06
SKEW      0.14  0.40  0.30  0.39  0.53  0.58  0.60  1.21  0.69  0.74  0.62  0.55
% NE      4.85  5.81  5.59  4.93  5.86  3.81  6.68  7.84  8.78  7.08  5.77  4.51
MEAN      3.81  3.62  4.06  4.24  3.30  2.89  2.87  3.08  3.14  3.31  3.54  3.57
STD DEV   1.71  1.52  1.74  1.75  1.57  1.32  1.30  1.41  1.59  1.73  1.85  1.75
SKEW      0.47  0.43  0.29  0.18  0.67  0.94  0.89  0.92  1.26  1.18  0.68  0.64
% ENE     4.82  6.66  5.59  4.94  5.16  4.08  5.58  6.10  7.17  4.35  3.27  3.85
MEAN      3.63  3.55  4.13  3.83  3.10  2.76  2.89  3.00  3.06  3.04  3.41  3.42
STD DEV   1.43  1.49  1.83  1.45  1.23  1.10  1.26  1.35  1.27  1.62  1.75  1.47
SKEW      0.38  0.64  0.50  0.39  0.48  0.93  0.90  0.95  0.88  1.25  0.98  0.82
% E       2.82  3.79  4.10  3.75  4.72  3.98  4.79  5.27  5.01  3.41  2.39  2.91
MEAN      2.84  3.05  3.24  3.39  2.65  2.47  2.51  2.43  2.47  2.26  2.59  2.84
STD DEV   1.10  1.45  1.62  1.44  1.17  1.10  0.99  1.01  1.16  1.03  1.34  1.22
SKEW      0.59  0.71  0.90  0.62  1.02  1.09  0.90  0.93  1.25  1.44  1.20  0.81
% ESE     2.89  3.97  3.83  2.83  3.72  3.78  3.67  3.49  3.96  2.92  1.96  3.23
MEAN      3.04  3.17  3.49  3.10  2.66  2.65  2.62  2.49  2.63  2.52  2.79  3.30
STD DEV   1.36  1.38  1.62  1.36  1.08  1.10  1.06  1.03  1.14  1.04  1.52  1.46
SKEW      0.70  0.86  0.83  0.68  0.70  1.02  1.10  1.07  1.00  0.82  0.88  0.69
% SE      2.84  3.58  4.66  2.57  3.80  4.02  2.97  3.53  4.15  3.87  2.86  3.99
MEAN      3.14  3.33  3.45  2.82  2.45  2.55  2.50  2.36  2.66  2.62  2.95  3.27
STD DEV   1.32  1.45  1.69  1.25  1.09  1.15  1.07  1.02  1.12  1.13  1.41  1.61
SKEW      0.36  0.49  0.93  0.91  1.09  0.80  0.89  1.09  0.96  0.83  0.87  0.86
% SSE     7.00  6.07  7.64  6.45  6.03  5.73  5.61  4.83  6.30  6.90  7.12  8.80
MEAN      4.09  4.01  4.21  3.90  3.23  2.83  2.89  2.58  3.10  3.08  3.97  4.08
STD DEV   1.78  1.71  2.02  1.93  1.54  1.19  1.28  1.06  1.44  1.41  2.15  1.80
SKEW      0.55  0.61  0.70  0.80  0.89  0.61  0.85  0.94  0.84  0.85  0.99  0.48
% S      10.88  8.85  8.69  9.82  7.59  9.74  8.88  7.60  7.86 10.44  9.58 11.50
MEAN      5.14  4.46  4.69  4.22  3.46  3.09  3.24  2.86  3.45  3.44  4.27  4.36
STD DEV   2.34  1.98  2.20  2.04  1.79  1.39  1.52  1.29  1.72  1.58  2.28  2.04
SKEW      0.49  0.47  0.50  0.90  0.98  0.97  0.82  0.83  0.96  0.78  0.91  0.64
% SSW    15.92 11.85 12.15 15.65 12.94 15.59 13.64  9.78  7.93 10.12 11.84 12.94
MEAN      6.23  5.62  6.16  5.46  4.75  4.35  3.84  3.61  4.04  4.44  4.87  5.31
STD DEV   2.76  2.44  2.63  2.34  2.35  1.81  1.68  1.66  1.83  2.14  2.30  2.39
SKEW      0.46  0.41  0.44  0.44  0.82  0.61  0.65  0.93  0.76  0.54  0.66  0.64
% SW      4.98  5.53  5.60  7.33  8.25 10.33  9.42  6.64  4.88  4.94  6.41  6.34
MEAN      4.91  5.12  5.37  5.68  4.33  4.18  3.95  3.62  3.71  3.81  4.48  4.29
STD DEV   2.40  2.53  2.46  2.62  2.13  1.90  1.92  1.70  1.84  1.92  2.43  1.99
SKEW      0.48  0.68  0.41  0.33  0.67  0.49  0.54  0.63  0.44  0.63  0.79  0.62
% WSW     4.37  5.87  6.23  6.23  7.94  9.85  6.79  5.21  3.41  4.05  5.54  5.52
MEAN      4.65  5.17  6.46  5.73  4.35  4.50  3.83  3.72  3.68  3.67  4.81  4.93
STD DEV   2.55  2.31  2.74  2.93  2.04  1.94  1.80  1.85  1.87  1.77  2.43  2.43
SKEW      0.98  0.33  0.24  0.51  0.70  0.37  0.64  0.73  0.70  0.72  0.95  0.70
% W       2.75  3.67  4.17  3.90  4.47  4.25  3.68  3.61  2.40  3.31  5.32  4.88
MEAN      4.32  4.46  5.21  4.82  3.79  3.47  3.08  3.01  2.67  3.22  4.03  4.63
STD DEV   2.06  2.35  2.44  2.54  1.81  1.77  1.46  1.50  1.28  1.63  2.14  2.28
SKEW      0.48  0.66  0.18  0.87  0.66  0.89  0.88  0.83  0.85  0.79  0.66  0.51
% WNW     5.34  5.27  6.33  6.87  4.63  2.91  2.74  3.28  3.02  3.84  6.71  5.45
MEAN      4.97  5.20  5.76  5.18  4.36  3.31  2.99  3.20  3.00  4.04  4.63  5.21
STD DEV   2.15  2.29  2.43  2.40  2.20  1.53  1.40  1.57  1.53  2.12  2.20  2.36
SKEW      0.38  0.34  0.43  0.48  0.78  0.69  0.88  1.03  1.15  0.54  0.53  0.48
% NW      3.91  4.48  4.54  4.73  3.05  1.91  2.59  3.19  3.49  4.13  5.71  4.74
MEAN      4.89  4.84  5.13  5.04  3.75  2.99  2.69  2.81  3.20  3.90  4.52  4.54
STD DEV   2.07  2.44  2.30  2.35  2.10  1.47  1.26  1.48  1.67  2.34  2.41  2.25
SKEW      0.14  0.27  0.28  0.29  1.02  0.59  0.78  1.25  0.96  1.08  0.71  0.43
% NNW     7.94  6.49  6.74  6.19  4.57  3.07  3.10  4.80  5.21  5.52  6.79  5.44
MEAN      5.50  5.69  5.41  5.23  4.28  3.51  3.08  3.26  3.65  4.18  5.31  4.96
STD DEV   2.10  2.26  2.06  1.95  2.03  1.61  1.40  1.50  1.89  1.92  2.36  1.97
SKEW      0.27  0.07 -0.06  0.17  0.40  0.75  0.85  0.79  0.78  0.47  0.35  0.05
CALM      3.52  3.49  2.87  3.05  6.94  8.45  8.98  9.98 10.37 10.25  8.69  4.61
DYERSBERG     TN    0.476  MALDEN        MO    0.314  PADUCAH       KY    0.210
 SHELBYVILLE 2 SW TN                     408246 0
 LATT=  35.48 LONG= -86.48 YEARS= 41. TYPE= 3
 ELEVATION =  720. TP5 = 2.51 TP6= 5.16
 MEAN P   0.45  0.43  0.53  0.49  0.53  0.45  0.46  0.44  0.52  0.51  0.51  0.51
 S DEV P  0.55  0.48  0.74  0.58  0.62  0.55  0.59  0.61  0.64  0.67  0.54  0.68
 SQEW  P  2.31  2.21  3.53  2.20  2.06  2.71  2.39  4.43  2.46  3.31  1.48  3.23
 P(W/W)   0.48  0.49  0.46  0.42  0.48  0.41  0.45  0.40  0.41  0.41  0.43  0.44
 P(W/D)   0.26  0.28  0.29  0.26  0.23  0.23  0.27  0.20  0.19  0.16  0.25  0.27
 TMAX AV 48.51 53.32 62.25 72.73 79.96 87.13 89.88 89.48 83.69 73.44 61.48 52.21
 TMIN AV 28.18 30.87 38.56 46.93 54.94 62.45 66.39 65.17 58.83 46.48 37.91 31.49
 SD TMAX 11.67 11.91 10.91  8.79  6.91  5.61  4.93  4.92  7.36  8.52 10.24 11.00
 SD TMIN 12.02 12.00 11.13 10.24  8.37  6.07  4.48  5.03  8.21 10.39 11.38 11.91
 SOL.RAD  168.  244.  331.  446.  517.  552.  535.  484.  415.  323.  223.  164.
 SD SOL   49.6  55.2  68.0  71.8  76.9  77.1  76.4 122.4  69.4  41.3  39.0  42.6
 MX .5 P  0.69  0.61  0.91  0.89  1.62  1.04  1.81  1.45  1.17  0.72  0.75  0.65
 DEW PT  33.01 33.71 37.71 47.35 57.18 65.18 68.18 67.48 60.65 49.83 38.83 32.71
Time Pk  0.527 0.650 0.715 0.782 0.805 0.823 0.853 0.872 0.887 0.920 0.955 1.000
% N      12.43 12.31  8.78  8.73  7.47  6.79  6.74  7.78  8.62 10.37  9.19  9.46
MEAN      3.70  3.68  3.65  3.64  3.32  2.88  2.77  2.78  2.83  3.21  3.31  3.55
STD DEV   1.58  1.63  1.59  1.51  1.57  1.25  1.17  1.20  1.29  1.58  1.60  1.57
SKEW      0.53  0.54  0.47  0.49  0.76  0.79  0.75  0.84  0.94  0.93  0.84  0.58
% NNE     5.01  5.65  3.87  4.61  4.81  5.25  6.00  6.67  7.91  5.91  5.08  5.77
MEAN      3.52  3.53  3.54  3.48  3.29  2.95  2.90  2.96  3.26  3.20  2.91  3.62
STD DEV   1.52  1.49  1.44  1.39  1.45  1.18  1.17  1.21  1.52  1.39  1.24  1.43
SKEW      0.50  0.63  0.39  0.31  0.61  0.59  0.61  0.65  0.97  0.85  0.97  0.48
% NE      1.92  2.25  1.93  2.30  1.97  2.87  3.02  3.84  3.54  2.05  2.08  2.07
MEAN      2.69  3.08  3.14  3.05  2.62  2.81  2.69  2.79  2.73  2.77  2.64  2.96
STD DEV   1.14  1.34  1.26  1.24  1.07  1.13  1.08  1.16  1.22  1.40  1.01  1.18
SKEW      0.87  0.82  0.60  0.41  0.54  0.72  0.82  0.74  0.70  1.21  0.51  0.56
% ENE     0.83  1.18  0.95  1.24  1.42  1.96  1.79  2.08  2.30  1.27  1.07  0.91
MEAN      2.25  2.40  2.45  2.54  2.75  2.44  2.57  2.29  2.56  2.25  2.58  2.19
STD DEV   0.78  1.04  0.97  1.17  1.46  0.99  1.17  0.91  1.24  0.95  1.15  0.91
SKEW      0.00  0.81  0.30  0.96  1.24  0.57  0.72  0.76  0.97  0.55  0.68  0.65
% E       1.71  2.14  2.06  2.10  2.31  3.27  3.61  3.03  3.66  2.14  1.42  2.10
MEAN      1.99  2.45  2.58  2.25  2.13  2.21  2.12  2.01  2.14  2.05  1.92  2.13
STD DEV   0.82  1.05  1.26  0.97  0.89  0.97  0.90  0.79  0.86  0.86  0.72  0.85
SKEW      1.05  0.62  1.21  0.97  0.91  0.99  0.92  0.78  0.51  0.77  0.65  0.52
% ESE     3.63  3.44  3.92  3.63  4.63  4.96  4.53  3.79  5.41  4.18  3.06  3.79
MEAN      2.76  3.03  2.96  2.88  2.46  2.46  2.11  1.98  2.40  2.28  2.27  2.64
STD DEV   1.38  1.46  1.55  1.54  1.17  1.07  0.96  0.81  0.98  0.96  1.05  1.33
SKEW      0.73  0.91  1.10  1.13  1.08  1.07  1.41  1.05  0.71  0.83  0.91  0.89
% SE      6.04  5.33  5.65  5.66  6.25  6.03  5.90  5.38  8.52  6.75  6.19  6.91
MEAN      2.86  3.22  3.07  2.81  2.53  2.30  2.09  2.05  2.61  2.43  2.61  2.99
STD DEV   1.37  1.69  1.52  1.29  1.14  0.99  0.98  0.84  1.17  0.99  1.28  1.48
SKEW      0.87  1.09  1.10  0.77  0.83  1.28  1.33  1.02  0.91  0.50  1.32  1.07
% SSE     8.77  5.93  7.52  9.58  7.97  7.52  7.16  7.01  8.43  7.25  8.58  9.50
MEAN      3.37  3.45  3.12  3.41  2.67  2.33  2.12  2.05  2.66  2.48  2.86  3.52
STD DEV   1.71  1.76  1.62  1.62  1.26  1.02  0.97  0.87  1.18  1.19  1.36  1.79
SKEW      1.02  0.91  1.19  0.75  0.98  1.11  1.70  1.35  0.71  1.32  0.96  0.70
% S      13.61 10.55 14.67 14.90 11.77 10.92 10.15 10.23  9.13  9.30 13.16 13.88
MEAN      3.60  3.77  4.00  3.79  2.99  2.50  2.26  2.38  2.68  2.66  3.48  3.68
STD DEV   1.75  1.80  1.98  1.84  1.49  1.16  1.01  1.13  1.25  1.34  1.85  1.82
SKEW      0.75  0.54  0.81  0.77  0.87  1.08  1.01  1.15  0.93  1.00  0.90  0.71
% SSW     6.10  5.65  7.28  8.70  7.63  6.78  7.19  7.01  4.37  4.96  5.83  6.39
MEAN      3.86  4.07  4.32  4.43  3.36  2.92  2.69  2.75  2.81  2.96  3.83  3.68
STD DEV   1.93  2.09  2.04  2.02  1.71  1.34  1.22  1.35  1.33  1.55  1.87  1.95
SKEW      0.70  0.72  0.44  0.46  0.97  0.74  0.84  0.92  0.76  0.91  0.70  0.99
% SW      3.34  3.69  4.38  5.07  4.87  5.60  6.26  5.58  3.35  3.11  3.89  3.80
MEAN      3.65  4.05  4.40  4.31  3.42  3.16  2.93  2.92  2.72  3.13  3.47  3.86
STD DEV   1.76  1.92  2.14  1.94  1.60  1.45  1.31  1.26  1.26  1.72  1.75  1.88
SKEW      0.67  0.35  0.86  0.45  0.72  0.62  0.74  0.80  0.69  0.87  0.62  0.47
% WSW     2.97  3.46  4.17  3.58  3.80  4.83  4.67  3.81  2.43  2.16  2.40  3.56
MEAN      3.66  3.81  4.52  4.25  3.32  3.09  2.85  2.92  2.53  2.93  3.27  3.71
STD DEV   1.95  1.92  2.28  2.26  1.54  1.42  1.31  1.28  1.19  1.44  1.66  1.92
SKEW      0.96  0.49  0.68  0.63  0.54  0.55  0.67  0.74  0.88  0.79  0.61  0.74
% W       4.66  5.54  6.47  4.31  5.10  5.02  5.14  4.82  3.43  3.57  4.55  4.71
MEAN      3.75  3.90  4.28  4.12  3.21  3.06  2.66  2.64  2.35  2.75  3.55  3.45
STD DEV   1.97  2.23  2.00  2.17  1.54  1.50  1.16  1.22  0.97  1.33  1.87  1.67
SKEW      0.77  0.71  0.42  0.62  0.70  0.94  0.78  1.01  0.63  0.81  0.56  0.54
% WNW     4.06  5.61  5.85  3.94  3.44  2.72  2.78  3.19  2.90  3.10  5.19  4.38
MEAN      3.46  3.69  4.02  3.80  3.36  2.68  2.46  2.41  2.40  2.88  3.70  3.55
STD DEV   1.67  1.80  1.81  1.80  1.67  1.23  1.02  1.09  1.12  1.44  1.82  1.63
SKEW      0.60  0.76  0.41  0.67  0.74  0.67  0.70  0.99  1.28  0.98  0.40  0.53
% NW      5.87  7.42  5.54  4.40  3.51  2.91  2.60  3.31  3.22  4.35  5.15  5.03
MEAN      3.72  3.73  3.81  3.67  2.93  2.58  2.49  2.42  2.52  2.91  3.35  3.46
STD DEV   1.79  1.82  1.83  1.82  1.38  1.22  1.12  1.09  1.24  1.36  1.63  1.59
SKEW      0.43  0.60  0.60  0.77  0.74  1.21  0.80  0.95  1.17  0.84  0.72  0.63
% NNW     8.58  8.81  6.63  6.15  4.39  4.15  3.67  4.37  4.76  6.67  7.53  6.37
MEAN      3.84  3.88  3.82  3.84  3.06  2.79  2.56  2.67  2.63  3.30  3.62  3.73
STD DEV   1.70  1.71  1.78  1.73  1.41  1.29  1.18  1.21  1.13  1.57  1.74  1.79
SKEW      0.50  0.48  0.59  0.41  0.81  0.92  0.93  0.85  0.67  0.69  0.60  0.62
CALM     10.40 11.01 10.25 11.09 18.64 18.53 18.67 18.28 17.84 22.76 15.67 11.46
TULLAHOMA     TN    0.561  SMYRNA/SEWART TN    0.260  HUNTSVILLE    AL    0.180
 SPRINGFIELD EXP STA TN                  408562 0
 LATT=  36.47 LONG= -86.83 YEARS= 50. TYPE= 3
 ELEVATION =  750. TP5 = 2.43 TP6= 4.96
 MEAN P   0.41  0.44  0.44  0.38  0.44  0.41  0.41  0.39  0.40  0.40  0.44  0.48
 S DEV P  0.51  0.55  0.56  0.45  0.53  0.48  0.51  0.47  0.58  0.56  0.54  0.61
 SQEW  P  2.49  2.47  2.78  2.69  2.93  1.91  2.29  2.25  3.86  3.00  2.86  2.16
 P(W/W)   0.48  0.47  0.46  0.51  0.50  0.47  0.42  0.40  0.46  0.42  0.47  0.47
 P(W/D)   0.27  0.30  0.31  0.28  0.27  0.23  0.24  0.21  0.20  0.18  0.25  0.26
 TMAX AV 44.34 48.74 58.03 68.92 77.05 85.24 88.67 87.71 81.76 70.87 58.02 47.87
 TMIN AV 25.75 28.01 36.34 46.01 54.45 62.77 66.04 64.56 58.10 46.41 37.13 28.92
 SD TMAX 13.29 13.10 12.43 10.39  7.96  6.41  5.25  5.78  8.17  9.52 11.48 12.10
 SD TMIN 12.25 12.10 11.26 10.16  8.36  6.46  4.97  5.72  8.36 10.15 11.00 11.49
 SOL.RAD  149.  230.  325.  430.  505.  554.  536.  480.  408.  310.  207.  151.
 SD SOL   53.0  57.5  68.5  77.0  81.9  78.4  77.4 129.6  71.2  43.1  41.2  43.9
 MX .5 P  0.57  0.61  0.81  0.79  1.69  1.04  1.87  1.70  1.08  0.74  0.97  0.64
 DEW PT  30.38 31.38 35.98 45.98 55.96 64.41 67.57 66.57 59.28 48.41 37.12 30.69
Time Pk  0.564 0.667 0.729 0.798 0.813 0.825 0.843 0.859 0.879 0.908 0.935 1.000
% N       8.24  7.86  6.34  5.94  6.37  5.22  5.23  7.47  8.21  7.44  6.08  6.36
MEAN      4.11  3.83  3.90  3.67  3.37  3.00  2.73  2.85  3.11  3.20  3.38  3.68
STD DEV   1.86  1.88  1.81  1.80  1.77  1.63  1.37  1.46  1.67  1.74  1.76  1.72
SKEW      0.29  0.64  0.46  0.67  0.71  0.99  0.75  0.82  0.80  0.90  0.67  0.37
% NNE     4.71  5.14  4.39  4.03  4.68  3.74  4.20  5.65  5.96  5.23  3.72  3.73
MEAN      3.78  3.60  3.69  3.76  3.34  3.08  2.96  3.12  3.35  3.47  3.52  3.97
STD DEV   1.74  1.57  1.58  1.61  1.57  1.44  1.37  1.45  1.59  1.66  1.68  1.86
SKEW      0.41  0.42  0.38  0.43  0.52  0.61  0.82  0.57  0.58  0.50  0.67  0.43
% NE      4.01  5.79  4.55  4.96  4.94  4.30  4.92  6.10  7.12  4.83  2.88  3.87
MEAN      3.29  3.16  3.47  3.22  3.13  2.92  2.80  2.75  3.06  2.98  2.80  3.26
STD DEV   1.55  1.49  1.68  1.54  1.58  1.44  1.37  1.42  1.58  1.59  1.37  1.71
SKEW      0.67  0.64  0.55  0.49  0.63  0.64  1.03  0.90  0.73  0.75  0.57  0.99
% ENE     2.21  3.03  3.32  2.72  2.57  2.32  2.60  2.85  2.90  2.44  1.80  2.27
MEAN      2.89  2.90  3.58  3.09  2.98  2.77  2.80  2.66  3.03  2.96  3.02  2.96
STD DEV   1.32  1.38  1.67  1.49  1.39  1.39  1.31  1.31  1.48  1.37  1.55  1.57
SKEW      0.57  0.76  0.37  0.79  0.56  0.70  0.54  0.68  0.65  0.55  0.82  1.05
% E       3.41  3.92  3.69  3.64  3.41  3.28  3.41  4.36  4.16  3.74  2.61  3.65
MEAN      2.43  2.68  3.16  2.89  2.40  2.41  2.28  2.29  2.41  2.26  2.25  2.52
STD DEV   1.10  1.26  1.57  1.46  1.22  1.21  1.08  1.12  1.27  1.19  1.12  1.19
SKEW      0.78  0.79  0.65  0.62  0.89  0.88  0.86  0.87  1.11  1.06  0.97  0.72
% ESE     2.27  2.63  2.69  2.71  2.58  2.61  2.78  2.79  3.05  2.56  2.20  2.76
MEAN      2.46  2.87  3.25  2.99  2.76  2.44  2.38  2.48  2.52  2.55  2.69  2.72
STD DEV   1.17  1.43  1.61  1.42  1.38  1.17  1.16  1.15  1.15  1.37  1.25  1.31
SKEW      0.90  0.86  0.73  0.76  0.87  0.84  0.94  0.72  0.92  0.91  0.64  0.86
% SE      4.05  4.19  4.48  4.28  4.31  4.69  4.50  4.55  5.49  4.64  3.84  4.86
MEAN      2.83  2.99  3.39  3.16  2.63  2.47  2.31  2.26  2.58  2.60  3.03  3.05
STD DEV   1.43  1.63  1.81  1.69  1.31  1.22  1.15  1.11  1.19  1.40  1.67  1.67
SKEW      0.89  1.61  0.95  0.98  0.90  1.01  1.20  1.19  0.76  1.19  1.08  1.17
% SSE     6.93  6.09  6.69  6.80  5.76  5.90  4.76  3.89  5.68  5.77  6.93  7.25
MEAN      4.27  4.43  4.53  4.03  3.35  2.98  2.59  2.73  3.09  3.40  4.08  4.13
STD DEV   2.17  2.29  2.19  1.99  1.71  1.37  1.23  1.34  1.48  1.78  2.19  2.06
SKEW      0.56  0.92  0.44  0.58  0.73  0.56  0.72  0.88  0.69  0.87  0.70  0.71
% S      13.95 11.12 12.22 14.24 13.27 12.97 12.06 10.66 11.20 11.24 14.67 14.79
MEAN      4.77  4.60  4.76  4.41  3.65  3.17  2.78  2.68  3.21  3.35  4.24  4.43
STD DEV   2.29  2.37  2.33  2.15  1.97  1.58  1.34  1.35  1.62  1.87  2.26  2.27
SKEW      0.44  0.58  0.51  0.63  0.81  0.83  1.02  0.96  0.79  0.97  0.71  0.71
% SSW     8.12  6.45  7.35  9.13  7.61  7.67  7.11  5.08  4.94  5.61  7.20  7.75
MEAN      4.74  4.79  5.16  5.00  3.95  3.47  3.28  3.05  3.56  3.62  4.35  4.57
STD DEV   2.09  2.28  2.35  2.15  1.99  1.76  1.53  1.48  1.71  1.80  2.15  2.14
SKEW      0.37  0.38  0.38  0.31  0.65  0.68  0.60  0.80  0.62  0.52  0.55  0.44
% SW      5.44  5.60  5.59  6.82  7.55  7.95  8.75  5.96  4.85  4.96  5.80  5.85
MEAN      4.25  4.48  4.67  4.59  3.67  3.59  3.33  3.05  3.46  3.23  3.81  4.24
STD DEV   2.15  2.28  2.35  2.21  1.99  1.80  1.69  1.55  1.75  1.79  2.12  2.13
SKEW      0.71  0.53  0.48  0.39  0.74  0.62  0.68  0.74  0.53  0.75  0.81  0.73
% WSW     3.97  4.37  4.78  4.69  4.99  5.95  6.27  4.50  3.13  3.30  4.27  4.73
MEAN      4.71  4.92  5.38  5.14  4.06  3.87  3.71  3.42  3.60  3.78  4.26  4.88
STD DEV   2.22  2.35  2.55  2.46  2.08  1.86  1.77  1.67  1.88  1.97  2.16  2.22
SKEW      0.48  0.41  0.53  0.45  0.62  0.38  0.44  0.42  0.49  0.52  0.48  0.35
% W       4.96  5.08  6.03  5.19  5.26  6.11  5.97  4.60  3.37  3.70  5.79  5.22
MEAN      4.28  4.33  4.83  4.92  3.70  3.46  3.27  2.98  2.83  3.34  4.24  4.39
STD DEV   1.97  2.24  2.42  2.43  1.96  1.86  1.70  1.58  1.69  1.95  2.23  2.19
SKEW      0.48  0.57  0.48  0.47  0.59  1.12  0.59  0.85  1.17  0.74  0.73  0.37
% WNW     5.01  5.64  6.29  5.64  3.78  3.48  3.38  3.23  2.42  3.37  5.55  4.83
MEAN      5.00  4.98  5.36  5.18  4.09  3.54  3.32  3.32  3.36  3.90  4.69  4.94
STD DEV   2.09  2.18  2.37  2.28  2.12  1.76  1.64  1.67  1.81  1.99  2.04  2.09
SKEW      0.25  0.33  0.29  0.23  0.57  0.88  0.58  0.63  0.87  0.44  0.30  0.23
% NW      8.24  8.54  7.99  6.49  4.73  4.13  3.84  4.62  4.53  5.50  8.30  7.65
MEAN      4.80  4.80  5.09  4.64  3.69  3.19  2.86  2.88  3.11  3.83  4.49  4.54
STD DEV   1.97  2.22  2.16  2.07  1.86  1.69  1.48  1.53  1.67  1.85  2.13  2.03
SKEW      0.22  0.38  0.39  0.30  0.55  0.87  0.94  1.05  0.79  0.41  0.54  0.29
% NNW     7.16  6.80  6.03  4.82  3.84  3.46  3.27  3.71  4.61  5.63  5.61  5.33
MEAN      4.67  4.64  4.64  4.25  3.66  3.21  3.00  2.97  3.41  3.92  4.30  4.15
STD DEV   1.86  2.06  1.98  1.93  1.81  1.66  1.37  1.36  1.66  1.84  1.92  1.83
SKEW      0.16  0.32  0.31  0.40  0.65  0.76  0.58  0.59  0.58  0.37  0.41  0.29
CALM      7.28  7.80  7.66  7.88 14.21 16.16 16.95 19.94 18.48 19.92 12.65  9.07
NASHVILLE     TN    0.430  FT. CAMPBELL  KY    0.298  BOWLING GREEN KY    0.272
