 BIG MEADOWS 2 VA                        44 720 0
 LATT=  38.50 LONG= -78.42 YEARS= 44. TYPE= 3
 ELEVATION =  330. TP5 = 2.95 TP6= 5.46
 MEAN P   0.36  0.38  0.38  0.37  0.38  0.39  0.37  0.41  0.44  0.54  0.51  0.43
 S DEV P  0.43  0.53  0.53  0.49  0.52  0.54  0.52  0.54  0.67  0.78  0.87  0.63
 SQEW  P  2.33  3.42  3.20  3.42  3.21  2.74  2.91  2.77  3.13  2.28  4.52  4.75
 P(W/W)   0.38  0.41  0.44  0.47  0.54  0.50  0.54  0.48  0.50  0.48  0.44  0.39
 P(W/D)   0.24  0.26  0.28  0.27  0.29  0.27  0.28  0.30  0.25  0.20  0.22  0.23
 TMAX AV 35.93 38.12 45.44 56.65 65.56 72.17 75.57 74.11 68.04 58.45 48.26 38.95
 TMIN AV 18.11 19.59 26.03 36.05 45.60 52.96 56.92 55.79 49.65 39.57 30.54 21.61
 SD TMAX 12.19 11.39 11.87 11.08  8.69  6.75  5.58  5.63  7.72  9.19 10.76 11.49
 SD TMIN 11.71 11.69 10.94 10.62  8.57  6.67  5.26  5.71  8.04  9.45 10.74 11.73
 SOL.RAD  206.  272.  347.  444.  549.  550.  548.  475.  402.  300.  216.  174.
 SD SOL   29.0  38.8  57.8  70.4  68.5  80.4  74.4 132.7  70.6  40.9  32.3  30.5
 MX .5 P  0.45  0.35  0.48  0.71  1.26  1.14  1.53  1.47  1.04  0.72  0.39  0.30
 DEW PT  25.36 25.71 30.74 40.26 51.61 60.54 64.17 63.51 57.17 45.79 34.89 26.36
Time Pk  0.683 0.755 0.793 0.841 0.857 0.864 0.877 0.891 0.901 0.930 0.962 1.000
% N       4.05  4.59  5.02  4.54  4.58  4.04  3.69  5.36  4.86  5.36  3.50  4.25
MEAN      3.66  3.76  3.79  3.94  3.67  3.48  3.24  3.32  3.41  3.63  3.28  3.43
STD DEV   1.67  1.62  1.78  1.74  1.68  1.53  1.31  1.35  1.54  1.63  1.46  1.65
SKEW      0.69  0.50  0.80  0.75  0.64  0.66  0.51  0.35  0.84  0.49  0.59  1.02
% NNE     4.93  5.55  5.58  6.36  5.86  4.74  3.65  5.50  5.93  7.56  3.82  4.51
MEAN      3.73  3.66  3.90  4.24  3.91  3.69  3.48  3.58  3.58  3.91  3.45  3.40
STD DEV   1.66  1.55  1.58  1.78  1.57  1.38  1.26  1.45  1.55  1.57  1.40  1.44
SKEW      0.52  0.66  0.55  0.51  0.52  0.40  0.18  0.52  0.70  0.37  0.55  0.76
% NE      3.99  5.15  4.54  4.51  5.71  3.88  3.78  5.06  4.42  4.53  3.20  3.41
MEAN      3.26  3.23  3.44  3.57  3.39  3.34  3.05  3.21  3.09  3.36  3.03  2.76
STD DEV   1.40  1.35  1.45  1.57  1.41  1.40  1.19  1.32  1.34  1.48  1.21  1.10
SKEW      0.60  0.68  0.50  0.87  0.62  0.61  0.53  0.68  0.72  0.62  0.61  0.77
% ENE     2.20  2.56  2.77  2.31  3.22  2.70  2.20  2.30  2.80  2.25  1.58  1.54
MEAN      3.27  3.48  3.65  3.67  3.66  3.60  3.24  3.70  3.42  3.41  3.09  3.34
STD DEV   1.23  1.41  1.34  1.59  1.59  1.45  1.38  1.55  1.28  1.38  1.19  1.30
SKEW      0.38  0.52  0.19  0.69  0.51  0.23  0.53  0.84  0.30  0.41  0.37  0.42
% E       1.84  2.07  1.69  1.88  2.22  2.03  1.97  2.35  1.97  1.94  1.29  1.55
MEAN      2.59  2.97  2.79  2.96  3.03  3.11  2.91  2.66  2.91  2.96  2.46  2.47
STD DEV   1.18  1.23  1.17  1.15  1.18  1.21  1.39  1.10  1.19  1.30  0.85  0.99
SKEW      1.27  0.71  1.03  0.36  0.55  0.51  0.95  0.85  0.69  0.41  1.19  1.08
% ESE     1.98  2.40  2.66  2.88  3.60  2.42  2.69  3.03  2.90  2.50  2.00  1.93
MEAN      3.06  3.12  3.82  3.77  3.42  3.46  3.35  3.22  3.29  3.09  2.95  2.88
STD DEV   1.29  1.26  1.58  1.51  1.39  1.21  1.29  1.24  1.35  1.37  1.27  1.07
SKEW      0.81  0.35  0.83  0.21  0.39  0.50  0.44  0.41  0.39  0.70  0.68  0.48
% SE      3.03  4.21  4.36  4.18  4.37  3.83  3.57  4.35  3.99  3.74  3.59  3.15
MEAN      2.92  3.40  3.80  3.75  3.31  3.25  3.17  3.05  3.17  3.17  3.14  2.98
STD DEV   1.29  1.32  1.69  1.43  1.39  1.21  1.26  1.28  1.39  1.42  1.39  1.21
SKEW      0.74  0.52  0.49  0.36  0.51  0.66  0.53  0.71  0.52  0.61  0.66  0.69
% SSE     3.41  4.51  5.16  4.71  4.47  4.76  4.27  4.35  4.74  3.82  3.92  3.06
MEAN      3.52  4.31  4.55  4.32  3.98  3.75  3.50  3.48  3.92  3.89  4.08  3.72
STD DEV   1.46  1.66  1.83  1.64  1.55  1.40  1.39  1.43  1.61  1.58  1.73  1.56
SKEW      0.71  0.34  0.42  0.34  0.50  0.29  0.38  0.57  0.37  0.44  0.80  0.58
% S       4.06  3.97  3.85  4.60  4.86  5.36  4.89  4.26  4.44  4.06  4.12  4.42
MEAN      3.32  3.53  4.14  3.99  3.54  3.48  3.23  3.18  3.48  3.19  3.52  3.31
STD DEV   1.48  1.49  1.96  1.79  1.49  1.52  1.35  1.37  1.49  1.44  1.61  1.50
SKEW      0.59  0.64  0.85  0.58  0.64  0.95  0.63  0.62  0.79  0.68  0.77  0.89
% SSW     8.02  6.75  6.13  7.73  6.46  6.46  7.62  5.48  6.36  5.20  7.00  7.60
MEAN      4.49  4.66  5.14  5.19  3.83  3.77  3.70  3.53  3.75  3.77  4.27  4.00
STD DEV   2.20  2.18  2.23  2.21  1.58  1.55  1.39  1.50  1.66  1.60  1.88  1.85
SKEW      0.77  0.76  0.54  0.51  0.61  0.53  0.49  0.63  0.64  0.59  0.50  0.90
% SW      5.76  5.27  5.00  5.67  5.44  7.19  7.69  6.18  5.22  5.18  6.47  6.41
MEAN      3.90  4.07  4.31  4.22  3.43  3.33  3.33  3.02  3.37  3.35  3.54  3.49
STD DEV   2.15  1.83  2.07  2.08  1.59  1.37  1.39  1.32  1.53  1.53  1.73  1.70
SKEW      1.16  0.62  0.53  0.80  0.98  0.74  0.58  0.83  0.82  1.04  1.24  1.03
% WSW     7.51  6.90  7.01  7.69  7.05  8.11  7.94  5.81  6.30  5.64  7.53  7.05
MEAN      4.75  4.99  5.14  5.26  4.51  3.86  3.85  3.48  3.80  3.69  4.48  4.44
STD DEV   2.35  2.37  2.30  2.21  2.09  1.66  1.60  1.53  1.59  1.59  2.00  1.98
SKEW      0.72  0.79  0.56  0.39  0.80  0.60  0.71  0.70  0.70  0.61  0.72  0.65
% W       5.91  5.90  6.03  5.82  5.50  5.90  5.18  4.96  4.19  5.69  6.63  6.83
MEAN      4.32  4.56  5.33  4.61  3.85  3.63  3.46  3.30  3.26  3.56  4.17  4.37
STD DEV   2.12  2.13  2.82  2.19  1.94  1.70  1.59  1.62  1.57  1.53  2.10  2.16
SKEW      0.85  0.50  0.86  0.65  0.94  0.75  0.64  0.88  0.82  0.74  1.04  0.76
% WNW    11.75 12.09 14.41 10.64  7.54  6.92  6.10  5.24  6.04  6.83 10.56 10.63
MEAN      5.84  6.39  6.68  5.59  4.78  4.28  4.11  3.95  3.96  4.53  5.31  5.37
STD DEV   2.68  2.67  2.92  2.35  2.14  1.78  1.79  1.76  1.89  2.15  2.43  2.31
SKEW      0.55  0.28  0.66  0.28  0.47  0.41  0.86  0.64  0.63  0.76  0.36  0.40
% NW      9.83  8.60  8.62  8.52  7.03  6.32  5.69  5.39  5.40  6.95  8.21  9.22
MEAN      4.67  5.02  4.91  4.60  4.52  3.96  3.49  3.47  3.65  3.99  4.41  4.55
STD DEV   2.25  2.46  2.27  2.02  1.97  1.75  1.79  1.53  1.79  1.87  2.10  2.22
SKEW      0.56  0.73  0.49  0.54  0.61  0.67  1.14  0.57  0.81  0.76  0.78  0.68
% NNW     4.68  4.74  5.18  4.99  4.62  3.87  3.52  4.00  4.17  4.08  4.00  4.03
MEAN      4.47  4.77  4.94  4.77  4.32  3.72  3.46  3.49  3.54  3.79  4.24  4.11
STD DEV   2.04  2.15  2.01  1.94  1.80  1.57  1.48  1.53  1.69  1.70  1.91  2.04
SKEW      0.52  0.63  0.45  0.24  0.25  0.48  0.70  0.67  0.73  0.47  0.52  0.82
CALM     17.10 14.69 11.99 12.86 17.38 21.37 25.69 26.34 26.24 24.63 22.64 20.30
GORDONSVILLE  VA    0.418  FRONT ROYAL   VA    0.413  ELKINS        WV    0.169
 BLACKSBURG 2 VA                         44 766 0
 LATT=  37.23 LONG= -80.42 YEARS= 40. TYPE= 3
 ELEVATION = 2040. TP5 = 2.65 TP6= 5.07
 MEAN P   0.27  0.30  0.31  0.32  0.32  0.31  0.30  0.33  0.37  0.39  0.30  0.30
 S DEV P  0.28  0.31  0.32  0.40  0.37  0.38  0.36  0.45  0.48  0.52  0.35  0.32
 SQEW  P  1.68  1.63  1.68  2.64  2.55  3.74  2.68  2.81  2.26  2.54  2.66  2.81
 P(W/W)   0.43  0.47  0.49  0.50  0.56  0.52  0.53  0.51  0.53  0.47  0.48  0.47
 P(W/D)   0.27  0.27  0.29  0.28  0.26  0.25  0.29  0.25  0.20  0.19  0.23  0.24
 TMAX AV 40.53 44.07 53.10 63.54 72.32 78.91 82.76 81.71 75.87 65.60 55.10 44.39
 TMIN AV 19.95 22.13 29.72 38.59 47.44 54.91 59.33 58.22 51.19 39.28 31.18 23.62
 SD TMAX 11.68 11.70 12.19 11.85  8.41  6.60  5.32  5.60  7.76  9.39 10.79 11.57
 SD TMIN 10.61 10.71  9.26  9.03  8.27  6.59  5.22  5.70  8.34  9.59  9.57 10.33
 SOL.RAD  200.  275.  354.  469.  536.  587.  567.  510.  431.  308.  224.  184.
 SD SOL   37.7  44.4  61.7  67.4  75.7  71.8  71.3 128.7  67.3  44.5  36.4  34.1
 MX .5 P  0.43  0.38  0.65  0.50  0.81  1.47  1.55  1.46  1.06  0.71  0.60  0.59
 DEW PT  26.75 26.75 30.14 40.14 52.59 60.75 64.75 63.75 57.59 45.91 33.95 26.11
Time Pk  0.657 0.748 0.786 0.842 0.853 0.860 0.874 0.893 0.903 0.925 0.958 1.000
% N       2.90  3.01  2.96  3.41  3.78  3.93  3.86  4.49  4.63  4.44  2.92  2.79
MEAN      3.10  3.17  3.25  3.42  3.35  3.04  2.97  2.97  2.95  2.97  3.40  2.72
STD DEV   1.40  1.39  1.43  1.59  1.49  1.42  1.32  1.38  1.32  1.43  1.45  1.29
SKEW      0.63  0.32  0.53  0.55  0.45  0.63  0.64  0.82  0.60  0.78  0.64  0.92
% NNE     2.48  2.66  2.50  2.49  3.36  3.41  3.53  3.87  4.37  3.96  2.64  2.34
MEAN      3.16  3.06  3.19  3.25  3.17  2.95  3.03  3.19  3.04  3.05  3.20  3.05
STD DEV   1.42  1.30  1.28  1.40  1.35  1.30  1.32  1.55  1.34  1.37  1.50  1.47
SKEW      0.46  0.58  0.37  0.39  0.42  0.52  0.59  0.70  0.50  0.62  0.70  0.92
% NE      3.05  3.18  3.26  2.81  3.69  3.82  4.12  5.11  5.29  4.96  3.08  2.80
MEAN      2.86  2.92  3.14  3.23  3.19  2.98  2.86  2.77  2.98  2.94  2.87  2.67
STD DEV   1.49  1.24  1.24  1.37  1.36  1.30  1.29  1.23  1.31  1.35  1.28  1.00
SKEW      0.98  0.50  0.32  0.41  0.41  0.53  0.66  0.56  0.47  0.68  0.76  0.56
% ENE     2.37  2.56  3.27  2.56  2.88  3.29  3.11  3.67  4.01  4.35  2.25  2.14
MEAN      2.78  2.83  3.11  3.22  3.39  2.93  3.12  2.96  2.98  2.90  2.94  2.99
STD DEV   1.09  1.21  1.17  1.25  1.37  1.15  1.32  1.28  1.21  1.27  1.17  1.23
SKEW      0.50  0.73  0.33  0.45  0.61  0.50  0.77  0.68  0.49  0.70  0.71  0.51
% E       2.72  2.17  2.81  2.76  3.42  3.64  3.80  3.54  4.10  3.95  2.44  2.41
MEAN      2.76  2.80  3.13  3.28  3.11  3.04  3.08  3.03  2.84  2.94  2.79  2.73
STD DEV   1.09  1.06  1.33  1.40  1.28  1.36  1.33  1.39  1.31  1.32  1.27  1.18
SKEW      0.30  0.40  0.38  0.26  0.46  0.44  0.57  0.68  0.71  0.57  0.96  0.63
% ESE     2.62  2.72  2.72  2.63  3.10  3.33  2.84  3.67  3.75  3.69  2.25  2.50
MEAN      3.24  3.44  3.87  3.81  3.36  3.37  3.35  3.19  3.18  3.37  3.31  3.28
STD DEV   1.42  1.56  1.73  1.81  1.47  1.53  1.46  1.45  1.33  1.41  1.49  1.43
SKEW      0.46  0.59  0.39  0.51  0.23  0.52  0.37  0.69  0.25  0.26  0.43  0.40
% SE      5.41  6.52  6.49  6.19  7.09  6.20  5.15  6.19  7.23  6.85  5.80  5.80
MEAN      3.75  4.08  4.30  4.56  3.84  3.41  3.32  3.36  3.54  3.60  3.82  3.88
STD DEV   1.67  1.68  1.88  1.77  1.65  1.45  1.47  1.47  1.49  1.51  1.56  1.62
SKEW      0.36  0.30  0.40  0.19  0.39  0.27  0.35  0.39  0.26  0.20  0.24  0.30
% SSE     4.72  4.41  5.34  5.81  5.06  5.08  4.28  4.19  5.57  4.93  4.77  4.95
MEAN      3.91  4.11  4.73  4.90  4.16  3.67  3.56  3.21  3.73  3.69  4.12  4.00
STD DEV   1.60  1.92  1.97  1.89  1.69  1.44  1.52  1.41  1.58  1.46  1.77  1.68
SKEW      0.32  0.43  0.57  0.20  0.33  0.28  0.47  0.52  0.47  0.29  0.41  0.51
% S       6.04  5.00  5.29  6.49  6.15  6.17  5.93  6.01  5.90  4.89  5.48  6.04
MEAN      3.84  3.79  4.20  4.38  3.72  3.51  3.17  3.11  3.37  3.23  3.51  3.67
STD DEV   1.83  1.77  1.84  1.90  1.79  1.55  1.43  1.41  1.43  1.46  1.72  1.57
SKEW      1.02  0.76  0.76  0.38  0.69  0.58  0.51  0.89  0.49  0.62  1.12  0.84
% SSW     7.53  6.04  5.15  6.60  5.73  6.07  7.66  5.76  4.86  4.76  6.83  5.92
MEAN      3.91  3.97  4.44  4.32  3.68  3.31  3.23  3.21  3.06  3.24  3.62  3.90
STD DEV   1.74  1.80  2.15  1.85  1.80  1.44  1.35  1.36  1.26  1.37  1.61  1.74
SKEW      0.78  0.67  0.87  0.53  0.82  0.60  0.61  0.58  0.59  0.65  0.97  1.01
% SW      7.44  6.49  6.03  7.60  7.24  6.36  8.01  6.40  5.09  5.37  7.06  7.44
MEAN      4.42  4.64  4.80  4.75  3.81  3.47  3.50  3.27  3.31  3.53  4.07  4.12
STD DEV   2.15  2.28  2.53  2.35  1.95  1.56  1.61  1.48  1.65  1.83  1.90  1.87
SKEW      0.45  0.54  0.70  0.69  0.80  0.56  0.63  0.54  0.80  0.90  0.79  0.49
% WSW    10.90 10.19 10.15 10.91 10.24 10.25  9.83  8.63  7.44  7.41 11.09 11.11
MEAN      5.26  5.49  5.71  5.58  4.57  4.03  4.01  3.71  3.78  4.02  4.83  5.38
STD DEV   2.43  2.59  2.69  2.56  2.13  1.80  1.92  1.74  1.92  1.98  2.08  2.47
SKEW      0.39  0.44  0.54  0.30  0.58  0.46  0.65  0.56  0.85  0.65  0.33  0.56
% W      10.93 11.96 12.33 10.69 10.81 11.75 10.96 10.64  9.65 10.31 11.31 12.15
MEAN      5.56  5.63  5.95  5.43  4.42  4.03  3.62  3.44  3.50  3.97  4.87  5.30
STD DEV   2.66  2.58  2.84  2.53  2.02  1.89  1.69  1.65  1.63  2.01  2.42  2.49
SKEW      0.55  0.23  0.51  0.39  0.47  0.61  0.73  0.71  0.62  0.74  0.55  0.49
% WNW    14.91 16.48 16.81 13.31 11.57  9.73  8.63  8.63  8.96 10.81 14.40 15.03
MEAN      6.16  6.31  6.45  6.04  5.02  4.34  3.97  3.85  3.90  4.71  5.65  5.69
STD DEV   2.64  2.62  2.68  2.46  2.15  2.04  1.91  1.74  1.83  2.17  2.34  2.44
SKEW      0.40  0.20  0.23  0.15  0.50  0.49  0.59  0.61  0.62  0.38  0.40  0.34
% NW      7.53  7.78  7.53  7.08  6.05  5.34  4.80  4.74  4.82  6.54  6.94  6.97
MEAN      4.60  4.94  5.15  5.04  4.34  3.76  3.62  3.36  3.68  4.15  4.62  4.39
STD DEV   2.14  2.27  2.23  2.20  1.99  1.84  1.68  1.52  1.65  1.91  2.05  1.98
SKEW      0.61  0.35  0.35  0.38  0.41  0.52  0.52  0.56  0.58  0.44  0.46  0.65
% NNW     3.03  3.49  3.44  4.32  3.57  3.47  3.38  3.54  3.50  3.78  3.12  3.33
MEAN      3.65  4.02  4.25  4.89  4.07  3.61  3.24  3.29  3.37  3.93  3.84  3.77
STD DEV   1.68  1.78  1.92  2.21  1.85  1.73  1.33  1.51  1.52  1.92  1.80  1.76
SKEW      0.43  0.19  0.39  0.47  0.56  0.61  0.43  0.59  0.56  0.63  0.77  0.56
CALM      5.39  5.29  3.93  4.33  6.30  8.16 10.17 10.90 10.78  8.98  7.52  6.34
PULASKI       VA    0.436  ROANOKE       VA    0.382  BECKLEY       WV    0.182
 BUCHANAN VA                             441121 0
 LATT=  37.53 LONG= -79.68 YEARS= 58. TYPE= 3
 ELEVATION =  880. TP5 = 2.75 TP6= 5.29
 MEAN P   0.34  0.35  0.38  0.33  0.37  0.40  0.38  0.43  0.46  0.50  0.36  0.39
 S DEV P  0.35  0.36  0.41  0.38  0.41  0.48  0.44  0.54  0.66  0.74  0.42  0.43
 SQEW  P  1.97  1.95  2.93  2.20  2.54  2.63  2.28  2.63  3.46  4.46  2.10  2.42
 P(W/W)   0.40  0.39  0.43  0.46  0.47  0.45  0.49  0.45  0.41  0.46  0.41  0.41
 P(W/D)   0.23  0.24  0.26  0.24  0.26  0.26  0.30  0.25  0.19  0.16  0.22  0.20
 TMAX AV 47.53 50.98 59.63 70.63 79.05 85.28 88.10 86.92 81.30 71.30 59.30 49.04
 TMIN AV 26.29 27.21 33.77 42.00 51.14 59.13 63.27 62.35 55.77 44.07 34.48 27.71
 SD TMAX 11.35 11.29 11.52 10.31  8.02  6.55  5.80  5.73  8.05  8.87 10.58 10.84
 SD TMIN 10.33 10.00  9.56  9.08  8.26  6.44  5.06  5.55  8.22  9.63 10.30 10.13
 SOL.RAD  222.  281.  353.  469.  534.  588.  559.  500.  420.  302.  221.  184.
 SD SOL   28.8  40.6  60.6  66.9  76.2  71.6  73.9 133.4  69.7  44.7  35.2  32.3
 MX .5 P  0.44  0.41  0.64  0.51  0.86  1.59  1.40  1.40  0.81  0.73  0.58  0.59
 DEW PT  26.87 26.13 30.23 39.99 52.01 60.13 64.39 63.39 57.01 45.39 33.25 25.74
Time Pk  0.653 0.744 0.785 0.837 0.852 0.861 0.877 0.894 0.903 0.927 0.957 1.000
% N       4.17  4.43  4.59  4.90  4.99  5.42  5.67  6.56  6.31  6.44  4.43  4.14
MEAN      3.42  3.30  3.57  3.68  3.47  2.97  3.00  2.94  3.15  3.35  3.34  3.13
STD DEV   1.56  1.52  1.70  1.84  1.64  1.43  1.43  1.37  1.51  1.67  1.53  1.45
SKEW      0.83  0.70  1.00  0.86  0.84  0.94  0.95  0.85  1.04  0.90  0.69  1.02
% NNE     3.60  4.01  3.93  4.16  4.79  4.94  4.72  5.70  6.66  6.72  3.98  3.76
MEAN      3.67  3.39  3.50  3.59  3.50  3.18  3.05  3.24  3.25  3.36  3.22  3.56
STD DEV   1.69  1.47  1.44  1.62  1.60  1.46  1.32  1.45  1.51  1.54  1.42  1.92
SKEW      0.60  0.77  0.58  0.76  0.73  0.88  0.73  0.73  0.78  0.77  0.62  1.28
% NE      3.49  3.51  3.62  3.49  4.36  4.96  5.17  6.15  6.59  6.06  3.87  3.84
MEAN      2.89  2.90  3.05  3.13  3.11  2.96  2.74  2.81  2.79  3.00  2.89  2.64
STD DEV   1.41  1.34  1.38  1.41  1.43  1.38  1.23  1.27  1.33  1.43  1.38  1.08
SKEW      1.24  1.01  0.93  0.85  0.76  0.89  0.88  0.86  0.90  0.70  1.00  0.80
% ENE     1.57  1.34  1.60  1.69  1.97  2.39  2.39  2.51  2.74  2.42  1.51  1.34
MEAN      2.62  2.65  2.74  3.08  3.20  2.86  2.89  2.88  2.70  2.72  2.49  2.60
STD DEV   0.94  1.02  1.04  1.27  1.41  1.20  1.21  1.27  1.13  1.25  1.02  0.94
SKEW      0.67  0.78  0.51  0.81  0.69  0.69  0.84  0.94  0.70  0.90  0.89  0.31
% E       1.78  1.93  2.11  2.01  2.59  2.85  2.73  2.96  3.19  2.42  1.73  1.76
MEAN      2.47  2.58  2.78  2.88  2.97  2.80  2.78  2.71  2.65  2.65  2.45  2.40
STD DEV   1.03  1.05  1.17  1.27  1.32  1.36  1.25  1.19  1.20  1.28  1.12  0.99
SKEW      0.66  0.75  0.72  0.51  0.93  0.97  0.68  0.76  0.92  0.83  1.21  0.63
% ESE     2.72  2.88  3.23  3.17  3.31  3.34  2.78  3.43  3.59  3.29  2.53  2.65
MEAN      3.39  3.53  3.96  3.91  3.64  3.40  3.30  3.20  3.25  3.27  3.27  3.31
STD DEV   1.36  1.49  1.72  1.71  1.50  1.41  1.47  1.28  1.32  1.45  1.56  1.37
SKEW      0.58  0.29  0.50  0.28  0.27  0.47  0.57  0.43  0.21  0.63  0.72  0.51
% SE      7.03  8.56  8.69  7.99  9.36  7.79  6.34  7.54  8.74  8.03  6.83  6.99
MEAN      3.74  3.93  4.16  4.15  3.86  3.54  3.44  3.30  3.37  3.47  3.67  3.73
STD DEV   1.54  1.55  1.68  1.66  1.51  1.43  1.45  1.37  1.39  1.42  1.52  1.48
SKEW      0.41  0.31  0.42  0.30  0.31  0.43  0.54  0.52  0.43  0.37  0.44  0.42
% SSE     4.12  4.78  5.14  5.78  5.74  5.31  4.72  4.66  5.94  4.83  4.87  4.58
MEAN      3.61  4.00  4.36  4.40  4.12  3.74  3.73  3.40  3.68  3.48  3.86  3.65
STD DEV   1.45  1.81  1.92  1.82  1.71  1.48  1.53  1.47  1.67  1.51  1.79  1.52
SKEW      0.59  0.61  0.71  0.41  0.50  0.34  0.39  0.68  0.73  0.64  0.62  0.64
% S       4.26  4.57  5.10  6.01  6.36  6.26  5.77  5.58  5.74  4.37  4.76  4.59
MEAN      3.00  3.27  3.86  3.97  3.67  3.48  3.16  2.92  3.17  2.92  3.11  2.96
STD DEV   1.47  1.67  2.01  1.96  1.77  1.67  1.46  1.32  1.51  1.45  1.58  1.29
SKEW      1.23  1.25  1.10  0.85  0.78  0.91  1.00  1.18  1.05  1.06  1.13  1.19
% SSW     3.75  3.83  3.95  4.83  4.33  4.16  4.48  3.61  3.56  2.93  3.69  4.05
MEAN      3.34  3.62  4.18  4.27  3.52  3.21  3.13  3.01  2.88  2.94  3.24  3.46
STD DEV   1.59  1.69  2.23  2.04  1.73  1.55  1.30  1.24  1.24  1.30  1.57  1.68
SKEW      0.92  0.82  1.11  0.60  0.94  0.88  0.79  0.70  0.78  0.73  1.16  1.11
% SW      7.15  6.92  6.68  7.97  6.72  6.42  7.98  6.06  4.91  5.07  6.31  6.90
MEAN      4.43  4.44  4.63  4.81  3.83  3.49  3.56  3.14  3.11  3.39  3.83  4.06
STD DEV   2.22  2.21  2.36  2.35  1.95  1.69  1.69  1.48  1.61  1.83  1.85  1.97
SKEW      0.53  0.56  0.66  0.56  0.75  0.80  0.65  0.80  0.96  0.89  0.56  0.50
% WSW     9.02  7.81  7.75  8.62  8.08  8.06  8.61  7.40  5.30  5.97  8.00  9.14
MEAN      4.98  5.26  5.43  5.42  4.46  4.00  4.08  3.70  3.81  3.97  4.68  5.02
STD DEV   2.24  2.33  2.57  2.46  1.94  1.78  1.75  1.62  1.77  1.82  1.99  2.26
SKEW      0.49  0.53  0.57  0.44  0.56  0.45  0.58  0.55  0.70  0.55  0.36  0.48
% W       9.51  8.53  8.84  7.88  7.64  7.76  7.77  7.01  5.69  6.70  8.25  8.62
MEAN      5.11  5.32  5.45  5.17  4.16  3.81  3.64  3.46  3.46  3.82  4.52  4.86
STD DEV   2.40  2.49  2.78  2.52  1.92  1.79  1.63  1.66  1.67  1.80  2.22  2.22
SKEW      0.69  0.33  0.69  0.55  0.55  0.67  0.62  0.83  0.69  0.64  0.67  0.54
% WNW    12.87 12.79 12.06  8.98  7.04  5.83  5.41  4.79  3.93  6.74 10.23 11.27
MEAN      6.30  6.63  6.63  5.95  4.94  4.19  3.95  3.88  3.82  4.73  5.57  5.87
STD DEV   2.66  2.60  2.75  2.54  2.20  1.92  1.76  1.75  1.81  2.12  2.34  2.43
SKEW      0.53  0.19  0.34  0.30  0.59  0.56  0.67  0.77  0.68  0.45  0.32  0.32
% NW     10.47 10.50 10.20  8.85  7.09  5.77  5.68  5.58  5.27  7.87  9.88  9.75
MEAN      5.41  5.67  5.53  5.34  4.52  3.84  3.54  3.38  3.58  4.29  4.91  5.18
STD DEV   2.36  2.43  2.40  2.41  2.12  1.85  1.74  1.56  1.77  1.94  2.26  2.27
SKEW      0.45  0.33  0.33  0.48  0.56  0.67  0.88  0.65  0.87  0.42  0.61  0.41
% NNW     4.25  4.65  4.90  5.54  4.62  4.11  4.19  4.10  3.99  4.71  4.71  4.41
MEAN      4.75  4.83  4.89  4.99  4.11  3.72  3.49  3.43  3.40  4.11  4.30  4.37
STD DEV   2.23  2.28  2.13  2.11  1.88  1.82  1.57  1.66  1.56  1.91  1.96  1.99
SKEW      0.35  0.51  0.39  0.33  0.50  0.75  0.69  0.75  0.73  0.44  0.57  0.45
CALM     10.23  8.94  7.57  8.13 11.02 14.62 15.62 16.42 17.86 15.49 14.35 12.15
ROANOKE       VA    0.663  BECKLEY       WV    0.178  GORDONSVILLE  VA    0.159
 BURKES GARDEN VA                        441209 0
 LATT=  37.10 LONG= -81.33 YEARS= 44. TYPE= 3
 ELEVATION = 3250. TP5 = 2.52 TP6= 5.18
 MEAN P   0.27  0.31  0.32  0.32  0.35  0.36  0.37  0.36  0.39  0.35  0.34  0.33
 S DEV P  0.32  0.35  0.36  0.34  0.36  0.37  0.48  0.44  0.48  0.41  0.39  0.37
 SQEW  P  2.34  2.25  2.30  2.00  1.75  2.20  3.15  2.85  2.42  2.01  2.07  1.82
 P(W/W)   0.49  0.49  0.46  0.49  0.56  0.50  0.52  0.48  0.47  0.48  0.46  0.44
 P(W/D)   0.32  0.30  0.32  0.28  0.29  0.27  0.31  0.28  0.21  0.19  0.25  0.27
 TMAX AV 40.17 43.54 51.61 61.71 69.61 75.87 78.68 77.74 72.30 62.96 52.05 43.12
 TMIN AV 20.78 22.52 29.11 36.46 45.07 51.99 56.36 54.90 48.46 37.59 29.63 23.46
 SD TMAX 11.44 10.99 11.35 10.29  7.37  5.48  4.54  4.70  6.82  8.53 10.65 11.19
 SD TMIN 12.49 12.02 10.72 10.00  8.89  7.38  6.06  6.23  8.73 10.52 10.93 11.88
 SOL.RAD  191.  269.  354.  473.  552.  591.  575.  518.  444.  315.  227.  185.
 SD SOL   43.6  49.7  65.6  70.3  75.0  74.9  73.3 158.0  66.9  45.2  37.5  36.2
 MX .5 P  0.39  0.31  0.63  0.77  0.96  1.13  1.73  1.60  1.35  0.60  0.59  0.35
 DEW PT  27.74 27.74 31.10 40.38 52.72 61.02 64.66 64.02 57.36 46.32 34.02 26.68
Time Pk  0.698 0.774 0.813 0.861 0.871 0.880 0.893 0.905 0.915 0.933 0.956 1.000
% N       2.20  2.69  2.60  3.21  3.43  3.05  2.73  3.67  3.67  3.57  2.07  2.23
MEAN      3.05  3.35  3.26  3.48  3.41  3.28  3.01  3.05  2.97  3.01  3.41  2.85
STD DEV   1.33  1.40  1.31  1.47  1.46  1.35  1.23  1.29  1.17  1.29  1.34  1.26
SKEW      0.66  0.26  0.30  0.50  0.44  0.31  0.40  0.58  0.37  0.64  0.60  0.70
% NNE     2.27  2.25  2.11  2.24  2.87  2.75  2.77  3.27  3.36  2.96  1.98  1.79
MEAN      2.94  2.90  3.10  3.21  3.05  2.87  3.02  3.07  3.01  2.94  3.07  2.63
STD DEV   1.11  1.18  1.21  1.34  1.21  1.14  1.20  1.42  1.23  1.22  1.39  0.99
SKEW      0.38  0.70  0.42  0.37  0.37  0.44  0.57  0.68  0.61  0.63  0.80  0.63
% NE      3.08  3.38  3.22  2.65  3.56  3.33  3.45  4.72  4.79  4.31  2.88  2.53
MEAN      2.79  2.87  3.14  3.13  3.16  2.92  2.80  2.69  3.00  2.79  2.73  2.63
STD DEV   1.34  1.12  1.11  1.24  1.25  1.17  1.14  1.10  1.21  1.16  1.04  0.91
SKEW      0.75  0.32  0.14  0.44  0.50  0.58  0.78  0.73  0.52  0.85  0.63  0.49
% ENE     3.41  4.11  4.47  3.39  3.92  4.06  3.85  4.60  5.31  5.75  3.30  3.39
MEAN      2.94  2.91  3.20  3.17  3.30  2.87  3.14  2.85  3.01  2.90  3.03  3.12
STD DEV   1.21  1.22  1.21  1.17  1.29  1.03  1.35  1.14  1.17  1.15  1.14  1.31
SKEW      0.53  0.94  0.47  0.34  0.73  0.46  0.86  0.68  0.80  0.62  0.59  0.83
% E       3.70  3.16  3.55  3.36  4.13  4.40  4.67  4.12  5.05  5.37  3.39  3.62
MEAN      2.95  2.87  3.20  3.35  3.07  3.10  3.08  3.04  2.92  3.07  2.92  2.87
STD DEV   1.19  1.06  1.38  1.42  1.16  1.29  1.27  1.40  1.29  1.29  1.24  1.23
SKEW      0.31  0.47  0.49  0.36  0.37  0.29  0.63  0.73  0.72  0.55  1.04  0.82
% ESE     2.49  2.65  2.49  2.13  2.92  3.25  2.95  3.49  3.91  4.04  2.44  2.52
MEAN      3.17  3.40  3.96  3.67  3.21  3.26  3.26  3.00  3.24  3.47  3.42  3.43
STD DEV   1.51  1.66  2.01  1.87  1.49  1.53  1.45  1.40  1.40  1.48  1.68  1.61
SKEW      0.80  0.86  0.63  0.79  0.40  0.58  0.53  0.80  0.44  0.23  0.59  0.62
% SE      4.04  4.25  4.73  4.13  4.71  4.68  3.91  4.60  5.87  6.21  4.90  4.67
MEAN      3.87  4.25  4.46  4.68  3.79  3.31  3.11  3.18  3.58  3.80  3.90  4.11
STD DEV   1.82  1.87  2.06  1.87  1.65  1.43  1.45  1.41  1.53  1.63  1.68  1.77
SKEW      0.39  0.44  0.51  0.24  0.44  0.35  0.49  0.49  0.33  0.25  0.39  0.32
% SSE     4.99  4.07  5.52  5.46  4.46  4.91  4.03  4.02  5.61  5.28  4.78  5.36
MEAN      4.25  4.27  4.95  4.94  4.01  3.45  3.27  3.02  3.66  3.87  4.28  4.34
STD DEV   1.78  1.95  2.02  1.90  1.58  1.37  1.36  1.22  1.42  1.52  1.82  1.81
SKEW      0.38  0.31  0.45  0.15  0.37  0.50  0.59  0.41  0.35  0.34  0.30  0.37
% S       6.80  5.08  5.72  6.83  6.15  6.48  6.34  6.54  5.97  5.00  5.82  6.75
MEAN      4.39  4.21  4.45  4.47  3.55  3.33  3.03  3.08  3.36  3.36  3.89  4.27
STD DEV   2.07  1.97  1.80  1.83  1.59  1.29  1.27  1.28  1.36  1.42  1.91  1.82
SKEW      0.72  0.59  0.64  0.27  0.72  0.57  0.50  0.63  0.36  0.52  0.97  0.44
% SSW     8.80  6.89  5.73  7.14  6.41  7.01  8.73  6.61  5.45  5.36  7.68  6.79
MEAN      4.30  4.24  4.61  4.16  3.66  3.30  3.21  3.23  3.22  3.43  3.96  4.19
STD DEV   1.98  1.88  2.10  1.73  1.66  1.28  1.26  1.28  1.29  1.40  1.75  1.87
SKEW      0.97  0.72  0.72  0.79  0.73  0.55  0.58  0.65  0.73  0.67  0.90  1.05
% SW      7.43  6.43  5.89  6.90  7.23  6.36  7.77  6.24  4.99  5.27  7.41  7.92
MEAN      4.30  4.62  4.85  4.61  3.77  3.42  3.34  3.27  3.43  3.66  4.16  4.03
STD DEV   1.98  2.15  2.51  2.22  1.82  1.36  1.41  1.35  1.52  1.75  1.82  1.71
SKEW      0.62  0.70  0.80  0.89  0.91  0.52  0.63  0.45  0.61  0.90  0.89  0.60
% WSW    11.57 11.03 10.98 11.60 10.38 10.55  9.66  8.07  7.69  7.35 12.15 11.19
MEAN      5.19  5.41  5.66  5.54  4.52  3.97  3.78  3.64  3.72  4.04  4.89  5.32
STD DEV   2.37  2.53  2.52  2.44  2.12  1.71  1.76  1.67  1.79  1.97  2.08  2.40
SKEW      0.50  0.45  0.50  0.23  0.70  0.50  0.68  0.62  0.86  0.73  0.40  0.66
% W      11.77 13.79 13.83 12.16 11.80 12.34 10.92 10.53  9.74 10.76 12.28 13.19
MEAN      5.70  5.66  6.08  5.46  4.59  4.16  3.65  3.42  3.55  4.13  5.10  5.37
STD DEV   2.60  2.42  2.67  2.37  2.02  1.82  1.61  1.52  1.52  2.00  2.37  2.41
SKEW      0.46  0.18  0.37  0.33  0.48  0.56  0.68  0.58  0.51  0.70  0.47  0.43
% WNW    13.47 15.73 16.33 13.44 11.76  9.91  8.79  8.68  9.53 10.85 14.14 14.22
MEAN      5.55  5.68  5.84  5.66  4.76  4.20  3.82  3.72  3.74  4.42  5.31  5.14
STD DEV   2.35  2.41  2.45  2.27  1.98  1.89  1.80  1.58  1.65  1.99  2.17  2.26
SKEW      0.37  0.28  0.28  0.17  0.55  0.47  0.55  0.54  0.61  0.42  0.48  0.45
% NW      4.89  5.01  5.13  5.52  4.69  4.32  3.62  3.69  3.83  4.70  4.36  4.53
MEAN      3.97  4.29  4.63  4.57  4.08  3.63  3.51  3.19  3.58  3.80  4.19  3.80
STD DEV   1.85  2.07  2.00  1.91  1.76  1.68  1.55  1.34  1.49  1.72  1.80  1.72
SKEW      0.69  0.52  0.50  0.31  0.38  0.57  0.48  0.53  0.59  0.62  0.50  0.83
% NNW     2.54  2.93  2.89  3.84  3.18  3.02  2.77  3.14  3.22  3.26  2.27  2.55
MEAN      3.12  3.52  3.77  4.52  3.90  3.49  3.01  3.09  3.34  3.59  3.41  3.33
STD DEV   1.37  1.50  1.67  2.09  1.69  1.51  1.12  1.29  1.47  1.70  1.57  1.52
SKEW      0.56  0.18  0.40  0.51  0.57  0.51  0.31  0.54  0.60  0.71  0.91  0.62
CALM      6.48  6.48  4.84  5.95  8.41  9.59 13.09 13.94 11.96  9.90  8.03  6.80
PULASKI       VA    0.492  BECKLEY       WV    0.305  BRISTOL       TN    0.203
 COLUMBIA VA                             441929 0
 LATT=  37.77 LONG= -78.15 YEARS= 57. TYPE= 3
 ELEVATION =  300. TP5 = 2.95 TP6= 5.57
 MEAN P   0.34  0.33  0.36  0.36  0.38  0.36  0.41  0.43  0.47  0.43  0.38  0.36
 S DEV P  0.41  0.35  0.39  0.47  0.44  0.46  0.50  0.59  0.67  0.55  0.48  0.42
 SQEW  P  2.52  1.83  1.88  2.83  2.03  3.29  2.59  3.39  2.95  2.35  2.18  2.15
 P(W/W)   0.41  0.41  0.44  0.46  0.42  0.41  0.44  0.44  0.41  0.47  0.40  0.41
 P(W/D)   0.24  0.24  0.24  0.22  0.25  0.24  0.27  0.24  0.19  0.16  0.20  0.21
 TMAX AV 47.08 49.76 58.69 69.86 78.58 85.56 88.88 87.48 81.88 71.29 60.61 49.68
 TMIN AV 24.25 25.43 32.97 42.05 51.62 60.31 64.60 63.40 56.27 43.70 34.09 26.47
 SD TMAX 11.64 11.29 11.90 10.92  8.86  7.35  6.13  6.37  8.51  9.11 10.51 10.84
 SD TMIN 11.04 10.44  9.81  9.57  8.65  6.91  5.32  5.87  8.57 10.02 10.63 10.57
 SOL.RAD  223.  277.  348.  452.  544.  560.  544.  474.  399.  300.  219.  179.
 SD SOL   25.0  38.6  59.1  69.3  71.2  78.5  77.2 138.5  73.0  42.4  32.5  30.4
 MX .5 P  0.49  0.37  0.50  0.64  1.15  1.21  1.57  1.39  0.94  0.70  0.41  0.32
 DEW PT  27.60 27.37 32.09 41.72 53.18 61.37 65.53 64.99 58.18 46.99 35.49 27.56
Time Pk  0.662 0.733 0.787 0.837 0.843 0.851 0.869 0.881 0.892 0.930 0.964 1.000
% N       5.97  7.13  7.59  6.31  6.28  5.80  5.63  8.64  8.50  9.70  6.27  6.93
MEAN      3.72  3.78  3.89  4.09  3.65  3.37  3.16  3.14  3.47  3.70  3.38  3.56
STD DEV   1.63  1.74  1.78  1.82  1.62  1.44  1.19  1.20  1.46  1.57  1.48  1.66
SKEW      0.77  0.88  0.85  0.76  0.77  0.80  0.49  0.53  0.93  0.62  0.79  0.92
% NNE     7.36  8.02  8.19  8.09  8.35  7.12  5.84  8.87 10.01 12.52  6.06  6.60
MEAN      4.31  4.00  4.13  4.47  4.18  3.81  3.74  3.80  4.02  4.25  3.76  3.78
STD DEV   1.80  1.62  1.66  1.81  1.65  1.45  1.32  1.53  1.64  1.67  1.51  1.64
SKEW      0.53  0.62  0.71  0.41  0.52  0.46  0.26  0.70  0.79  0.45  0.48  0.79
% NE      4.49  5.65  5.53  4.73  5.91  4.80  4.39  6.28  6.10  6.47  4.04  4.20
MEAN      3.72  3.70  3.88  3.90  3.83  3.58  3.33  3.48  3.46  3.61  3.34  3.19
STD DEV   1.62  1.60  1.70  1.75  1.56  1.49  1.25  1.40  1.42  1.54  1.34  1.29
SKEW      0.75  0.97  0.68  0.99  0.65  0.64  0.46  0.60  0.71  0.58  0.46  0.48
% ENE     2.36  3.04  3.25  3.29  3.80  3.51  3.44  3.41  3.60  3.22  2.16  1.82
MEAN      3.72  3.96  3.86  4.02  3.92  3.61  3.57  3.75  3.66  3.57  3.23  3.59
STD DEV   1.50  1.62  1.50  1.73  1.69  1.43  1.51  1.57  1.32  1.34  1.30  1.39
SKEW      0.70  0.78  0.36  0.42  0.63  0.35  0.62  0.81  0.41  0.12  0.27  0.39
% E       1.27  1.74  2.02  2.28  2.48  2.47  2.73  2.57  2.49  2.03  1.53  1.43
MEAN      2.69  3.12  2.80  2.99  3.04  2.88  3.15  2.74  3.08  2.95  2.45  2.64
STD DEV   1.21  1.30  1.29  1.22  1.16  1.19  1.27  1.12  1.21  1.17  0.79  1.12
SKEW      0.60  0.75  0.83  0.44  0.64  0.75  0.43  0.87  0.71  0.33  0.95  0.66
% ESE     1.05  1.60  1.85  2.18  2.60  2.29  2.51  2.55  2.25  1.76  1.40  1.17
MEAN      2.79  2.91  3.47  3.35  3.20  3.19  3.13  2.95  3.09  2.84  2.70  2.78
STD DEV   1.11  1.15  1.40  1.34  1.25  1.06  1.07  1.21  1.26  1.12  1.18  1.00
SKEW      0.76  0.36  0.56  0.18  0.23  0.37  0.37  0.57  0.58  0.49  0.63  0.69
% SE      1.71  2.32  2.75  3.31  2.85  2.83  2.69  2.83  2.93  2.08  2.19  1.61
MEAN      2.56  3.06  3.24  3.19  3.04  2.90  2.98  2.71  2.91  2.81  2.76  2.73
STD DEV   1.03  1.22  1.41  1.16  1.18  1.05  1.10  1.08  1.16  1.10  1.18  1.02
SKEW      0.50  0.78  0.57  0.25  0.40  0.63  0.58  0.68  0.48  0.37  0.77  0.69
% SSE     2.57  2.83  3.32  3.52  3.88  4.33  3.65  3.79  4.37  2.76  3.01  2.39
MEAN      2.89  3.52  3.72  3.72  3.42  3.38  3.24  3.08  3.33  3.34  3.26  3.16
STD DEV   1.12  1.36  1.66  1.49  1.25  1.26  1.24  1.21  1.33  1.34  1.57  1.35
SKEW      0.90  0.65  0.96  0.50  0.43  0.29  0.32  0.51  0.43  0.49  0.95  0.79
% S       6.31  5.58  5.10  6.97  7.30  7.74  7.21  6.49  6.51  5.13  6.48  6.97
MEAN      3.21  3.52  3.97  3.74  3.45  3.34  3.25  3.14  3.25  3.11  3.33  3.09
STD DEV   1.25  1.50  1.79  1.54  1.31  1.35  1.29  1.20  1.23  1.26  1.36  1.23
SKEW      0.44  0.96  0.96  0.67  0.64  0.94  0.69  0.56  0.78  0.46  0.71  0.74
% SSW    11.66  9.33  8.24 10.24  9.67  8.94 10.70  7.74  7.88  7.19  9.93 11.31
MEAN      4.12  4.37  4.60  4.71  3.99  3.84  3.74  3.51  3.70  3.72  4.05  3.88
STD DEV   1.72  1.72  1.96  1.91  1.50  1.51  1.31  1.34  1.46  1.42  1.63  1.63
SKEW      0.85  0.76  0.69  0.55  0.50  0.58  0.52  0.60  0.52  0.49  0.60  0.77
% SW      8.55  8.02  7.66  8.04  7.46  7.91  9.27  6.38  5.81  5.84  7.87  9.11
MEAN      3.85  4.11  4.50  4.43  3.80  3.57  3.47  3.18  3.50  3.44  3.70  3.52
STD DEV   1.93  1.93  2.13  1.97  1.66  1.37  1.37  1.30  1.44  1.44  1.58  1.54
SKEW      1.27  0.95  0.77  0.67  0.82  0.63  0.56  0.66  0.62  0.77  0.70  0.80
% WSW     8.21  8.08  7.58  8.00  6.86  7.63  7.16  5.29  4.51  4.30  7.53  7.72
MEAN      4.33  4.66  4.94  5.02  4.39  3.79  3.80  3.43  3.80  3.73  4.36  4.24
STD DEV   1.86  1.92  2.01  2.03  1.81  1.46  1.46  1.40  1.43  1.48  1.81  1.81
SKEW      0.72  0.69  0.44  0.38  0.64  0.48  0.51  0.63  0.46  0.51  0.53  0.66
% W       5.57  5.62  5.89  4.61  3.42  4.03  3.14  2.83  2.30  3.16  4.49  4.94
MEAN      4.42  4.72  5.00  4.40  3.70  3.50  3.33  3.17  3.29  3.59  4.14  4.08
STD DEV   2.00  2.03  2.31  2.01  1.73  1.56  1.46  1.42  1.59  1.47  1.84  1.71
SKEW      0.59  0.29  0.72  0.70  0.71  0.75  0.66  0.62  0.63  0.59  0.80  0.52
% WNW     7.90  7.52  8.32  6.19  4.25  3.53  3.13  2.62  2.33  3.69  5.89  6.07
MEAN      5.09  5.33  5.34  4.89  4.26  3.71  3.61  3.63  3.41  4.21  4.65  4.61
STD DEV   2.14  2.18  2.11  1.98  1.84  1.49  1.51  1.58  1.46  1.68  1.96  1.87
SKEW      0.62  0.40  0.62  0.37  0.41  0.61  0.86  0.82  0.60  0.54  0.36  0.40
% NW      4.84  5.08  5.27  4.46  3.47  3.00  2.90  2.77  3.05  3.84  4.65  4.61
MEAN      4.09  4.50  4.37  4.10  4.20  3.44  3.15  2.91  3.29  3.47  3.70  4.02
STD DEV   1.94  2.30  2.01  1.90  1.82  1.44  1.62  1.24  1.62  1.56  1.73  1.92
SKEW      0.74  0.89  0.55  0.68  0.62  0.71  1.37  0.75  0.91  0.89  0.92  0.75
% NNW     5.74  5.39  6.01  5.54  4.87  4.53  3.86  4.82  4.93  5.55  5.17  4.97
MEAN      4.37  4.38  4.45  4.44  3.89  3.49  3.19  3.24  3.28  3.66  3.89  3.91
STD DEV   1.96  2.11  1.92  1.87  1.61  1.51  1.39  1.43  1.46  1.67  1.83  1.87
SKEW      0.49  0.86  0.55  0.31  0.36  0.77  0.87  0.86  0.82  0.67  0.71  0.80
CALM     14.58 13.02 11.46 12.10 16.54 19.47 21.83 22.07 22.35 20.77 21.25 18.04
GORDONSVILLE  VA    0.573  RICHMOND      VA    0.244  LYNCHBURG     VA    0.182
 MANASSAS VA                             445213 0
 LATT=  38.75 LONG= -77.47 YEARS= 36. TYPE= 3
 ELEVATION =  310. TP5 = 3.05 TP6= 5.56
 MEAN P   0.34  0.36  0.41  0.36  0.40  0.43  0.44  0.46  0.51  0.50  0.40  0.46
 S DEV P  0.33  0.35  0.45  0.35  0.45  0.47  0.47  0.54  0.74  0.53  0.47  0.43
 SQEW  P  1.96  1.77  4.31  1.68  1.97  2.02  2.38  2.14  2.70  1.55  2.32  1.47
 P(W/W)   0.30  0.34  0.32  0.40  0.43  0.37  0.36  0.38  0.38  0.35  0.36  0.37
 P(W/D)   0.14  0.16  0.16  0.20  0.19  0.17  0.19  0.18  0.13  0.11  0.16  0.13
 TMAX AV 43.71 46.62 56.52 68.32 76.96 84.81 88.30 86.85 80.90 69.65 57.87 46.73
 TMIN AV 24.00 25.38 32.63 42.37 51.75 60.17 65.14 63.59 56.84 44.75 35.26 27.25
 SD TMAX 10.86 10.96 11.12 10.43  8.59  6.98  5.21  5.57  8.06  8.52  9.95 10.36
 SD TMIN  9.89  9.95  8.86  8.94  8.34  6.73  5.19  6.04  8.41  9.88  9.83  9.37
 SOL.RAD  184.  262.  333.  414.  536.  511.  531.  447.  374.  291.  206.  162.
 SD SOL   34.3  40.6  61.0  79.1  72.3  92.3  79.3 145.3  77.6  42.3  33.8  32.6
 MX .5 P  0.45  0.34  0.40  0.81  1.50  1.01  1.46  1.40  1.24  0.80  0.35  0.28
 DEW PT  25.27 25.59 30.48 40.52 51.84 60.99 64.78 64.10 57.78 46.57 35.31 26.27
Time Pk  0.649 0.735 0.776 0.824 0.839 0.848 0.871 0.885 0.895 0.927 0.959 1.000
% N       5.04  5.37  5.74  5.11  4.97  3.95  3.84  4.50  6.44  5.72  4.47  5.05
MEAN      3.81  4.27  4.23  4.40  3.82  3.64  3.28  3.34  3.62  3.80  3.96  3.82
STD DEV   1.79  1.84  2.07  2.10  1.75  1.61  1.43  1.48  1.58  1.81  1.90  1.79
SKEW      0.76  0.53  0.81  0.68  0.49  0.60  0.47  0.50  0.59  0.82  0.83  0.75
% NNE     2.73  2.82  3.14  2.89  3.14  2.44  2.23  3.00  4.32  3.01  2.64  2.78
MEAN      3.75  3.67  3.87  3.65  3.50  3.55  3.02  3.25  3.38  3.39  3.80  3.33
STD DEV   1.72  1.66  1.69  1.67  1.41  1.51  1.18  1.29  1.47  1.39  1.70  1.55
SKEW      0.45  0.45  0.45  0.89  0.43  0.61  0.32  0.31  0.53  0.23  0.74  0.75
% NE      2.94  3.60  3.48  3.65  4.44  2.97  2.61  3.37  4.06  3.39  2.42  2.72
MEAN      3.53  3.50  3.62  3.46  3.39  3.31  2.95  3.18  3.20  3.51  3.12  3.28
STD DEV   1.54  1.58  1.68  1.36  1.35  1.40  1.27  1.41  1.40  1.55  1.57  1.59
SKEW      0.45  0.60  0.96  0.49  0.36  0.40  0.68  0.64  0.51  0.44  0.89  0.85
% ENE     1.96  2.70  2.93  2.99  2.79  1.94  1.47  1.82  2.50  2.31  1.47  1.67
MEAN      3.59  3.33  3.58  3.55  3.35  3.35  3.04  3.19  3.18  3.31  2.81  3.31
STD DEV   1.65  1.40  1.43  1.51  1.37  1.45  1.30  1.23  1.40  1.52  1.01  1.52
SKEW      0.40  0.27  0.38  0.51  0.34  0.35  0.55  0.46  0.57  0.60  0.21  0.81
% E       1.99  3.32  4.06  4.46  4.26  2.86  2.37  2.92  3.02  2.84  2.16  1.92
MEAN      3.25  3.22  3.44  3.34  3.37  3.16  2.78  2.92  2.97  2.94  2.87  2.63
STD DEV   1.80  1.50  1.44  1.43  1.45  1.27  1.17  1.30  1.31  1.34  1.37  1.15
SKEW      0.99  0.70  0.58  0.58  0.69  0.30  0.55  0.86  0.77  0.52  1.12  0.80
% ESE     1.72  2.43  3.31  3.66  3.97  2.41  2.57  3.02  2.89  2.30  2.28  1.73
MEAN      2.55  3.09  3.48  3.63  3.28  3.08  3.03  2.95  2.93  2.75  2.97  2.65
STD DEV   1.04  1.33  1.46  1.43  1.26  1.24  1.27  1.08  1.15  1.26  1.31  1.21
SKEW      0.40  0.46  0.51  0.35  0.30  0.33  0.58  0.29  0.48  0.87  0.81  1.00
% SE      2.31  3.53  3.48  4.71  4.83  3.97  3.98  3.86  3.50  3.50  3.11  2.79
MEAN      2.96  3.33  3.73  3.84  3.51  3.25  3.22  3.18  3.33  3.04  3.29  2.85
STD DEV   1.24  1.45  1.63  1.51  1.43  1.34  1.40  1.28  1.51  1.25  1.56  1.12
SKEW      0.54  0.94  0.68  0.38  0.44  0.56  0.63  0.34  0.89  0.47  0.77  0.62
% SSE     2.78  3.01  3.44  4.37  4.67  5.17  4.89  4.66  3.91  3.29  3.07  2.26
MEAN      3.20  3.64  3.99  3.97  3.69  3.29  3.25  3.27  3.29  3.23  3.44  3.06
STD DEV   1.37  1.52  1.64  1.61  1.58  1.38  1.36  1.42  1.34  1.38  1.50  1.32
SKEW      0.46  0.56  0.58  0.32  0.52  0.51  0.52  0.66  0.45  0.49  0.84  0.70
% S       4.85  4.28  5.13  7.04  7.73  9.44  8.36  8.01  6.88  5.75  5.75  5.07
MEAN      3.28  3.53  4.16  4.01  3.65  3.39  3.16  3.24  3.41  3.21  3.53  3.23
STD DEV   1.53  1.42  1.97  1.88  1.69  1.55  1.39  1.44  1.52  1.50  1.68  1.53
SKEW      0.71  0.29  0.68  0.50  0.64  0.72  0.59  0.55  0.64  0.73  0.76  0.72
% SSW     5.16  4.15  4.59  5.89  5.85  7.06  7.20  6.38  5.61  4.71  5.39  4.64
MEAN      4.03  4.22  4.82  4.77  3.98  3.57  3.46  3.38  3.64  3.45  3.84  3.70
STD DEV   1.86  1.92  2.12  2.10  1.75  1.45  1.50  1.48  1.60  1.54  1.71  1.68
SKEW      0.64  0.52  0.64  0.52  0.59  0.48  0.72  0.71  0.76  0.83  0.51  0.68
% SW      3.95  4.03  3.78  4.27  5.33  6.32  6.52  5.62  4.60  4.51  4.94  4.49
MEAN      3.86  4.31  4.24  4.18  3.66  3.18  3.40  3.13  3.21  3.41  3.59  3.51
STD DEV   1.75  1.85  1.95  1.97  1.51  1.31  1.40  1.32  1.37  1.49  1.63  1.63
SKEW      0.57  0.60  0.64  0.62  0.53  0.58  0.69  0.64  0.78  0.80  0.93  0.85
% WSW     2.79  2.86  2.94  3.27  3.74  4.28  4.31  3.46  3.20  3.10  3.23  3.02
MEAN      3.84  4.01  4.23  4.21  3.60  3.17  3.13  2.98  3.14  3.09  3.62  3.60
STD DEV   1.88  1.95  2.12  2.05  1.64  1.39  1.36  1.28  1.38  1.44  1.71  1.73
SKEW      0.66  0.61  0.76  0.76  0.68  0.61  0.57  0.38  0.64  0.89  0.67  0.78
% W       5.52  6.06  5.89  5.53  5.25  5.32  5.05  5.08  4.01  5.29  6.58  6.18
MEAN      4.56  4.85  4.95  4.54  3.60  3.26  3.01  2.96  3.06  3.06  4.25  4.01
STD DEV   2.60  2.55  2.68  2.32  1.77  1.57  1.41  1.37  1.36  1.55  2.54  2.19
SKEW      1.07  0.71  0.90  0.80  0.90  0.72  0.84  0.88  0.82  1.28  1.17  0.99
% WNW    10.89 11.08 11.87  9.01  6.51  5.54  4.87  5.04  5.32  7.02 10.32 10.78
MEAN      5.87  6.34  6.49  5.61  4.47  3.94  3.53  3.56  3.55  4.12  5.21  5.71
STD DEV   3.05  3.05  3.31  2.68  2.30  2.02  1.79  1.74  1.91  2.33  2.95  3.00
SKEW      0.62  0.43  0.54  0.37  0.76  1.20  0.94  0.78  1.13  0.97  0.69  0.69
% NW     14.76 13.43 12.56 10.00  7.76  7.38  6.33  6.45  5.82  9.17 10.98 13.24
MEAN      5.74  6.25  5.95  5.50  4.52  4.03  3.64  3.75  3.79  4.45  5.48  5.85
STD DEV   2.66  2.90  2.82  2.55  2.15  2.04  1.79  1.83  1.80  2.28  2.72  2.96
SKEW      0.45  0.71  0.59  0.52  0.57  0.87  0.76  0.84  0.89  0.74  0.66  0.78
% NNW     6.94  7.11  7.08  5.36  4.13  4.08  3.51  3.67  4.56  5.03  5.50  6.28
MEAN      4.93  5.51  5.45  5.23  4.57  4.04  3.59  3.67  3.71  4.16  4.84  4.97
STD DEV   2.25  2.55  2.52  2.34  1.94  1.89  1.61  1.61  1.74  1.97  2.22  2.38
SKEW      0.46  0.65  0.62  0.43  0.29  0.51  0.48  0.55  0.72  0.73  0.54  0.67
CALM     23.64 20.16 16.46 17.75 20.57 24.88 29.89 29.11 29.38 29.06 25.65 25.49
DAVISON       VA    0.437  WASH/ANDREWS  MD    0.381  FRONT ROYAL   VA    0.183
 MATHEWS 2ENE VA                         445338 0
 LATT=  37.45 LONG= -76.28 YEARS= 26. TYPE= 3
 ELEVATION =    0. TP5 = 3.01 TP6= 5.96
 MEAN P   0.33  0.33  0.40  0.32  0.38  0.42  0.39  0.55  0.44  0.44  0.37  0.32
 S DEV P  0.40  0.36  0.44  0.40  0.49  0.56  0.52  1.03  0.72  0.63  0.50  0.43
 SQEW  P  2.21  1.81  1.80  2.26  2.34  2.41  2.51  4.31  3.75  2.89  2.48  2.40
 P(W/W)   0.50  0.51  0.45  0.48  0.48  0.45  0.49  0.47  0.47  0.49  0.44  0.51
 P(W/D)   0.20  0.23  0.24  0.24  0.21  0.21  0.24  0.23  0.16  0.16  0.19  0.21
 TMAX AV 47.09 50.18 57.00 67.57 76.17 83.34 87.32 85.46 80.00 70.32 61.19 50.83
 TMIN AV 28.33 30.98 36.42 45.68 55.57 63.52 68.58 67.33 61.23 50.23 40.19 30.97
 SD TMAX 10.56 11.02 11.09  9.46  7.70  6.48  5.05  5.37  7.02  7.95  9.36 10.74
 SD TMIN  9.53  9.38  9.23  9.05  8.35  7.10  5.40  5.47  8.29  9.70 10.29 10.45
 SOL.RAD  216.  281.  348.  444.  523.  557.  527.  459.  390.  297.  220.  181.
 SD SOL   31.4  41.6  63.8  77.0  82.0  84.2  86.6 164.9  80.0  47.4  36.3  33.7
 MX .5 P  0.54  0.52  0.48  0.61  1.13  1.17  1.76  1.05  0.95  0.57  0.65  0.35
 DEW PT  33.55 32.24 36.38 44.33 56.21 64.04 68.47 67.90 62.77 53.94 41.94 33.24
Time Pk  0.649 0.742 0.784 0.832 0.849 0.857 0.879 0.891 0.902 0.925 0.958 1.000
% N       9.28  9.80  7.23  5.40  4.73  4.35  3.80  5.82  8.06 10.34  8.00  8.67
MEAN      5.04  5.00  5.31  5.19  4.74  4.48  3.80  4.44  4.66  5.18  4.84  4.58
STD DEV   2.36  2.12  2.53  2.32  2.22  2.09  1.69  2.10  1.99  2.17  2.10  2.17
SKEW      0.53  0.53  0.81  0.53  0.66  0.59  0.50  0.60  0.42  0.52  0.63  0.64
% NNE     7.01  7.19  5.99  5.19  5.38  3.93  3.42  5.38  7.27  8.68  5.65  6.27
MEAN      5.18  4.86  4.83  5.44  5.17  4.62  4.16  4.60  5.19  5.43  4.84  4.53
STD DEV   2.39  2.05  2.22  2.27  2.07  2.02  1.70  1.82  2.06  2.43  2.13  2.12
SKEW      0.56  0.35  0.74  0.47  0.38  0.49  0.25  0.26  0.65  0.62  0.62  0.65
% NE      4.78  5.25  5.32  4.50  6.22  4.75  3.81  5.57  7.64  7.92  4.37  4.33
MEAN      4.46  4.58  4.83  5.07  4.99  4.54  4.22  4.72  5.00  5.53  4.12  4.03
STD DEV   2.02  1.87  1.93  2.20  2.07  1.91  1.94  1.77  2.15  2.50  1.73  1.82
SKEW      0.51  0.43  0.34  0.40  0.27  0.54  0.68  0.35  0.68  0.65  0.48  0.58
% ENE     2.53  3.46  5.51  4.75  5.99  5.53  4.26  5.49  5.73  4.89  2.98  2.79
MEAN      3.95  4.29  4.91  5.04  4.99  4.88  4.28  4.30  4.86  4.58  4.43  4.15
STD DEV   1.85  1.88  1.91  1.87  1.92  2.01  1.60  1.61  2.11  1.84  1.94  1.93
SKEW      0.76  0.55  0.43  0.35  0.31  0.59  0.52  0.39  0.75  0.33  0.64  0.87
% E       2.06  3.15  4.32  5.25  5.60  5.45  5.16  5.37  6.04  4.43  2.76  1.87
MEAN      3.82  3.78  4.33  4.40  4.24  4.12  3.59  3.72  4.02  3.91  3.65  3.41
STD DEV   2.23  1.72  1.92  1.80  1.73  1.74  1.46  1.69  1.72  1.72  1.72  1.67
SKEW      0.85  0.65  0.53  0.38  0.45  0.51  0.39  0.90  0.60  0.51  0.95  0.83
% ESE     1.60  2.31  3.33  4.41  5.04  4.58  5.00  4.24  4.43  2.72  2.16  1.51
MEAN      3.16  4.14  4.43  4.30  4.18  3.96  3.97  3.68  3.90  4.03  3.79  3.64
STD DEV   1.48  1.88  1.99  1.75  1.79  1.57  1.70  1.61  1.56  2.12  1.75  1.65
SKEW      0.58  0.67  0.57  0.47  0.51  0.21  0.39  0.55  0.51  0.92  0.52  0.44
% SE      2.01  2.70  3.29  4.24  4.61  4.91  4.59  4.32  4.08  2.96  2.69  1.73
MEAN      3.33  3.81  4.19  4.30  3.81  3.59  3.75  3.43  3.93  3.67  3.89  3.60
STD DEV   1.44  1.80  2.01  1.81  1.58  1.54  1.57  1.55  1.70  1.52  1.79  1.62
SKEW      0.58  0.58  0.70  0.45  0.34  0.51  0.70  0.68  0.53  0.58  0.41  0.66
% SSE     2.43  2.97  3.50  4.63  4.74  5.04  5.10  4.46  3.82  2.98  3.18  2.70
MEAN      3.54  3.76  4.23  4.43  4.11  3.79  3.62  3.48  3.92  3.56  4.38  3.96
STD DEV   1.68  1.60  1.91  1.94  1.65  1.58  1.45  1.46  1.63  1.40  1.86  1.83
SKEW      0.60  0.67  0.61  0.56  0.37  0.57  0.38  0.70  0.45  0.37  0.46  0.41
% S       6.08  5.59  5.95  9.01  8.96  9.22 10.27  8.80  8.05  6.31  7.05  6.58
MEAN      4.22  4.24  4.53  4.83  4.44  4.19  4.02  3.88  4.22  4.06  4.32  4.20
STD DEV   1.88  1.86  2.07  1.99  1.89  1.79  1.67  1.61  1.72  1.69  1.85  1.87
SKEW      0.65  0.67  0.58  0.49  0.51  0.51  0.36  0.51  0.61  0.38  0.66  0.61
% SSW     8.63  7.95  8.72 11.30  9.90 10.89 12.49  9.69  8.47  7.15  9.92 10.03
MEAN      4.68  4.78  5.05  5.28  4.75  4.60  4.32  4.29  4.25  4.25  4.50  4.44
STD DEV   1.92  2.03  2.10  2.11  2.00  1.78  1.74  1.75  1.78  1.68  1.95  1.92
SKEW      0.54  0.50  0.56  0.46  0.38  0.40  0.33  0.43  0.53  0.39  0.60  0.80
% SW      7.89  6.41  6.50  8.64  8.30  9.67 11.10  8.52  7.09  6.72  7.65  7.94
MEAN      4.75  5.09  5.01  5.04  4.64  4.07  4.10  3.99  3.90  3.78  4.37  4.44
STD DEV   2.17  2.54  2.04  2.23  1.94  1.69  1.71  1.62  1.70  1.66  1.95  2.00
SKEW      0.58  0.68  0.49  0.54  0.44  0.27  0.51  0.35  0.47  0.47  0.51  0.58
% WSW     6.57  6.37  5.48  6.17  7.31  7.09  7.85  6.20  4.18  4.40  6.29  7.34
MEAN      5.18  5.17  5.44  5.22  4.74  4.20  4.24  3.88  3.72  3.96  4.81  5.01
STD DEV   2.34  2.40  2.39  2.19  2.02  1.81  1.95  1.68  1.75  1.83  2.23  2.43
SKEW      0.60  0.53  0.56  0.37  0.43  0.55  0.68  0.54  0.68  0.62  0.51  0.68
% W       6.87  7.71  7.05  5.67  5.54  5.61  4.86  4.74  3.47  4.15  6.46  7.15
MEAN      5.05  5.24  5.44  5.27  4.33  4.04  3.62  3.56  3.43  3.84  4.66  4.72
STD DEV   2.56  2.51  2.69  2.41  2.09  2.04  1.81  1.78  1.68  1.83  2.22  2.31
SKEW      0.64  0.48  0.64  0.56  0.71  0.85  0.73  0.84  0.56  0.61  0.65  0.58
% WNW     7.79  8.06  7.29  5.15  4.01  3.65  2.73  2.76  2.48  4.25  6.74  7.26
MEAN      5.68  6.23  5.87  5.20  4.26  3.82  3.44  3.19  3.42  4.03  4.44  4.89
STD DEV   2.64  3.08  2.61  2.42  1.95  1.61  1.86  1.43  1.57  1.76  2.08  2.49
SKEW      0.54  0.53  0.33  0.40  0.49  0.34  0.89  0.65  0.50  0.62  0.72  0.71
% NW      8.68  7.30  7.73  4.80  3.56  3.45  2.81  3.02  3.70  5.28  7.38  7.72
MEAN      5.14  5.43  5.58  4.80  4.27  3.87  3.13  3.20  3.47  4.09  4.42  5.05
STD DEV   2.39  2.69  2.40  2.31  2.07  1.86  1.43  1.50  1.70  1.76  2.12  2.49
SKEW      0.64  0.65  0.35  0.72  0.48  0.53  0.65  0.61  0.80  0.58  0.74  0.62
% NNW     7.93  6.90  6.71  4.83  3.43  3.09  2.69  3.71  5.27  6.67  7.40  7.49
MEAN      5.22  5.20  5.53  5.15  4.82  4.13  3.54  3.96  3.95  4.88  4.94  5.28
STD DEV   2.30  2.40  2.41  2.25  2.10  1.74  1.57  1.86  1.77  2.04  2.09  2.34
SKEW      0.46  0.61  0.55  0.49  0.45  0.38  0.55  0.65  0.81  0.39  0.60  0.44
CALM      7.73  6.93  6.15  6.03  6.68  8.84  9.95 11.90 10.25 10.17  9.24  8.66
HAMPTON       VA    0.505  CHINCOTEAGUE  VA    0.253  RICHMOND      VA    0.243
 MONTEREY VA                             445698 0
 LATT=  38.42 LONG= -79.60 YEARS= 42. TYPE= 3
 ELEVATION = 2950. TP5 = 2.80 TP6= 5.16
 MEAN P   0.28  0.30  0.34  0.32  0.30  0.33  0.32  0.31  0.39  0.39  0.31  0.34
 S DEV P  0.32  0.37  0.42  0.38  0.36  0.38  0.39  0.37  0.52  0.58  0.41  0.39
 SQEW  P  1.72  2.30  2.54  2.36  2.51  2.25  2.50  2.48  2.44  3.12  3.34  1.97
 P(W/W)   0.45  0.41  0.46  0.49  0.55  0.49  0.55  0.51  0.51  0.51  0.49  0.44
 P(W/D)   0.21  0.24  0.26  0.25  0.27  0.25  0.25  0.24  0.18  0.18  0.22  0.21
 TMAX AV 38.24 41.18 49.98 60.68 70.05 76.75 79.97 78.96 73.07 63.57 52.19 41.87
 TMIN AV 17.43 19.49 26.92 36.29 45.32 52.28 56.62 55.45 48.84 38.35 30.00 20.84
 SD TMAX 11.33 11.50 12.25 11.36  8.21  6.34  6.84  5.32  7.59  9.26 10.87 10.79
 SD TMIN 11.76 11.38 10.14  9.35  8.23  7.42  6.11  6.24  8.29  9.37 10.04 11.28
 SOL.RAD  200.  268.  348.  452.  554.  569.  563.  495.  423.  300.  213.  172.
 SD SOL   30.7  39.9  57.5  67.7  66.7  74.4  69.7 123.0  64.3  40.8  33.1  31.1
 MX .5 P  0.41  0.33  0.53  0.65  1.12  1.16  1.56  1.59  0.95  0.69  0.39  0.29
 DEW PT  25.91 25.53 30.97 39.80 50.95 59.53 63.21 62.36 55.95 44.36 33.42 26.12
Time Pk  0.732 0.812 0.844 0.884 0.895 0.900 0.916 0.922 0.930 0.941 0.969 1.000
% N       4.03  4.76  5.34  5.48  5.52  5.15  4.98  6.47  6.14  6.97  4.27  4.69
MEAN      3.18  3.25  3.56  3.61  3.42  3.20  2.99  2.88  3.05  3.23  2.96  3.24
STD DEV   1.38  1.52  1.66  1.62  1.57  1.42  1.29  1.19  1.34  1.37  1.29  1.54
SKEW      0.59  0.69  0.63  0.64  0.63  0.78  0.79  0.38  0.67  0.57  0.61  0.96
% NNE     3.96  4.24  4.40  4.63  4.80  4.40  3.73  5.22  5.89  6.65  3.38  3.62
MEAN      3.11  3.12  3.30  3.52  3.43  3.09  2.95  2.90  3.21  3.21  2.96  2.95
STD DEV   1.30  1.42  1.49  1.57  1.49  1.36  1.22  1.35  1.45  1.41  1.21  1.32
SKEW      0.29  0.65  0.57  0.41  0.44  0.48  0.40  0.95  0.70  0.64  0.37  0.55
% NE      2.92  3.80  3.31  3.25  4.03  3.21  3.16  3.97  4.26  4.32  2.65  2.52
MEAN      2.89  2.78  2.91  3.21  2.98  2.93  2.83  2.77  2.93  2.95  2.63  2.49
STD DEV   1.31  1.25  1.35  1.61  1.41  1.30  1.15  1.28  1.30  1.39  1.14  1.16
SKEW      0.69  0.79  0.59  1.05  0.79  0.51  0.53  0.82  0.64  0.87  0.99  0.92
% ENE     1.53  1.82  1.71  1.89  2.34  2.31  2.08  2.29  2.39  2.14  1.44  1.10
MEAN      2.72  2.75  2.80  2.97  3.05  2.95  2.85  2.98  2.93  2.86  2.65  2.69
STD DEV   1.16  1.12  1.10  1.45  1.41  1.38  1.36  1.37  1.25  1.34  1.19  1.09
SKEW      0.81  0.44  0.31  0.96  0.70  0.49  0.68  0.80  0.59  0.81  0.72  0.78
% E       1.25  1.46  1.55  1.76  2.15  2.15  2.02  2.15  2.28  2.03  1.43  1.29
MEAN      2.41  2.45  2.38  2.41  2.58  2.61  2.68  2.36  2.55  2.71  2.26  2.28
STD DEV   1.30  1.12  1.25  1.06  1.27  1.32  1.27  1.11  1.16  1.38  1.02  0.98
SKEW      2.19  0.87  1.64  0.68  0.97  1.10  0.73  0.99  1.01  0.99  1.49  1.08
% ESE     1.01  1.16  1.38  1.48  1.89  1.83  1.98  2.09  2.02  2.08  1.19  1.04
MEAN      2.42  2.48  2.86  2.94  2.70  2.64  2.58  2.38  2.71  2.81  2.32  2.24
STD DEV   1.35  1.11  1.43  1.56  1.35  1.19  1.17  1.08  1.35  1.50  1.24  0.87
SKEW      1.81  0.55  1.02  0.65  0.63  0.94  0.80  0.73  0.97  0.77  1.23  0.73
% SE      2.17  2.62  3.27  3.26  3.46  3.60  3.65  3.87  4.33  3.26  2.60  2.45
MEAN      2.46  2.79  3.11  2.97  2.68  2.50  2.49  2.34  2.63  2.62  2.64  2.69
STD DEV   1.21  1.48  1.69  1.40  1.34  1.13  1.10  1.10  1.26  1.35  1.32  1.29
SKEW      0.84  1.09  0.65  0.62  0.82  0.93  0.67  0.81  0.64  0.87  1.03  1.07
% SSE     3.80  4.85  5.67  5.07  4.76  4.55  4.19  4.23  4.66  3.79  4.85  4.36
MEAN      3.30  3.72  3.95  3.74  3.28  3.01  2.78  2.63  3.10  3.25  3.71  3.40
STD DEV   1.57  1.61  1.82  1.67  1.42  1.37  1.20  1.22  1.41  1.49  1.77  1.63
SKEW      0.89  0.54  0.87  0.61  0.52  0.73  0.40  0.61  0.51  0.43  0.63  0.83
% S       6.36  6.44  6.57  6.79  6.71  6.56  6.29  5.66  5.87  4.74  6.46  6.88
MEAN      3.25  3.58  3.89  3.69  3.26  2.89  2.77  2.70  2.90  2.99  3.48  3.27
STD DEV   1.50  1.65  1.83  1.62  1.46  1.27  1.21  1.18  1.27  1.36  1.58  1.50
SKEW      0.58  0.95  0.83  0.66  0.72  0.76  0.73  0.57  0.71  0.60  0.85  0.91
% SSW     9.31  7.30  7.14  8.12  6.93  6.57  7.42  5.52  5.51  5.34  7.69  8.30
MEAN      3.74  4.06  4.31  4.25  3.56  3.19  3.03  2.85  3.04  3.23  3.94  3.64
STD DEV   1.68  1.75  1.98  1.85  1.59  1.40  1.28  1.29  1.41  1.40  1.74  1.59
SKEW      0.65  0.69  0.60  0.44  0.62  0.56  0.58  0.62  0.78  0.65  0.56  0.56
% SW      8.11  7.20  6.70  6.60  6.32  6.92  7.95  6.04  5.61  5.13  6.95  8.11
MEAN      3.81  4.00  4.13  4.08  3.40  3.12  2.93  2.69  2.95  3.27  3.64  3.69
STD DEV   1.96  2.00  2.09  2.01  1.72  1.45  1.33  1.33  1.40  1.59  1.71  1.75
SKEW      0.99  0.78  0.68  0.56  0.76  0.83  0.68  0.92  0.74  0.77  0.67  0.71
% WSW     8.54  7.52  7.37  7.54  6.51  6.59  6.36  4.91  4.66  4.37  7.89  7.98
MEAN      4.66  4.78  4.91  5.06  4.37  3.78  3.47  3.22  3.57  3.71  4.51  4.49
STD DEV   2.01  2.11  2.10  2.10  1.91  1.69  1.53  1.55  1.60  1.70  1.98  1.96
SKEW      0.49  0.57  0.33  0.27  0.34  0.49  0.49  0.66  0.42  0.41  0.43  0.45
% W       7.70  7.90  7.88  6.84  5.91  5.39  4.71  4.30  3.67  4.74  6.84  7.23
MEAN      4.78  4.89  5.19  4.92  4.24  3.63  3.42  3.19  3.40  3.79  4.46  4.51
STD DEV   2.21  2.22  2.29  2.24  1.99  1.75  1.57  1.55  1.76  1.77  1.99  2.07
SKEW      0.44  0.23  0.43  0.56  0.34  0.54  0.47  0.59  0.58  0.35  0.45  0.38
% WNW     9.93  9.78 11.08  9.45  6.61  6.00  5.07  4.84  4.31  5.38  8.90  8.83
MEAN      5.28  5.41  5.41  5.17  4.46  3.83  3.69  3.46  3.58  4.33  4.92  4.96
STD DEV   2.21  2.23  2.16  2.08  1.95  1.69  1.64  1.56  1.62  1.94  2.08  2.07
SKEW      0.45  0.15  0.36  0.22  0.31  0.52  0.91  0.57  0.42  0.37  0.24  0.33
% NW      7.61  8.32  7.71  7.63  6.85  6.08  5.59  5.54  5.17  6.71  6.71  7.04
MEAN      4.23  4.52  4.55  4.32  4.06  3.43  3.12  3.04  3.23  3.65  4.01  4.20
STD DEV   2.01  2.23  2.09  1.96  1.84  1.60  1.52  1.38  1.59  1.66  1.88  2.05
SKEW      0.59  0.57  0.43  0.44  0.48  0.66  0.86  0.76  0.71  0.66  0.64  0.58
% NNW     4.45  4.78  4.96  5.22  5.72  4.88  4.43  4.71  4.41  5.13  4.11  3.91
MEAN      4.00  4.14  4.33  4.37  3.98  3.45  3.11  3.16  3.16  3.57  3.77  3.83
STD DEV   1.79  1.90  1.93  1.86  1.69  1.57  1.35  1.39  1.37  1.63  1.77  1.85
SKEW      0.50  0.57  0.47  0.32  0.31  0.68  0.57  0.53  0.48  0.69  0.53  0.61
CALM     17.42 16.09 13.96 14.99 19.46 23.75 26.37 28.22 28.71 27.24 22.68 20.61
ELKINS        WV    0.534  LYNCHBURG     VA    0.238  GORDONSVILLE  VA    0.228
 PAINTER 2W VA                           446475 0
 LATT=  37.58 LONG= -75.82 YEARS= 37. TYPE= 3
 ELEVATION =   30. TP5 = 2.99 TP6= 5.93
 MEAN P   0.39  0.37  0.43  0.37  0.40  0.44  0.48  0.52  0.52  0.53  0.39  0.39
 S DEV P  0.41  0.37  0.45  0.42  0.47  0.52  0.71  0.77  0.70  0.70  0.45  0.43
 SQEW  P  1.92  1.78  1.76  1.69  1.99  2.15  3.36  3.78  2.90  3.08  1.94  2.17
 P(W/W)   0.39  0.42  0.42  0.38  0.39  0.31  0.40  0.38  0.36  0.39  0.34  0.40
 P(W/D)   0.25  0.26  0.26  0.23  0.21  0.22  0.23  0.20  0.16  0.16  0.21  0.24
 TMAX AV 45.97 48.47 56.27 66.21 74.96 82.52 86.37 85.13 79.64 69.39 60.31 50.66
 TMIN AV 28.25 30.08 36.86 45.05 54.65 63.20 68.14 66.97 60.53 49.77 41.20 32.55
 SD TMAX 10.61 10.75 10.57  9.63  7.71  6.45  5.00  5.12  6.51  7.41  8.75 10.40
 SD TMIN  9.63  9.58  9.11  8.95  8.22  7.20  5.91  6.27  8.03  9.63  9.78 10.10
 SOL.RAD  209.  277.  346.  440.  520.  553.  526.  458.  390.  296.  218.  178.
 SD SOL   33.3  42.4  64.2  78.4  83.1  85.5  87.2 166.0  79.9  47.5  36.7  34.3
 MX .5 P  0.53  0.52  0.48  0.62  1.12  1.16  1.75  1.05  0.96  0.56  0.66  0.35
 DEW PT  33.17 31.69 35.69 43.56 55.75 63.56 68.43 67.73 61.97 53.27 41.38 32.57
Time Pk  0.642 0.733 0.771 0.828 0.844 0.852 0.877 0.886 0.895 0.914 0.957 1.000
% N       7.70  7.76  6.15  4.58  4.01  3.84  3.69  4.98  7.72  8.46  7.44  7.44
MEAN      5.01  4.86  4.90  4.74  4.29  4.21  3.53  4.01  4.30  4.87  4.61  4.25
STD DEV   2.21  1.95  2.18  2.03  1.94  1.79  1.48  1.74  1.75  1.92  1.75  1.97
SKEW      0.40  0.40  0.75  0.34  0.65  0.57  0.46  0.34  0.41  0.48  0.44  0.84
% NNE     5.63  5.72  4.85  4.47  4.49  3.37  2.99  3.94  5.86  6.95  4.72  4.68
MEAN      5.05  4.70  4.70  4.82  4.82  4.35  3.91  4.23  4.82  5.24  4.58  4.22
STD DEV   2.24  1.85  2.05  1.96  1.91  1.77  1.45  1.67  1.76  2.23  1.96  1.90
SKEW      0.67  0.36  0.56  0.34  0.43  0.42  0.24  0.35  0.70  0.57  0.80  0.67
% NE      3.75  4.24  4.00  4.32  5.63  3.79  3.38  4.67  7.09  6.72  3.84  3.18
MEAN      4.29  4.84  4.95  5.03  4.81  4.42  4.36  4.83  4.93  5.51  4.06  4.17
STD DEV   1.81  1.87  2.00  2.11  1.90  1.70  2.05  1.83  2.02  2.27  1.60  1.76
SKEW      0.66  0.14  0.30  0.24  0.25  0.36  0.70  0.35  0.56  0.31  0.53  0.52
% ENE     2.29  3.80  5.82  5.14  5.93  5.68  4.02  5.39  6.07  4.89  3.03  2.62
MEAN      3.97  4.48  5.12  5.20  5.06  5.10  4.40  4.56  5.13  4.82  4.45  4.32
STD DEV   1.76  1.75  1.87  1.77  1.85  1.80  1.50  1.70  2.24  1.88  1.94  1.76
SKEW      0.67  0.46  0.29  0.26  0.35  0.33  0.26  0.28  0.72  0.41  0.80  0.94
% E       1.75  2.79  3.83  5.03  5.09  4.43  4.05  4.71  4.79  3.40  2.21  1.15
MEAN      3.64  4.00  4.45  4.55  4.41  4.40  3.57  4.05  4.20  3.94  4.21  3.44
STD DEV   1.83  1.77  1.83  1.77  1.64  1.72  1.35  1.91  1.70  1.79  2.05  1.29
SKEW      0.89  0.44  0.53  0.46  0.50  0.28  0.02  1.01  0.64  0.89  1.29  0.45
% ESE     1.33  2.09  3.22  3.24  3.61  3.32  4.03  3.19  3.79  2.22  1.67  1.62
MEAN      3.30  4.42  4.52  4.23  4.06  4.05  4.10  3.75  4.01  4.37  3.90  3.91
STD DEV   1.46  1.79  1.99  1.60  1.63  1.43  1.70  1.71  1.48  2.62  1.73  1.91
SKEW      0.39  0.54  1.11  0.39  0.52 -0.04  0.47  0.70  0.13  1.43  0.52  1.05
% SE      2.01  2.13  2.89  3.88  3.90  4.40  4.47  3.86  3.54  2.49  2.48  1.32
MEAN      3.43  4.01  4.36  4.44  3.94  4.01  3.92  3.68  4.04  3.81  3.91  3.64
STD DEV   1.35  2.03  2.01  1.85  1.56  1.55  1.61  1.66  1.63  1.42  1.69  1.64
SKEW      0.43  0.82  0.73  0.65  0.35  0.29  0.78  0.69  0.60  0.14  0.95  1.00
% SSE     2.96  3.47  3.65  5.34  5.22  5.31  5.07  5.03  4.11  3.37  2.82  2.89
MEAN      3.70  4.00  4.34  4.58  4.19  4.01  3.99  3.97  4.13  3.73  4.53  4.14
STD DEV   1.60  1.42  1.81  1.86  1.61  1.50  1.62  1.65  1.57  1.30  1.86  1.77
SKEW      0.48  0.49  0.62  0.47  0.28  0.43  0.54  0.98  0.50  0.28  0.79  0.42
% S       5.76  6.12  6.09 10.28  9.78 10.15 10.70 10.44  8.71  6.13  5.75  6.63
MEAN      4.31  4.51  4.64  4.95  4.34  4.33  4.23  4.19  4.50  4.21  4.47  4.41
STD DEV   1.70  1.79  1.99  1.97  1.75  1.75  1.74  1.65  1.71  1.68  1.77  1.94
SKEW      0.43  0.58  0.45  0.48  0.50  0.41  0.37  0.44  0.52  0.28  0.75  0.84
% SSW     7.78  7.75  8.06 10.56  9.07  9.41 11.31  8.97  8.59  7.01  9.09  9.41
MEAN      4.87  4.88  5.36  5.51  4.80  4.50  4.32  4.44  4.60  4.51  4.80  4.73
STD DEV   1.96  1.99  2.22  2.10  1.96  1.68  1.63  1.76  1.82  1.64  1.90  1.91
SKEW      0.58  0.67  0.56  0.38  0.45  0.35  0.23  0.48  0.41  0.31  0.34  0.88
% SW      5.93  4.59  5.08  6.33  6.64  7.78  8.99  7.13  5.86  5.50  6.17  5.83
MEAN      4.60  4.93  4.98  4.82  4.45  3.86  4.08  3.94  3.99  3.89  4.22  4.48
STD DEV   2.02  2.18  2.07  2.05  1.84  1.58  1.68  1.54  1.69  1.65  1.68  1.99
SKEW      0.65  0.56  0.60  0.47  0.45  0.38  0.58  0.22  0.48  0.37  0.50  0.64
% WSW     4.88  5.09  4.84  5.27  6.71  6.60  7.28  5.73  3.89  4.09  5.32  6.42
MEAN      4.89  4.77  5.21  4.87  4.58  3.98  4.06  3.88  3.83  3.74  4.25  4.62
STD DEV   2.10  2.24  2.40  1.95  1.87  1.60  1.74  1.62  1.68  1.45  1.77  2.29
SKEW      0.53  0.62  0.60  0.50  0.54  0.70  0.69  0.31  0.64  0.57  0.30  0.91
% W       6.60  6.76  6.75  5.62  5.60  6.46  5.67  5.71  3.92  4.57  6.46  7.39
MEAN      5.01  5.35  5.47  5.48  4.36  4.17  3.82  3.73  3.50  4.02  4.55  4.66
STD DEV   2.62  2.62  2.77  2.59  2.00  2.00  1.74  1.76  1.61  1.73  2.22  2.23
SKEW      0.60  0.45  0.65  0.66  0.68  0.70  0.64  0.85  0.62  0.40  0.80  0.74
% WNW    11.08 10.71 10.14  7.73  5.92  5.55  3.98  4.26  3.25  6.54  9.43 10.15
MEAN      6.17  6.81  6.56  6.05  4.71  4.23  3.99  3.83  3.98  4.61  5.22  5.50
STD DEV   2.74  3.08  2.82  2.81  2.07  1.72  2.06  1.79  1.87  1.90  2.26  2.51
SKEW      0.39  0.27  0.21  0.42  0.33  0.37  0.84  0.54  0.39  0.42  0.57  0.52
% NW     11.31 10.47 10.23  6.32  4.61  4.57  3.85  4.54  4.24  6.97  9.95 10.72
MEAN      5.82  5.86  5.98  5.43  4.62  4.20  3.66  3.74  3.85  4.63  5.05  5.49
STD DEV   2.55  2.59  2.48  2.54  2.15  1.81  1.63  1.65  1.79  2.00  2.22  2.47
SKEW      0.53  0.57  0.28  0.85  0.45  0.56  0.59  0.52  0.88  0.66  0.46  0.57
% NNW     9.47  8.52  7.28  5.05  3.69  3.54  3.69  4.09  6.10  7.36  8.45  8.24
MEAN      5.41  5.43  5.64  5.14  4.86  4.25  3.74  4.05  4.17  5.04  5.26  5.14
STD DEV   2.29  2.43  2.34  2.14  1.97  1.71  1.60  1.83  1.78  2.04  2.04  2.17
SKEW      0.53  0.72  0.45  0.28  0.31  0.25  0.43  0.60  0.76  0.39  0.78  0.53
CALM      9.66  8.02  7.22  6.87 10.07 11.90 12.61 13.26 12.54 13.39 11.08 10.34
CHINCOTEAGUE  VA    0.443  HAMPTON       VA    0.299  STERLING      VA    0.258
 PENNINGTON GAP 1 W VA                   446626 0
 LATT=  36.75 LONG= -83.05 YEARS= 61. TYPE= 3
 ELEVATION = 1590. TP5 = 2.36 TP6= 4.52
 MEAN P   0.42  0.45  0.45  0.40  0.39  0.41  0.46  0.42  0.43  0.41  0.41  0.42
 S DEV P  0.45  0.46  0.50  0.47  0.40  0.43  0.54  0.47  0.47  0.44  0.43  0.49
 SQEW  P  2.02  1.85  2.48  4.32  2.16  2.14  2.93  2.48  2.24  1.90  2.00  2.78
 P(W/W)   0.46  0.46  0.45  0.46  0.50  0.46  0.49  0.45  0.40  0.39  0.42  0.48
 P(W/D)   0.28  0.29  0.31  0.27  0.26  0.26  0.28  0.24  0.19  0.16  0.24  0.25
 TMAX AV 45.30 48.98 57.80 68.14 76.69 83.08 85.69 85.02 80.71 71.12 58.14 48.10
 TMIN AV 24.18 25.54 32.61 40.64 49.38 57.43 61.49 60.44 53.57 41.07 32.17 26.15
 SD TMAX 11.32 11.61 11.78 10.79  7.48  5.86  4.96  4.87  7.84  8.40 11.48 10.46
 SD TMIN 12.03 11.20 10.23  9.14  8.24  6.63  5.06  5.68  8.16  9.68 10.03 11.22
 SOL.RAD  168.  251.  344.  466.  553.  595.  578.  526.  461.  326.  220.  167.
 SD SOL   43.8  47.8  59.8  63.7  65.5  64.8  63.3 102.5  53.8  35.3  33.8  35.9
 MX .5 P  0.31  0.45  0.59  0.71  1.19  1.10  1.41  1.25  0.86  0.55  0.50  0.45
 DEW PT  30.06 30.06 34.24 42.88 54.12 62.12 65.29 65.12 57.94 47.41 35.71 28.88
Time Pk  0.686 0.771 0.812 0.857 0.871 0.880 0.897 0.906 0.915 0.932 0.958 1.000
% N       3.71  4.04  4.04  4.64  4.76  4.15  3.32  5.12  5.49  5.02  3.64  4.11
MEAN      3.14  3.50  3.27  3.44  3.17  2.97  2.62  2.67  2.86  3.09  3.06  3.20
STD DEV   1.43  1.52  1.53  1.59  1.55  1.26  1.23  1.17  1.24  1.36  1.32  1.40
SKEW      0.63  0.57  0.59  0.84  0.85  0.51  0.75  0.66  0.71  0.58  0.65  0.51
% NNE     3.72  3.91  3.45  3.52  4.20  4.21  3.70  4.58  5.72  4.40  3.33  3.30
MEAN      3.03  3.13  3.06  3.31  3.14  2.77  2.65  2.66  2.97  2.76  2.78  2.95
STD DEV   1.30  1.28  1.37  1.52  1.45  1.25  1.05  1.15  1.25  1.24  1.13  1.38
SKEW      0.76  0.65  0.72  0.70  0.69  0.91  0.70  0.98  0.82  0.87  0.91  1.34
% NE      5.24  5.78  5.23  4.38  5.19  5.78  4.95  6.42  7.78  6.30  4.70  5.06
MEAN      2.77  2.76  2.89  2.86  2.73  2.54  2.31  2.34  2.65  2.43  2.55  2.59
STD DEV   1.42  1.21  1.22  1.37  1.20  1.17  0.98  1.02  1.21  1.11  1.13  1.09
SKEW      1.19  0.87  0.79  1.07  1.00  1.18  1.16  1.41  1.23  1.10  1.07  0.75
% ENE     4.78  5.83  5.04  3.80  4.52  4.47  4.15  4.88  6.15  5.80  4.05  5.00
MEAN      2.78  2.93  2.89  2.75  2.77  2.66  2.45  2.39  2.77  2.40  2.58  2.65
STD DEV   1.35  1.22  1.28  1.18  1.22  1.11  1.05  0.98  1.27  0.98  1.08  1.06
SKEW      1.04  0.71  0.79  0.73  0.84  0.77  0.93  0.87  1.35  0.80  0.79  0.77
% E       4.52  5.01  4.63  3.87  4.98  4.96  4.55  4.80  5.95  6.03  4.37  5.22
MEAN      2.43  2.59  2.79  2.64  2.55  2.46  2.24  2.22  2.47  2.51  2.49  2.57
STD DEV   1.05  1.11  1.32  1.08  1.18  1.04  0.90  0.93  1.04  1.14  1.14  1.13
SKEW      0.77  0.66  1.03  0.87  1.14  0.92  0.78  0.90  0.90  1.25  1.60  0.99
% ESE     2.25  2.62  2.93  2.79  3.31  3.04  2.63  2.87  3.56  3.41  2.91  2.63
MEAN      2.41  2.77  3.09  2.99  2.67  2.34  2.28  2.28  2.58  2.54  2.61  2.77
STD DEV   1.00  1.24  1.50  1.50  1.24  0.94  0.95  0.87  1.07  1.15  1.36  1.40
SKEW      0.84  0.87  0.88  1.19  1.15  0.61  0.85  0.52  1.05  1.05  1.27  1.47
% SE      2.50  2.51  3.36  2.98  3.13  3.23  3.12  3.09  3.29  3.32  2.89  2.51
MEAN      2.70  3.05  3.27  3.26  2.80  2.47  2.18  2.13  2.48  2.62  2.63  2.80
STD DEV   1.36  1.72  1.73  1.71  1.39  1.11  1.02  0.89  1.11  1.28  1.37  1.44
SKEW      0.84  0.87  0.94  0.96  0.96  0.83  0.95  1.00  0.99  1.02  1.11  0.83
% SSE     3.46  4.10  4.81  4.52  3.73  3.60  3.88  2.94  3.45  3.47  4.43  4.18
MEAN      3.39  3.54  3.84  3.63  2.78  2.56  2.44  2.32  2.61  2.75  3.41  3.35
STD DEV   1.82  1.82  2.01  1.83  1.29  1.17  1.08  0.89  1.10  1.41  1.83  1.72
SKEW      1.00  0.74  0.85  0.70  0.97  1.37  0.98  0.69  0.74  0.94  0.80  0.72
% S       4.93  4.76  5.68  5.81  4.97  5.10  5.32  4.45  4.24  3.80  5.55  5.90
MEAN      3.73  3.82  3.96  3.80  2.99  2.78  2.57  2.43  2.83  2.76  3.71  3.64
STD DEV   2.08  2.11  1.94  2.04  1.39  1.19  1.09  1.02  1.44  1.29  2.07  1.79
SKEW      1.12  1.08  0.63  0.96  1.05  0.94  1.09  0.75  1.04  1.21  0.88  0.78
% SSW     5.74  5.09  5.47  6.16  5.57  5.71  6.46  4.35  3.61  3.69  4.64  5.59
MEAN      3.80  3.86  4.30  3.79  3.16  2.97  2.81  2.72  2.96  2.97  3.61  3.54
STD DEV   1.97  2.00  2.34  2.00  1.34  1.28  1.11  1.04  1.27  1.38  2.00  1.80
SKEW      1.22  1.05  1.04  1.13  0.68  0.90  0.62  0.73  1.07  0.78  1.13  0.98
% SW      7.74  6.75  6.80  7.56  6.55  6.67  7.40  5.21  4.54  4.76  6.47  7.60
MEAN      3.92  3.87  4.37  4.39  3.60  3.20  3.10  2.86  3.04  3.28  3.60  3.59
STD DEV   1.87  1.89  2.20  2.19  1.70  1.46  1.36  1.33  1.39  1.59  1.80  1.69
SKEW      0.66  0.84  0.74  0.88  0.84  0.86  0.79  0.98  0.67  0.88  0.96  0.67
% WSW     9.74  9.12  9.92  9.27  7.43  6.30  6.27  4.65  4.05  4.97  9.01  8.90
MEAN      4.58  4.80  5.22  5.03  3.98  3.63  3.27  3.13  3.18  3.72  4.37  4.39
STD DEV   2.08  2.29  2.41  2.40  1.84  1.61  1.38  1.36  1.41  1.73  1.90  1.97
SKEW      0.64  0.78  0.59  0.67  0.54  0.57  0.85  0.71  0.85  0.73  0.46  0.50
% W       9.85 10.53 10.26  9.56  7.40  6.76  6.36  5.22  4.56  5.99  9.25  9.41
MEAN      4.59  4.61  4.80  4.59  3.80  3.40  3.11  2.95  3.03  3.56  4.16  4.23
STD DEV   2.08  2.08  2.19  2.18  1.76  1.52  1.31  1.28  1.27  1.69  1.90  1.97
SKEW      0.60  0.41  0.44  0.61  0.56  0.69  0.60  0.65  0.61  0.75  0.54  0.52
% WNW     6.23  7.24  7.04  6.55  4.79  4.69  3.92  3.67  3.46  4.43  6.29  5.93
MEAN      4.26  4.63  4.77  4.65  3.59  3.18  2.96  2.92  3.13  3.40  4.27  4.07
STD DEV   1.92  2.10  2.19  2.17  1.53  1.37  1.24  1.19  1.41  1.54  1.97  2.01
SKEW      0.50  0.41  0.41  0.54  0.60  0.68  0.51  0.53  0.71  0.61  0.53  0.61
% NW      4.25  3.74  4.15  4.11  3.53  3.15  2.91  3.19  2.77  3.22  3.68  3.35
MEAN      3.60  3.98  3.82  3.96  3.13  2.85  2.74  2.59  2.88  3.11  3.69  3.60
STD DEV   1.70  2.04  1.83  1.82  1.45  1.32  1.30  1.19  1.43  1.48  1.80  1.79
SKEW      0.62  0.79  0.67  0.42  0.56  0.91  0.82  0.67  0.87  0.79  0.61  0.74
% NNW     2.97  3.21  3.15  3.33  2.86  2.40  2.05  2.44  2.21  2.84  2.27  2.48
MEAN      3.50  3.57  3.72  3.83  3.33  3.00  2.83  2.62  2.90  3.05  3.17  3.32
STD DEV   1.63  1.66  1.71  1.72  1.46  1.34  1.21  1.18  1.37  1.37  1.40  1.49
SKEW      0.55  0.54  0.58  0.35  0.38  0.60  0.62  0.73  0.66  0.56  0.59  0.37
CALM     18.35 15.78 13.98 17.07 23.03 25.85 29.02 32.16 29.26 28.56 22.51 18.81
BRISTOL       TN    0.498  LONDON        KY    0.327  HUNTINGTON/TS.WV    0.175
 RICHMOND WB AP VA                       447201 0
 LATT=  37.50 LONG= -77.33 YEARS= 44. TYPE= 3
 ELEVATION =  160. TP5 = 2.98 TP6= 5.85
 MEAN P   0.30  0.33  0.34  0.31  0.34  0.39  0.48  0.51  0.44  0.48  0.39  0.38
 S DEV P  0.39  0.36  0.40  0.40  0.42  0.55  0.67  0.79  0.58  0.69  0.50  0.42
 SQEW  P  2.65  2.03  2.24  2.56  2.21  2.79  2.82  4.44  2.30  2.89  2.30  1.77
 P(W/W)   0.46  0.44  0.44  0.45  0.51  0.46  0.46  0.44  0.44  0.42  0.39  0.41
 P(W/D)   0.26  0.27  0.28  0.24  0.25  0.23  0.27  0.26  0.19  0.18  0.23  0.23
 TMAX AV 46.95 50.21 58.80 70.16 77.98 85.28 88.66 86.95 80.79 70.67 60.81 50.15
 TMIN AV 27.06 29.15 36.10 45.15 54.49 62.82 67.78 66.54 59.18 47.26 37.72 29.90
 SD TMAX 11.99 11.71 12.01 10.85  8.55  7.08  5.92  6.04  8.01  8.83 10.58 11.32
 SD TMIN 10.23 10.01  9.35  8.97  7.74  6.51  4.95  5.22  7.93  9.58  9.72 10.05
 SOL.RAD  260.  289.  350.  468.  534.  578.  531.  468.  388.  300.  228.  189.
 SD SOL   16.3  38.0  61.8  67.7  77.0  75.7  83.8 152.3  79.3  45.3  32.7  30.2
 MX .5 P  0.59  0.42  0.52  0.52  0.95  1.34  1.64  1.22  0.74  0.65  0.45  0.36
 DEW PT  28.00 29.00 33.00 43.00 55.00 63.00 67.00 67.00 60.00 49.00 38.00 29.00
Time Pk  0.649 0.741 0.793 0.841 0.858 0.866 0.888 0.904 0.917 0.946 0.972 1.000
% N       8.93  9.28  8.17  7.06  6.92  6.59  5.76  8.48 10.93 11.83  8.61  8.46
MEAN      3.79  4.06  4.12  4.38  3.73  3.44  3.21  3.21  3.43  3.59  3.57  3.72
STD DEV   1.68  1.81  1.78  1.87  1.63  1.41  1.17  1.31  1.38  1.45  1.48  1.71
SKEW      0.78  0.95  0.76  0.69  0.82  0.68  0.59  1.02  0.75  0.75  0.60  0.80
% NNE     6.13  7.07  6.39  4.94  6.36  5.29  5.13  7.08  8.94  9.96  5.82  6.29
MEAN      4.19  4.02  3.93  4.41  4.03  3.70  3.57  3.56  3.94  3.93  3.63  3.62
STD DEV   1.77  1.59  1.62  1.74  1.52  1.44  1.31  1.34  1.63  1.57  1.41  1.50
SKEW      0.68  0.49  0.76  0.34  0.42  0.29  0.20  0.67  0.70  0.32  0.35  0.59
% NE      5.45  5.84  6.01  4.71  6.30  5.53  4.57  6.43  7.37  6.94  4.70  5.56
MEAN      3.37  3.49  3.62  3.77  3.72  3.47  3.23  3.30  3.16  3.40  3.15  3.04
STD DEV   1.44  1.41  1.44  1.51  1.52  1.44  1.34  1.29  1.31  1.50  1.43  1.35
SKEW      0.46  0.80  0.37  0.31  0.44  0.39  0.53  0.28  0.44  0.54  0.68  0.53
% ENE     2.51  3.11  3.96  3.36  3.89  3.04  3.53  3.60  3.64  3.81  2.39  2.75
MEAN      3.49  3.64  3.73  3.83  3.60  3.24  3.36  3.07  3.12  3.18  3.23  2.78
STD DEV   1.65  1.55  1.50  1.64  1.50  1.42  1.40  1.28  1.23  1.35  1.45  1.25
SKEW      0.93  0.41  0.58  0.39  0.44  0.73  0.60  0.63  0.51  0.36  0.46  0.71
% E       2.37  3.21  3.96  4.15  4.98  4.57  4.92  4.53  5.22  3.81  3.35  2.73
MEAN      2.49  2.91  3.27  3.45  3.24  3.09  2.94  2.77  2.95  2.92  2.65  2.46
STD DEV   1.11  1.38  1.55  1.54  1.38  1.36  1.20  1.28  1.38  1.27  1.22  1.07
SKEW      0.39  0.91  0.55  0.51  0.44  0.71  0.57  1.44  0.71  0.43  0.68  0.65
% ESE     2.11  2.74  2.92  3.60  3.94  4.10  3.87  3.63  3.27  2.58  2.35  1.94
MEAN      2.55  3.24  3.50  3.63  3.40  3.22  3.04  2.76  2.91  2.75  2.97  2.42
STD DEV   1.25  1.46  1.47  1.63  1.44  1.30  1.32  1.17  1.39  1.14  1.32  0.97
SKEW      0.76  0.87  0.34  0.44  0.46  0.33  0.48  0.66  1.23  0.34  0.68  0.85
% SE      3.58  4.47  4.62  5.81  5.68  5.99  5.60  5.52  5.49  4.27  4.12  3.28
MEAN      2.75  3.22  3.73  3.57  3.36  2.97  2.96  2.75  2.85  2.65  2.91  2.68
STD DEV   1.41  1.65  1.72  1.56  1.40  1.26  1.22  1.21  1.31  1.18  1.48  1.38
SKEW      1.37  1.06  0.82  0.53  0.51  0.42  0.68  1.03  0.92  0.73  0.84  1.20
% SSE     4.29  4.42  4.24  4.61  5.37  5.80  6.14  6.10  5.96  4.36  4.89  4.05
MEAN      3.11  3.61  3.92  4.10  3.51  3.28  3.17  2.90  3.07  3.08  3.29  3.12
STD DEV   1.40  1.76  1.73  1.85  1.46  1.40  1.28  1.12  1.38  1.39  1.68  1.59
SKEW      0.88  1.05  0.68  0.53  0.47  0.80  0.43  0.58  0.71  0.63  0.87  0.85
% S      10.18  8.55  8.08 10.80 11.02 11.97 13.61 12.66 11.30  9.16 11.45 10.55
MEAN      3.55  3.79  4.11  3.98  3.52  3.33  3.19  3.01  2.97  3.02  3.46  3.34
STD DEV   1.47  1.64  1.84  1.52  1.38  1.31  1.20  1.18  1.19  1.22  1.59  1.41
SKEW      0.92  0.72  0.87  0.46  0.63  0.66  0.57  0.78  0.71  0.79  0.94  0.79
% SSW     8.12  7.48  6.81 10.07  9.68  9.01 12.05  9.54  7.54  6.89  8.83  8.78
MEAN      3.75  4.09  4.43  4.29  3.77  3.55  3.33  3.15  3.24  3.28  3.52  3.55
STD DEV   1.51  1.61  1.82  1.60  1.43  1.33  1.17  1.20  1.35  1.35  1.47  1.52
SKEW      0.76  0.68  0.40  0.53  0.53  0.42  0.34  0.63  0.68  0.69  0.84  0.95
% SW      9.61  8.53  7.94  9.72  9.14  9.58 10.99  8.57  6.53  7.18  8.74 10.89
MEAN      3.74  4.03  4.23  4.13  3.66  3.37  3.30  3.02  3.06  3.10  3.41  3.47
STD DEV   1.67  1.81  1.83  1.75  1.46  1.35  1.27  1.19  1.36  1.34  1.52  1.43
SKEW      0.64  0.69  0.49  0.51  0.61  0.47  0.54  0.60  0.71  0.63  0.71  0.65
% WSW     7.53  8.15  6.86  6.80  6.72  6.95  6.15  4.76  3.70  4.42  7.10  7.48
MEAN      3.99  4.23  4.35  4.26  3.71  3.43  3.37  2.96  3.03  3.17  3.72  3.77
STD DEV   1.77  1.74  1.75  1.82  1.56  1.35  1.43  1.25  1.29  1.44  1.56  1.65
SKEW      0.87  0.61  0.44  0.55  0.52  0.62  0.60  0.82  0.76  0.87  0.61  0.83
% W       7.91  7.62  8.24  6.63  4.94  5.32  4.10  3.40  3.07  4.29  6.03  6.69
MEAN      3.95  4.23  4.34  3.99  3.29  2.81  2.60  2.62  2.70  2.95  3.58  3.61
STD DEV   1.94  1.87  2.00  1.95  1.56  1.23  1.26  1.19  1.36  1.50  1.70  1.61
SKEW      0.84  0.51  0.64  0.78  0.96  0.78  1.06  0.67  0.87  1.17  0.87  0.50
% WNW     5.55  5.43  5.69  4.49  3.50  3.89  2.60  2.63  2.33  3.56  5.01  5.15
MEAN      3.92  4.34  4.34  4.10  3.38  2.97  2.76  2.77  2.83  2.99  3.61  3.87
STD DEV   1.86  1.90  1.85  1.76  1.55  1.29  1.26  1.24  1.21  1.29  1.68  1.86
SKEW      0.71  0.44  0.56  0.53  0.64  1.09  0.91  1.25  0.74  0.95  0.75  0.65
% NW      6.44  6.17  7.49  5.73  4.90  4.75  3.46  4.11  4.41  5.44  6.47  6.34
MEAN      3.64  4.18  4.09  4.07  3.38  3.13  2.85  2.63  2.86  3.24  3.51  3.62
STD DEV   1.82  2.07  1.78  1.99  1.65  1.36  1.28  1.23  1.34  1.56  1.72  1.72
SKEW      0.95  0.80  0.52  0.81  1.00  0.77  1.12  0.97  0.93  0.93  0.95  0.74
% NNW     6.86  6.08  6.73  5.66  4.79  5.15  3.99  5.51  6.11  7.51  6.68  6.54
MEAN      4.17  4.04  4.15  4.03  3.43  3.28  2.94  3.00  3.09  3.46  3.62  3.77
STD DEV   1.87  1.79  1.74  1.69  1.47  1.40  1.10  1.20  1.15  1.37  1.58  1.59
SKEW      0.55  0.73  0.69  0.53  0.64  0.69  0.56  0.91  0.79  0.64  0.70  0.62
CALM      2.45  1.85  1.84  1.87  1.95  2.42  3.59  3.41  4.08  4.05  3.35  2.53
RICHMOND      VA    1.000  STERLING      VA    0.000  DAHLGREN      VA    0.000
 WINCHESTER RES LAB VA                   449186 0
 LATT=  39.18 LONG= -78.17 YEARS= 44. TYPE= 3
 ELEVATION =  720. TP5 = 2.87 TP6= 5.32
 MEAN P   0.28  0.28  0.31  0.30  0.32  0.37  0.38  0.38  0.38  0.41  0.34  0.30
 S DEV P  0.32  0.33  0.36  0.32  0.40  0.51  0.47  0.54  0.52  0.55  0.46  0.37
 SQEW  P  2.41  2.02  3.03  1.75  2.22  3.25  2.05  3.45  2.54  2.82  2.65  2.17
 P(W/W)   0.38  0.45  0.45  0.49  0.51  0.48  0.45  0.46  0.46  0.47  0.40  0.38
 P(W/D)   0.22  0.23  0.26  0.26  0.30  0.25  0.26  0.25  0.19  0.17  0.23  0.23
 TMAX AV 41.24 44.65 53.95 65.70 75.16 82.83 86.74 85.29 78.32 67.23 55.34 44.41
 TMIN AV 22.84 24.68 31.68 41.19 50.72 58.73 63.17 61.52 54.59 43.71 34.97 26.26
 SD TMAX 11.52 11.44 12.05 11.13  8.79  7.18  5.92  6.05  8.32  9.35 10.54 10.90
 SD TMIN 10.41 10.39  9.41  9.13  8.31  7.06  5.66  6.21  8.74  9.34  9.58 10.04
 SOL.RAD  178.  250.  316.  404.  519.  515.  526.  443.  370.  278.  194.  152.
 SD SOL   36.9  45.2  67.9  84.2  80.0  93.4  83.2 156.6  80.4  47.0  38.1  36.5
 MX .5 P  0.45  0.33  0.42  0.71  1.30  1.01  1.47  1.39  1.11  0.79  0.34  0.28
 DEW PT  23.09 23.09 28.41 38.43 49.43 59.10 62.77 62.07 55.77 44.44 33.40 24.39
Time Pk  0.674 0.761 0.804 0.853 0.863 0.871 0.885 0.893 0.903 0.927 0.960 1.000
% N       8.29  8.29  7.30  6.12  6.32  5.03  5.57  6.24  7.93  8.15  6.76  7.40
MEAN      4.13  4.15  4.09  4.31  3.93  3.65  3.38  3.56  3.85  3.75  3.63  3.76
STD DEV   1.93  1.98  1.83  1.94  1.71  1.59  1.42  1.51  1.69  1.72  1.70  1.78
SKEW      0.67  0.87  0.77  0.64  0.54  0.67  0.62  0.87  0.67  0.78  1.01  0.78
% NNE     4.17  4.35  4.20  3.89  4.01  3.35  3.03  3.86  4.99  5.13  3.38  3.83
MEAN      3.97  4.11  4.11  4.29  4.19  4.18  3.83  4.01  4.27  4.25  3.70  3.82
STD DEV   1.64  1.91  1.85  1.85  1.67  1.68  1.49  1.71  1.83  1.74  1.73  1.68
SKEW      0.53  0.79  0.74  0.71  0.38  0.48  0.64  0.66  0.77  0.50  0.95  0.77
% NE      3.48  3.91  4.23  4.64  4.57  3.68  3.00  4.00  5.04  4.80  3.12  3.35
MEAN      3.52  3.44  3.93  4.04  3.95  3.96  3.54  3.63  3.94  4.09  3.34  3.24
STD DEV   1.50  1.34  1.58  1.62  1.66  1.62  1.35  1.39  1.72  1.78  1.49  1.33
SKEW      0.89  0.30  0.51  0.72  0.58  0.57  0.54  0.50  0.76  0.66  0.98  0.71
% ENE     2.10  2.79  3.49  3.59  3.58  3.19  2.78  3.02  3.67  3.03  2.23  2.19
MEAN      3.19  3.36  3.71  3.85  3.88  3.59  3.37  3.27  3.54  3.55  3.40  2.92
STD DEV   1.52  1.40  1.46  1.66  1.62  1.42  1.31  1.25  1.41  1.52  1.50  1.25
SKEW      0.81  0.79  0.60  0.91  0.61  0.58  0.45  0.52  0.57  0.73  0.60  0.92
% E       1.82  2.55  3.32  3.61  3.66  3.22  2.97  3.10  3.33  2.69  1.97  1.79
MEAN      2.88  2.93  3.42  3.58  3.33  3.46  3.21  3.03  3.31  3.32  2.92  2.57
STD DEV   1.35  1.25  1.37  1.53  1.39  1.53  1.27  1.21  1.44  1.93  1.51  0.99
SKEW      0.96  0.76  0.48  0.66  0.64  0.81  0.65  0.62  0.81  2.11  1.42  0.65
% ESE     1.30  1.93  2.80  2.97  3.41  2.69  2.90  2.56  2.29  2.08  1.71  1.43
MEAN      2.79  3.36  3.49  3.77  3.50  3.34  3.35  3.18  3.32  3.26  3.21  2.74
STD DEV   1.04  1.64  1.47  1.59  1.41  1.43  1.36  1.19  1.41  1.45  1.86  1.27
SKEW      0.43  1.27  0.56  0.67  0.58  0.93  0.66  0.70  0.70  0.87  2.13  1.53
% SE      2.34  2.90  3.92  4.32  4.72  4.58  4.70  4.10  4.09  3.52  2.68  2.14
MEAN      2.96  3.22  3.59  3.71  3.79  3.52  3.48  3.18  3.29  3.11  3.28  2.75
STD DEV   1.24  1.36  1.50  1.55  1.59  1.29  1.31  1.23  1.30  1.30  1.58  1.04
SKEW      0.59  0.75  0.47  0.65  0.64  0.45  0.55  0.55  0.79  0.77  1.20  0.49
% SSE     3.93  4.48  5.20  5.91  7.82  8.11  7.63  6.78  6.31  5.25  4.33  3.84
MEAN      3.14  3.43  3.80  3.93  3.94  3.71  3.58  3.46  3.46  3.40  3.41  3.16
STD DEV   1.23  1.43  1.61  1.59  1.53  1.37  1.29  1.24  1.35  1.31  1.40  1.36
SKEW      0.39  0.58  0.59  0.64  0.58  0.68  0.63  0.50  0.69  0.46  0.67  0.90
% S      11.15 10.35  9.44 11.65 13.52 15.62 14.59 12.86 11.62 10.28 11.36 11.29
MEAN      3.68  3.88  4.18  4.17  4.09  3.75  3.69  3.63  3.65  3.54  3.77  3.60
STD DEV   1.62  1.68  1.99  1.80  1.72  1.46  1.41  1.45  1.57  1.53  1.70  1.57
SKEW      0.79  0.70  1.01  0.69  0.64  0.56  0.62  0.68  0.86  0.78  0.83  0.67
% SSW     7.49  6.62  6.46  7.84  8.24  8.91  9.55  8.60  7.22  6.83  7.93  7.86
MEAN      4.15  4.52  5.01  4.81  4.19  3.73  3.56  3.49  3.65  3.58  4.05  3.97
STD DEV   1.96  2.10  2.36  2.19  1.92  1.58  1.45  1.51  1.69  1.64  1.83  1.87
SKEW      0.79  0.61  0.55  0.44  0.65  0.65  0.66  0.73  0.77  0.94  0.83  0.69
% SW      3.63  3.69  3.53  4.10  3.71  4.92  6.15  4.87  4.32  3.73  4.39  4.17
MEAN      3.67  4.11  4.33  4.54  3.54  3.35  3.25  3.00  3.01  3.07  3.36  3.46
STD DEV   1.83  2.02  2.20  2.24  1.69  1.55  1.41  1.39  1.44  1.46  1.63  1.63
SKEW      0.82  0.55  0.66  0.67  0.79  0.62  0.67  0.88  0.93  1.03  0.82  0.73
% WSW     2.38  2.39  2.86  2.60  2.74  3.41  4.00  3.27  2.58  2.43  3.25  2.68
MEAN      3.20  3.62  4.29  4.02  3.30  3.09  2.83  2.73  2.79  2.98  3.36  3.13
STD DEV   1.53  2.03  2.12  2.08  1.51  1.48  1.29  1.19  1.22  1.41  1.68  1.36
SKEW      0.94  0.80  0.69  0.83  0.76  0.84  0.86  0.96  0.81  0.85  1.11  0.83
% W       5.19  5.84  5.56  5.81  5.71  5.71  6.06  5.93  4.85  5.40  6.35  5.71
MEAN      4.42  4.66  4.58  4.24  3.69  3.33  3.10  2.93  3.00  3.50  4.01  4.02
STD DEV   2.40  2.38  2.39  2.09  1.79  1.52  1.42  1.22  1.38  1.61  1.99  2.00
SKEW      0.92  0.95  0.97  0.89  1.02  0.80  0.77  0.58  0.80  0.65  0.92  0.92
% WNW     9.53 10.46 10.06  8.44  6.85  6.57  5.74  6.16  5.56  7.57 10.52 10.21
MEAN      5.35  5.65  5.61  5.21  4.40  3.80  3.58  3.31  3.55  4.25  4.93  5.02
STD DEV   2.69  2.54  2.64  2.38  2.03  1.75  1.62  1.39  1.60  2.06  2.25  2.33
SKEW      0.83  0.48  0.63  0.62  0.65  0.95  0.83  0.60  0.84  1.04  0.83  0.69
% NW     13.16 12.84 12.26 10.24  7.57  7.31  7.11  7.76  7.82 10.13 12.02 12.84
MEAN      5.13  5.40  5.44  5.34  4.49  3.94  3.53  3.50  3.59  4.27  4.80  5.00
STD DEV   2.41  2.35  2.44  2.37  2.08  1.83  1.56  1.58  1.71  1.97  2.22  2.30
SKEW      0.72  0.45  0.61  0.53  0.61  0.70  0.88  0.83  0.95  0.69  0.67  0.63
% NNW    11.03  9.57  9.58  7.73  6.52  5.69  5.51  6.88  8.33  9.13  8.65  9.22
MEAN      4.67  4.72  4.81  4.86  4.21  3.98  3.43  3.49  3.71  4.12  4.37  4.54
STD DEV   1.96  2.07  2.03  2.19  1.78  1.76  1.39  1.47  1.60  1.85  1.91  2.01
SKEW      0.59  0.63  0.69  0.86  0.51  0.73  0.68  0.88  0.83  0.76  0.68  0.62
CALM      8.90  7.13  5.70  6.40  7.01  8.00  8.73  9.96 10.11  9.84  9.43 10.05
WASH/NATIONAL VA    0.334  WASH/DULLES   VA    0.334  QUANTICO      VA    0.331
 WISE 1SE VA                             449215 0
 LATT=  36.97 LONG= -82.57 YEARS= 37. TYPE= 3
 ELEVATION =  250. TP5 = 2.45 TP6= 5.19
 MEAN P   0.25  0.28  0.30  0.30  0.31  0.32  0.37  0.34  0.37  0.29  0.29  0.27
 S DEV P  0.32  0.32  0.38  0.41  0.38  0.38  0.41  0.46  0.56  0.40  0.38  0.38
 SQEW  P  2.67  1.91  2.75  5.41  2.48  2.18  2.03  3.92  3.17  2.66  2.59  3.38
 P(W/W)   0.55  0.56  0.54  0.58  0.59  0.56  0.57  0.54  0.47  0.52  0.53  0.53
 P(W/D)   0.32  0.35  0.37  0.32  0.30  0.32  0.34  0.28  0.23  0.24  0.33  0.33
 TMAX AV 41.40 45.54 54.94 65.04 72.70 78.10 80.83 82.32 72.93 64.15 53.72 44.28
 TMIN AV 22.58 25.58 33.25 41.96 49.84 56.17 60.18 59.37 53.52 42.81 34.97 27.42
 SD TMAX 11.21 11.48 11.37 10.04  7.24  5.04  4.07129.97 14.10 13.36 13.66 12.83
 SD TMIN 12.71 12.78 11.35 10.39  8.10  6.51  5.14  5.40  7.87  9.53 10.99 12.59
 SOL.RAD  181.  259.  347.  466.  544.  582.  563.  510.  440.  316.  221.  177.
 SD SOL   46.5  52.4  67.1  71.5  76.3  76.5  75.7 160.0  67.3  44.8  39.2  38.6
 MX .5 P  0.31  0.34  0.65  0.97  1.13  1.16  1.46  1.38  1.14  0.58  0.60  0.43
 DEW PT  29.83 29.83 33.63 42.22 53.82 62.01 65.20 65.01 58.01 47.41 35.42 28.42
Time Pk  0.649 0.741 0.786 0.839 0.857 0.865 0.883 0.894 0.906 0.923 0.949 1.000
% N       3.41  3.71  3.69  4.37  4.31  3.77  3.11  4.61  4.91  4.51  3.28  3.70
MEAN      3.14  3.49  3.28  3.47  3.17  3.02  2.62  2.70  2.86  3.13  3.06  3.20
STD DEV   1.42  1.52  1.54  1.60  1.55  1.27  1.25  1.19  1.24  1.38  1.32  1.40
SKEW      0.64  0.56  0.59  0.82  0.85  0.49  0.71  0.58  0.69  0.57  0.65  0.50
% NNE     3.70  3.80  3.31  3.43  4.00  3.95  3.61  4.50  5.47  4.29  3.28  3.26
MEAN      2.97  3.06  3.03  3.27  3.08  2.71  2.61  2.63  2.92  2.72  2.74  2.88
STD DEV   1.26  1.28  1.38  1.52  1.45  1.23  1.04  1.15  1.25  1.23  1.13  1.37
SKEW      0.72  0.72  0.75  0.72  0.70  0.93  0.70  1.00  0.86  0.91  0.93  1.33
% NE      5.53  6.00  5.37  4.58  5.44  5.81  5.12  6.72  8.07  6.67  4.99  5.36
MEAN      2.66  2.68  2.81  2.75  2.64  2.44  2.27  2.28  2.57  2.37  2.48  2.51
STD DEV   1.36  1.19  1.19  1.32  1.19  1.13  0.98  1.02  1.20  1.09  1.11  1.08
SKEW      1.20  0.89  0.80  1.13  1.12  1.24  1.26  1.52  1.31  1.17  1.16  0.83
% ENE     5.05  6.16  5.24  4.00  4.77  4.64  4.39  5.19  6.56  6.25  4.41  5.39
MEAN      2.74  2.85  2.82  2.68  2.71  2.58  2.42  2.33  2.68  2.35  2.51  2.57
STD DEV   1.35  1.21  1.27  1.15  1.23  1.09  1.05  0.98  1.26  0.98  1.07  1.05
SKEW      1.06  0.77  0.86  0.76  0.91  0.85  0.98  0.94  1.45  0.83  0.87  0.84
% E       4.88  5.37  4.93  4.13  5.23  5.27  4.87  5.10  6.39  6.52  4.73  5.64
MEAN      2.44  2.55  2.77  2.59  2.51  2.45  2.25  2.20  2.46  2.49  2.47  2.54
STD DEV   1.04  1.09  1.30  1.07  1.16  1.05  0.92  0.93  1.05  1.15  1.14  1.12
SKEW      0.78  0.68  1.04  0.90  1.11  0.94  0.82  0.91  0.96  1.26  1.65  1.02
% ESE     2.35  2.66  3.06  2.85  3.32  3.12  2.71  2.94  3.69  3.63  3.04  2.75
MEAN      2.39  2.74  3.11  2.95  2.62  2.34  2.28  2.26  2.57  2.55  2.65  2.79
STD DEV   0.97  1.23  1.52  1.48  1.20  0.95  0.95  0.88  1.07  1.18  1.44  1.45
SKEW      0.86  0.89  0.91  1.21  1.15  0.64  0.85  0.54  1.03  1.04  1.35  1.49
% SE      2.51  2.47  3.34  2.88  3.06  3.30  3.17  3.16  3.31  3.36  2.85  2.44
MEAN      2.73  3.05  3.29  3.27  2.76  2.47  2.17  2.10  2.48  2.65  2.64  2.83
STD DEV   1.42  1.76  1.75  1.75  1.36  1.13  1.04  0.89  1.15  1.33  1.42  1.49
SKEW      0.87  0.88  0.90  0.97  0.91  0.87  1.01  0.97  1.03  1.04  1.13  0.82
% SSE     2.92  3.55  4.37  3.86  3.23  3.26  3.37  2.69  3.04  2.99  3.71  3.54
MEAN      3.35  3.48  3.81  3.59  2.75  2.55  2.41  2.32  2.59  2.73  3.40  3.31
STD DEV   1.81  1.81  1.98  1.80  1.27  1.16  1.06  0.89  1.10  1.41  1.82  1.69
SKEW      0.99  0.74  0.82  0.62  0.98  1.37  0.98  0.66  0.72  0.94  0.76  0.65
% S       4.50  4.27  5.18  5.22  4.61  4.85  5.00  4.19  3.90  3.44  4.90  5.20
MEAN      3.72  3.78  3.89  3.74  2.93  2.74  2.53  2.40  2.78  2.71  3.67  3.66
STD DEV   2.08  2.12  1.89  2.01  1.35  1.17  1.07  1.00  1.43  1.27  2.07  1.81
SKEW      1.03  1.06  0.64  0.95  1.06  0.96  1.13  0.75  1.02  1.25  0.88  0.72
% SSW     5.08  4.56  4.95  5.47  5.02  5.22  5.76  3.95  3.35  3.34  4.13  4.79
MEAN      3.71  3.76  4.22  3.67  3.06  2.89  2.73  2.66  2.85  2.88  3.52  3.46
STD DEV   1.96  1.95  2.34  1.95  1.28  1.23  1.07  1.00  1.21  1.34  1.98  1.79
SKEW      1.28  1.07  1.09  1.19  0.68  0.88  0.61  0.72  1.10  0.78  1.14  0.94
% SW      7.81  6.91  6.96  7.77  6.66  6.83  7.40  5.17  4.65  4.83  6.66  7.60
MEAN      3.86  3.82  4.31  4.32  3.51  3.14  3.03  2.82  2.96  3.24  3.57  3.54
STD DEV   1.86  1.88  2.16  2.17  1.67  1.45  1.34  1.33  1.37  1.59  1.79  1.69
SKEW      0.70  0.88  0.71  0.90  0.87  0.86  0.80  1.00  0.71  0.90  0.94  0.67
% WSW    10.16  9.56 10.36  9.59  7.65  6.44  6.42  4.73  4.23  5.24  9.52  9.35
MEAN      4.60  4.82  5.19  5.01  3.95  3.58  3.23  3.09  3.13  3.69  4.39  4.41
STD DEV   2.13  2.30  2.41  2.38  1.85  1.61  1.38  1.36  1.41  1.76  1.94  2.01
SKEW      0.68  0.76  0.57  0.62  0.57  0.59  0.87  0.73  0.85  0.72  0.49  0.50
% W      10.13 10.92 10.52  9.99  7.72  7.06  6.55  5.31  4.71  6.19  9.65  9.79
MEAN      4.62  4.67  4.85  4.60  3.82  3.41  3.10  2.94  3.04  3.59  4.23  4.30
STD DEV   2.12  2.10  2.23  2.18  1.78  1.52  1.32  1.29  1.30  1.71  1.93  2.02
SKEW      0.63  0.39  0.43  0.60  0.57  0.68  0.62  0.66  0.61  0.70  0.53  0.51
% WNW     6.23  7.21  7.07  6.61  4.94  4.89  4.09  3.79  3.58  4.48  6.38  6.01
MEAN      4.29  4.66  4.78  4.63  3.58  3.16  2.96  2.89  3.12  3.42  4.28  4.07
STD DEV   1.95  2.15  2.21  2.18  1.55  1.36  1.28  1.19  1.44  1.58  1.98  2.04
SKEW      0.49  0.43  0.38  0.54  0.60  0.65  0.54  0.54  0.74  0.65  0.51  0.61
% NW      4.21  3.58  4.09  4.13  3.63  3.28  3.00  3.27  2.85  3.23  3.58  3.29
MEAN      3.61  3.97  3.89  3.96  3.15  2.87  2.74  2.59  2.85  3.10  3.72  3.58
STD DEV   1.72  2.09  1.88  1.85  1.47  1.34  1.31  1.21  1.43  1.50  1.85  1.81
SKEW      0.59  0.82  0.68  0.42  0.59  0.92  0.82  0.66  0.90  0.81  0.64  0.73
% NNW     2.74  2.93  2.96  3.22  2.75  2.34  2.04  2.36  2.19  2.71  2.22  2.36
MEAN      3.48  3.53  3.69  3.85  3.32  3.01  2.78  2.58  2.88  3.03  3.12  3.28
STD DEV   1.65  1.67  1.72  1.75  1.47  1.36  1.21  1.19  1.39  1.37  1.40  1.52
SKEW      0.54  0.57  0.55  0.33  0.39  0.62  0.63  0.73  0.66  0.56  0.63  0.40
CALM     18.78 16.38 14.52 17.78 23.60 26.02 29.40 32.36 29.19 28.34 22.66 19.48
BRISTOL       TN    0.562  LONDON        KY    0.234  HUNTINGTON/TS.WV    0.204
