 BURLINGTON WB AP VT                     431081 0
 LATT=  44.47 LONG= -73.15 YEARS= 72. TYPE= 3
 ELEVATION =  330. TP5 = 1.75 TP6= 4.20
 MEAN P   0.13  0.14  0.17  0.22  0.22  0.28  0.30  0.29  0.29  0.25  0.21  0.15
 S DEV P  0.20  0.21  0.24  0.25  0.27  0.38  0.38  0.38  0.39  0.34  0.29  0.24
 SQEW  P  2.93  3.09  4.43  1.82  2.40  3.53  2.38  2.68  2.71  3.49  3.75  3.55
 P(W/W)   0.51  0.49  0.51  0.53  0.56  0.49  0.43  0.47  0.46  0.51  0.54  0.51
 P(W/D)   0.39  0.35  0.36  0.34  0.34  0.36  0.36  0.34  0.32  0.30  0.39  0.42
 TMAX AV 26.29 28.15 38.23 52.36 65.99 75.34 80.24 77.70 69.13 57.27 43.81 30.76
 TMIN AV 13.52 13.74 21.72 33.32 44.46 54.17 59.08 57.24 49.41 39.06 29.75 17.55
 SD TMAX 11.75 10.84 11.20 11.29 10.19  8.56  6.66  7.16  8.76  9.97 10.29 11.21
 SD TMIN  9.72  9.71 10.61  8.29  8.47  7.66  6.52  7.09  8.97  8.89  9.86 10.89
 SOL.RAD  131.  225.  283.  410.  478.  518.  524.  471.  327.  255.  144.  112.
 SD SOL   35.2  37.4  66.9  77.3  93.5  97.2  86.0 149.9  87.8  39.3  37.3  32.0
 MX .5 P  0.37  0.21  0.24  0.31  0.37  0.76  0.68  0.70  0.36  0.56  0.30  0.27
 DEW PT  12.00 12.00 20.00 32.00 43.00 54.00 59.00 58.00 51.00 40.00 30.00 17.00
Time Pk  0.749 0.828 0.860 0.884 0.887 0.893 0.903 0.912 0.918 0.937 0.958 1.000
% N      11.97 12.01 14.16 12.25 10.40  8.15  6.78  7.66  7.04  9.26  8.90  9.68
MEAN      4.58  4.65  4.63  4.66  4.55  4.11  4.05  3.95  4.06  4.14  4.21  4.61
STD DEV   1.90  2.02  1.89  1.85  1.92  1.63  1.57  1.57  1.60  1.68  1.71  1.83
SKEW      0.54  0.50  0.33  0.32  0.40  0.41  0.50  0.52  0.37  0.61  0.37  0.40
% NNE     5.24  4.18  4.91  3.84  4.24  3.12  2.75  2.76  2.61  3.29  3.08  4.73
MEAN      4.02  3.98  4.08  3.90  4.12  3.90  3.47  3.34  3.34  3.47  3.79  4.07
STD DEV   1.54  1.68  1.78  1.71  1.83  1.67  1.42  1.37  1.38  1.50  1.56  1.59
SKEW      0.44  0.35  0.50  0.62  0.43  0.56  0.64  0.58  0.51  0.58  0.57  0.52
% NE      4.25  3.36  3.03  2.84  2.72  2.33  2.76  3.32  2.86  2.85  2.65  3.72
MEAN      3.36  3.00  3.13  2.96  2.79  2.78  2.46  2.37  2.43  2.55  2.64  3.00
STD DEV   1.35  1.34  1.42  1.29  1.22  1.32  0.99  0.89  0.91  0.87  1.10  1.10
SKEW      0.65  1.64  0.92  0.87  1.17  1.33  1.19  0.83  0.85  0.67  1.01  0.39
% ENE     3.60  3.36  2.71  2.67  2.72  2.65  3.59  3.57  3.37  2.87  2.41  3.59
MEAN      2.81  2.62  2.57  2.47  2.43  2.31  2.40  2.28  2.27  2.27  2.47  2.83
STD DEV   0.96  0.96  0.89  0.77  0.84  0.77  0.81  0.73  0.79  0.72  0.82  0.95
SKEW      0.47  0.71  0.74  0.51  0.68  1.05  1.22  0.54  1.02  0.67  0.54  0.37
% E       4.47  4.72  3.83  4.39  4.45  4.81  5.56  6.15  5.46  5.00  3.96  5.08
MEAN      2.63  2.49  2.40  2.46  2.43  2.35  2.22  2.20  2.17  2.24  2.46  2.67
STD DEV   0.91  0.84  0.85  0.93  0.88  0.81  0.72  0.70  0.81  0.73  0.94  0.88
SKEW      1.14  0.35  1.04  1.72  1.26  1.18  0.85  0.65  1.42  0.89  1.74  0.55
% ESE     2.96  3.39  2.89  3.87  3.69  3.51  3.90  3.94  4.12  3.77  3.66  3.97
MEAN      2.45  2.61  2.92  3.07  2.73  2.58  2.52  2.41  2.40  2.65  2.84  2.99
STD DEV   0.96  1.27  1.59  1.65  1.32  1.06  1.13  0.97  0.92  1.29  1.40  1.22
SKEW      1.08  2.41  1.60  1.27  1.73  1.30  1.78  1.38  1.34  1.93  2.18  1.26
% SE      3.12  3.56  3.52  4.31  4.88  4.59  4.61  5.03  4.73  4.85  4.77  4.41
MEAN      2.85  2.85  3.21  3.68  3.29  2.83  2.69  2.72  2.67  2.96  3.25  3.16
STD DEV   1.32  1.28  1.78  1.85  1.68  1.31  1.17  1.28  1.15  1.59  1.74  1.49
SKEW      1.45  1.20  1.51  0.70  1.12  1.41  1.21  1.31  1.23  1.62  1.77  1.38
% SSE     4.69  4.36  4.36  3.97  4.60  4.73  4.33  4.82  4.96  3.98  4.90  4.54
MEAN      4.51  4.63  4.66  4.46  4.08  3.92  3.64  3.64  3.79  3.97  3.86  4.48
STD DEV   2.38  2.61  2.53  2.30  1.99  1.85  1.75  1.54  1.69  2.00  1.73  2.27
SKEW      0.95  1.08  0.92  0.73  0.62  0.70  0.87  0.64  0.78  1.04  0.69  1.01
% S      18.20 17.34 15.50 14.58 16.79 19.86 19.14 19.19 19.40 19.70 19.26 19.86
MEAN      5.69  5.53  5.53  5.62  5.24  5.01  4.75  4.64  5.14  5.21  5.40  5.73
STD DEV   2.42  2.40  2.53  2.35  2.13  1.98  1.88  1.76  2.03  2.03  2.22  2.28
SKEW      0.43  0.55  0.54  0.32  0.29  0.27  0.34  0.20  0.25  0.26  0.37  0.31
% SSW     9.28  8.08  6.33  7.31 10.55 11.21 10.55 10.42 11.49 10.28 11.34 10.75
MEAN      5.70  5.44  5.19  5.43  5.33  4.94  4.71  4.52  5.29  5.49  5.64  5.57
STD DEV   2.17  2.30  2.13  2.13  2.13  1.87  1.82  1.60  1.93  1.99  2.09  2.02
SKEW      0.40  0.54  0.31  0.09  0.49  0.38  0.35  0.20  0.20  0.05  0.22  0.27
% SW      2.59  2.60  2.33  3.20  4.26  4.74  5.73  4.32  3.60  3.19  3.50  2.52
MEAN      3.88  3.69  3.52  3.71  3.83  3.45  3.53  3.38  3.80  3.83  4.02  4.12
STD DEV   1.65  1.50  1.50  1.76  1.64  1.45  1.41  1.33  1.61  1.63  1.67  1.67
SKEW      0.57  0.51  0.70  0.99  0.66  0.77  0.61  0.71  0.88  0.77  0.54  0.49
% WSW     1.87  1.63  1.86  2.21  2.39  2.69  2.85  2.04  2.05  1.61  2.03  1.42
MEAN      4.97  4.20  4.34  3.79  3.49  3.55  3.78  3.32  3.39  3.88  4.50  4.43
STD DEV   2.22  1.88  2.18  1.82  1.37  1.41  1.57  1.31  1.60  1.95  1.91  2.05
SKEW      0.36  0.84  0.72  0.92  0.61  0.96  0.86  0.42  1.02  0.72  0.34  0.32
% W       2.65  2.69  3.57  3.94  3.21  3.55  3.16  2.85  2.67  2.32  3.21  2.34
MEAN      5.76  4.86  4.91  4.16  3.91  3.79  3.48  3.55  3.93  4.54  5.28  5.34
STD DEV   2.12  2.33  2.10  1.82  1.70  1.57  1.28  1.59  1.67  1.80  2.00  2.02
SKEW     -0.21  0.30  0.16  0.48  0.50  0.65  0.43  0.61  0.56  0.15  0.04 -0.02
% WNW     4.00  5.28  5.25  5.70  4.13  4.55  4.28  3.71  4.43  4.15  5.62  4.98
MEAN      5.54  5.27  5.23  4.82  4.29  4.20  3.94  3.92  4.26  4.66  5.42  5.78
STD DEV   2.06  2.17  2.20  1.99  1.83  1.78  1.54  1.62  1.63  1.82  1.98  1.95
SKEW     -0.08  0.19  0.26  0.49  0.48  0.59  0.58  0.48  0.25  0.24  0.11  0.00
% NW      7.39  8.35  9.15  8.20  6.82  6.16  6.47  5.85  6.47  7.39  8.47  7.33
MEAN      5.25  4.98  4.88  4.69  4.28  4.31  4.04  3.98  4.20  4.82  5.15  5.50
STD DEV   2.19  2.09  2.11  2.12  1.77  1.85  1.73  1.74  1.70  2.07  1.97  2.14
SKEW      0.15  0.32  0.44  0.42  0.51  0.58  0.62  0.69  0.50  0.55  0.16  0.40
% NNW     7.69  9.00  9.51  9.99  8.10  5.90  5.50  5.74  5.74  7.05  6.89  6.09
MEAN      5.07  5.15  4.98  5.12  4.85  4.63  4.28  4.22  4.56  5.07  5.13  5.39
STD DEV   2.10  2.22  2.00  2.05  1.86  1.86  1.66  1.65  1.84  2.07  1.95  2.26
SKEW      0.47  0.23  0.31  0.39  0.30  0.60  0.31  0.42  0.53  0.46  0.20  0.43
CALM      6.00  6.11  7.11  6.74  6.10  7.40  8.05  8.56  9.00  8.47  5.34  5.00
BURLINGTON/IN VT    1.000  PLATTSBURGH   NY    0.000  MONTPELIER/ED VT    0.000
 MONTPELIER AP VT                        435278 0
 LATT=  44.20 LONG= -72.57 YEARS= 44. TYPE= 3
 ELEVATION = 1120. TP5 = 1.75 TP6= 4.19
 MEAN P   0.17  0.20  0.20  0.22  0.27  0.29  0.30  0.35  0.29  0.28  0.22  0.19
 S DEV P  0.25  0.29  0.27  0.26  0.36  0.38  0.36  0.46  0.38  0.38  0.30  0.27
 SQEW  P  3.37  2.52  2.58  2.28  3.78  3.91  2.18  2.77  3.38  2.72  2.60  3.09
 P(W/W)   0.53  0.51  0.51  0.50  0.51  0.45  0.40  0.42  0.43  0.47  0.56  0.55
 P(W/D)   0.36  0.30  0.29  0.30  0.29  0.34  0.29  0.31  0.28  0.26  0.38  0.41
 TMAX AV 25.35 28.14 36.96 51.10 64.85 73.32 78.13 75.54 67.12 56.33 42.57 29.50
 TMIN AV  7.36  9.21 19.20 31.52 41.97 50.80 55.28 53.32 45.48 35.92 27.13 13.39
 SD TMAX 12.01 11.46 10.66 11.88 10.62  8.42  6.73  7.36  8.90 10.32 10.59 11.70
 SD TMIN 13.55 13.37 11.28  8.02  8.77  7.70  6.65  7.35  8.90  8.95  9.93 13.32
 SOL.RAD  130.  224.  280.  410.  477.  518.  522.  470.  324.  254.  143.  111.
 SD SOL   35.5  37.5  68.0  77.4  94.1  97.6  86.6 150.6  88.6  39.7  37.5  32.4
 MX .5 P  0.35  0.20  0.24  0.30  0.36  0.73  0.65  0.70  0.35  0.53  0.29  0.26
 DEW PT  10.16 10.44 16.75 28.63 39.06 50.14 55.06 54.34 46.78 36.42 26.34 14.39
Time Pk  0.773 0.841 0.873 0.893 0.896 0.901 0.910 0.919 0.925 0.942 0.961 1.000
% N       5.20  4.40  3.40  3.80  3.40  2.80  2.70  2.80  2.40  2.30  2.50  2.70
MEAN      3.22  2.89  3.71  3.20  2.99  3.16  2.80  3.21  2.91  3.08  2.95  3.19
STD DEV   1.87  1.46  1.96  1.70  1.69  1.76  1.36  1.71  1.49  1.50  1.33  1.45
SKEW      0.66  0.83  0.85  0.62  0.94  0.85  0.45  0.87  0.70  0.26  0.44  0.51
% NNE     1.70  2.70  3.10  2.90  3.50  2.30  1.80  2.40  2.10  2.50  2.30  1.90
MEAN      2.76  2.83  2.65  3.08  3.03  2.56  2.44  2.82  2.73  2.52  2.74  2.18
STD DEV   1.70  1.42  1.21  1.49  1.71  1.28  1.17  1.21  1.52  1.27  1.40  0.95
SKEW      1.57  1.06  0.81  0.65  0.83  0.36  0.71  0.36  1.10  0.58  0.99  1.14
% NE      1.40  2.40  1.20  2.40  2.90  2.20  1.70  3.00  1.50  1.70  1.60  1.80
MEAN      2.06  2.31  2.07  2.12  2.25  2.26  1.73  2.01  2.25  2.08  2.87  1.91
STD DEV   0.83  1.07  0.77  0.98  1.06  1.21  0.61  0.94  1.00  0.76  1.63  0.93
SKEW      0.42  1.83  0.67  1.03  0.99  1.32  0.18  1.08  1.14  0.41  1.62  1.55
% ENE     1.30  1.80  1.60  1.50  2.00  1.80  1.90  2.00  1.60  1.90  1.30  1.10
MEAN      1.84  1.97  2.36  2.29  2.16  2.47  1.91  1.91  2.02  2.16  2.00  2.26
STD DEV   0.89  0.70  0.99  1.16  0.93  1.05  0.70  0.62  0.98  0.98  0.65  0.95
SKEW      0.75  0.84  0.83  1.74  1.21  0.60  0.83  0.00  1.42  0.95 -0.11  0.38
% E       1.60  1.30  1.30  1.50  1.50  1.50  1.50  1.60  1.20  1.50  1.70  1.10
MEAN      1.73  1.99  2.05  1.76  1.64  1.69  1.78  1.78  1.75  1.78  2.31  1.65
STD DEV   0.61  0.48  0.72  0.51  0.57  0.67  0.60  0.60  0.53  0.62  2.14  0.60
SKEW      0.18  0.18  0.81 -0.13  0.17  0.35  0.09  0.09 -0.05  0.13  3.32  0.25
% ESE     0.70  1.20  1.40  1.90  2.20  1.60  1.10  1.40  1.10  1.50  1.30  1.10
MEAN      1.75  2.09  2.79  2.62  2.13  1.85  2.01  1.91  1.82  2.19  3.59  2.09
STD DEV   0.67  0.56  1.60  1.46  1.00  0.80  0.80  0.79  0.52  1.06  2.20  1.08
SKEW      0.23 -0.02  1.12  0.72  0.98  0.78  0.86  0.73 -0.08  1.04  0.99  1.22
% SE      0.90  1.60  1.10  1.40  2.80  1.90  1.20  1.70  1.40  2.10  1.70  1.20
MEAN      2.02  2.28  2.96  2.65  2.90  2.12  1.99  2.21  2.21  2.77  2.99  2.52
STD DEV   1.16  1.04  1.26  1.47  1.54  1.04  1.16  1.01  0.96  1.32  1.44  1.03
SKEW      1.34  0.67  0.09  0.91  0.77  0.86  1.17  1.00  1.25  0.53  0.35  0.76
% SSE     5.90  8.00 10.30  7.90  8.40  6.00  5.00  4.70  8.70  8.10  8.20  7.10
MEAN      5.13  4.78  5.16  4.83  4.47  3.53  3.75  3.64  4.58  4.71  4.89  4.95
STD DEV   2.42  2.15  2.27  2.46  2.09  1.64  1.91  1.72  2.30  2.02  2.14  1.99
SKEW      0.65  0.46  0.39  0.46  0.38  0.44  0.68  0.73  0.69  0.40  0.39  0.36
% S       8.70  7.60  6.20  7.00  7.30  9.50  7.30  8.00 11.90  9.70 10.90  9.30
MEAN      4.82  4.19  4.54  4.37  4.27  3.76  3.84  3.87  4.63  4.43  4.37  4.69
STD DEV   2.20  2.00  1.81  2.06  1.91  1.70  1.82  2.00  2.09  2.02  2.04  1.94
SKEW      0.54  0.29  0.16  0.41  0.18  0.39  0.45  0.99  0.76  0.31  0.45  0.24
% SSW    11.70  7.20  6.80  7.50  7.30 10.00  9.60  6.90  9.90  8.40  9.00  9.50
MEAN      4.85  4.18  4.41  4.33  4.23  4.46  4.24  3.73  4.65  4.73  4.44  4.77
STD DEV   2.05  1.84  1.91  2.11  2.13  2.02  1.79  1.83  2.17  2.03  1.94  2.07
SKEW      0.61  0.61  0.59  0.48  0.52  0.36  0.15  0.44  0.52  0.50  0.45  0.30
% SW      4.00  3.40  2.50  5.10  4.20  6.40  7.50  6.20  5.70  5.70  5.30  5.40
MEAN      4.81  3.85  4.02  4.31  3.66  4.13  3.75  3.51  4.09  4.59  4.52  4.87
STD DEV   2.89  2.26  2.21  2.37  2.31  2.18  1.95  1.92  2.02  2.53  2.43  2.52
SKEW      0.90  0.91  0.47  0.61  0.97  0.21  0.56  0.64  0.63  0.56  0.50  0.40
% WSW     4.40  4.20  4.80  7.00  4.60  6.50  5.90  4.70  5.00  4.70  4.50  6.30
MEAN      7.57  5.81  5.41  4.72  4.32  4.57  3.79  3.82  4.62  4.92  5.26  6.19
STD DEV   4.35  3.13  2.63  2.41  2.63  2.15  1.89  1.86  2.42  2.61  2.57  2.75
SKEW      1.02  0.40  0.20  0.74  0.86  0.36  0.43  0.25  0.65  0.22  0.29  0.52
% W       2.00  2.60  4.00  4.20  3.10  3.20  3.90  3.30  4.00  3.20  3.30  3.90
MEAN      5.92  4.05  4.29  3.59  3.64  3.79  3.09  2.99  3.68  3.59  3.22  4.31
STD DEV   4.13  2.42  2.32  1.95  2.33  1.90  1.50  1.56  1.84  1.78  1.81  2.61
SKEW      1.02  0.61  0.54  0.61  1.00  0.65  0.46  0.93  0.46  0.37  0.98  0.49
% WNW     5.90  9.90 12.00 10.30  8.20  7.60  8.00  8.40  7.70  8.00  7.50  7.30
MEAN      6.00  6.29  5.55  5.19  5.08  5.23  4.11  4.41  4.71  5.17  5.14  5.47
STD DEV   3.06  3.07  2.54  2.41  2.75  2.48  2.15  2.17  2.23  2.64  2.53  2.63
SKEW      0.40  0.45  0.38  0.70  0.78  0.36  0.95  0.64  0.61  0.46  0.53  0.26
% NW      8.50 13.10 12.00  9.40  8.80  7.30  9.30  8.50  7.30  9.00  9.90 11.60
MEAN      5.83  5.65  5.33  4.93  4.75  4.83  4.19  4.17  4.62  4.63  4.58  4.92
STD DEV   2.80  3.06  2.59  2.73  2.57  2.51  2.10  2.06  2.07  2.46  2.49  2.37
SKEW      0.25  0.51  0.75  0.52  0.77  0.43  0.48  0.82  0.42  0.52  0.86  0.45
% NNW    14.80 11.60 14.30  8.60  9.70  7.80  8.60  7.90  8.00  8.40  8.20  8.80
MEAN      5.37  5.62  5.23  5.04  4.81  5.04  4.28  4.17  4.59  4.73  4.29  4.82
STD DEV   2.78  2.94  2.53  2.77  2.62  2.71  2.14  1.97  2.27  2.50  2.22  2.18
SKEW      0.67  0.75  0.56  0.69  0.59  0.40  0.57  0.56  0.53  0.76  0.82  0.40
CALM     21.30 16.90 13.90 17.80 20.10 21.80 23.00 26.60 20.50 21.40 20.60 19.90
MONTPELIER/ED VT    1.000  BURLINGTON/IN VT    0.000  LEBANON/REG   NH    0.000
 WOODSTOCK VT                            439984 0
 LATT=  43.63 LONG= -72.52 YEARS= 40. TYPE= 3
 ELEVATION =  700. TP5 = 1.93 TP6= 4.15
 MEAN P   0.31  0.32  0.32  0.31  0.29  0.26  0.29  0.31  0.33  0.32  0.32  0.33
 S DEV P  0.36  0.37  0.36  0.36  0.36  0.36  0.38  0.47  0.46  0.43  0.37  0.40
 SQEW  P  1.99  1.77  1.94  2.09  2.35  4.02  2.50  3.08  2.80  2.15  2.01  2.40
 P(W/W)   0.34  0.37  0.44  0.45  0.52  0.51  0.48  0.44  0.48  0.51  0.47  0.41
 P(W/D)   0.26  0.26  0.24  0.26  0.27  0.29  0.30  0.29  0.28  0.24  0.32  0.29
 TMAX AV 28.09 31.56 40.12 54.21 67.54 76.30 81.28 78.68 70.40 58.77 45.29 32.18
 TMIN AV  4.34  6.58 17.94 30.14 40.14 49.52 54.12 52.00 44.53 33.10 25.82 11.98
 SD TMAX 10.73  9.86  9.57 11.50 10.38  8.69  6.42  7.07  8.87  9.58  9.61 10.40
 SD TMIN 15.00 14.68 11.64  8.18  8.74  7.99  7.09  7.57  9.41  9.39  9.52 14.04
 SOL.RAD  119.  216.  245.  394.  451.  496.  503.  453.  329.  247.  150.  111.
 SD SOL   39.0  40.0  77.1  79.9  98.4 100.0  89.1 146.4  85.0  41.8  35.5  32.8
 MX .5 P  0.17  0.16  0.25  0.34  0.46  0.83  0.64  0.98  0.43  0.29  0.25  0.25
 DEW PT  13.82 13.82 21.82 32.52 43.26 53.87 59.26 58.26 51.52 40.13 30.52 18.17
Time Pk  0.799 0.865 0.888 0.913 0.922 0.928 0.935 0.942 0.948 0.961 0.976 1.000
% N       7.36  6.68  7.79  6.57  5.34  3.73  3.63  4.00  3.57  4.90  4.42  5.25
MEAN      3.70  3.52  3.83  3.60  3.62  3.45  3.11  3.25  3.28  3.34  3.53  3.58
STD DEV   1.69  1.52  1.68  1.66  1.58  1.53  1.35  1.46  1.43  1.38  1.47  1.59
SKEW      0.71  0.54  0.68  0.68  0.60  0.57  0.42  0.55  0.74  0.43  0.62  0.76
% NNE     3.49  3.20  3.62  3.66  3.25  2.37  1.82  2.63  2.41  2.89  2.58  2.51
MEAN      3.38  3.42  3.54  3.73  3.64  3.33  3.29  3.38  3.54  3.47  3.56  3.32
STD DEV   1.49  1.51  1.56  1.72  1.72  1.39  1.34  1.50  1.61  1.59  1.60  1.31
SKEW      0.69  0.84  0.73  0.79  0.82  0.52  0.29  0.34  0.66  0.66  0.78  0.84
% NE      2.07  1.88  1.95  2.17  2.16  1.69  1.70  2.12  1.50  1.81  1.59  1.74
MEAN      2.86  2.83  2.82  3.01  2.70  2.69  2.43  2.67  2.96  2.87  3.13  2.70
STD DEV   1.12  1.10  1.09  1.35  1.17  1.12  1.01  1.18  1.18  1.06  1.36  0.98
SKEW      0.52  0.92  0.61  1.02  1.13  0.69  0.57  0.67  0.68  0.67  0.64  0.45
% ENE     2.18  2.27  1.93  1.85  2.05  1.53  1.31  1.60  1.11  1.59  1.60  1.29
MEAN      2.87  3.02  3.37  3.25  2.96  3.09  2.54  2.90  2.81  3.18  2.90  2.83
STD DEV   1.13  0.96  1.47  1.30  1.37  1.19  1.03  1.39  0.98  1.55  1.21  0.83
SKEW      0.78  0.30  0.74  1.16  0.91  0.34  0.51  0.87  0.78  0.90  0.59  0.08
% E       1.46  1.52  1.90  2.00  1.78  1.57  1.26  1.46  1.20  1.42  1.58  1.02
MEAN      2.63  2.83  3.10  3.01  2.75  2.60  2.45  2.51  2.50  3.05  3.62  2.66
STD DEV   1.21  1.08  1.41  1.27  1.10  0.97  1.05  0.97  0.88  1.36  2.34  1.11
SKEW      1.30  0.41  0.91  0.72  0.90  0.91  1.08  0.31  0.28  0.69  2.04  1.37
% ESE     0.84  1.34  1.63  1.54  2.09  1.36  1.21  1.20  1.00  1.29  1.01  0.88
MEAN      2.95  3.35  3.63  3.46  3.01  2.88  2.84  2.73  2.99  3.39  3.34  3.28
STD DEV   1.06  1.46  1.70  1.54  1.31  1.37  1.57  1.22  1.28  1.70  1.58  1.38
SKEW      0.06  0.46  0.92  0.58  0.80  1.05  1.36  0.85  0.60  0.71  0.75  0.77
% SE      1.17  1.61  2.26  2.44  3.01  2.45  2.05  2.02  1.87  2.33  2.05  1.59
MEAN      2.89  3.19  3.69  3.52  3.35  2.92  2.84  2.78  2.67  3.41  3.09  3.12
STD DEV   1.38  1.53  1.68  1.68  1.59  1.38  1.31  1.35  1.11  1.68  1.36  1.55
SKEW      0.73  0.56  0.45  0.64  0.65  0.99  0.63  0.91  0.88  0.73  0.69  1.16
% SSE     3.25  4.13  5.02  5.48  6.38  5.95  4.84  4.04  4.74  4.28  4.42  3.66
MEAN      4.14  4.03  4.36  4.34  4.09  3.81  3.55  3.44  3.83  4.14  4.23  4.00
STD DEV   1.88  1.77  1.94  1.88  1.73  1.59  1.65  1.60  1.70  1.76  2.01  1.74
SKEW      0.51  0.54  0.55  0.55  0.42  0.34  0.88  0.73  0.51  0.49  1.00  0.55
% S       3.74  3.97  3.99  4.91  6.12  7.99  7.55  6.59  7.53  6.01  5.69  5.15
MEAN      3.60  3.78  4.00  4.21  3.93  3.77  3.55  3.51  3.90  3.73  3.90  3.93
STD DEV   1.71  1.69  1.71  1.84  1.80  1.62  1.57  1.58  1.91  1.64  1.71  1.71
SKEW      0.68  0.79  0.52  0.47  0.62  0.60  0.58  0.73  0.92  0.55  0.56  0.57
% SSW     5.52  4.29  4.17  6.08  6.71  8.56  8.13  6.96  8.21  6.45  6.68  6.73
MEAN      4.45  4.29  4.64  4.80  4.55  4.40  4.27  4.08  4.61  4.42  4.56  4.64
STD DEV   1.74  1.65  1.85  1.86  1.89  1.73  1.65  1.57  1.89  1.76  1.77  1.81
SKEW      0.49  0.37  0.41  0.24  0.58  0.46  0.32  0.40  0.38  0.54  0.57  0.50
% SW      4.16  3.80  3.17  4.83  4.86  5.98  6.62  5.71  5.48  4.90  5.28  5.47
MEAN      4.47  4.00  3.93  4.36  3.93  3.94  3.74  3.68  3.85  4.01  3.95  4.19
STD DEV   2.09  1.71  1.69  1.88  1.85  1.69  1.64  1.54  1.65  1.82  1.73  1.79
SKEW      0.84  0.66  0.36  0.44  0.84  0.61  0.45  0.53  0.54  0.54  0.65  0.59
% WSW     3.65  3.36  4.19  4.45  3.96  4.66  4.53  3.69  3.97  3.35  4.02  4.61
MEAN      5.59  4.85  5.00  4.66  4.48  4.36  4.06  4.10  4.24  4.37  4.69  4.81
STD DEV   2.66  2.08  2.02  1.94  1.89  1.78  1.57  1.60  1.80  1.84  2.01  1.91
SKEW      0.91  0.40  0.22  0.51  0.78  0.39  0.30  0.24  0.31  0.44  0.57  0.31
% W       3.12  3.68  4.39  4.03  3.63  3.92  4.06  3.27  3.24  3.10  3.65  3.63
MEAN      4.80  4.55  4.66  4.22  4.20  4.06  3.62  3.42  3.69  3.91  4.22  4.24
STD DEV   2.63  2.24  2.26  2.02  2.03  1.91  1.65  1.66  1.90  1.82  1.87  2.01
SKEW      0.71  0.61  0.40  0.49  0.66  0.42  0.36  0.81  0.60  0.53  0.47  0.39
% WNW     4.25  5.79  6.36  5.63  4.54  4.18  4.25  3.89  3.90  3.90  4.60  4.10
MEAN      5.03  5.41  5.14  4.99  4.92  4.80  4.28  4.02  4.43  4.43  4.59  4.74
STD DEV   2.39  2.43  2.14  2.12  2.26  2.01  1.76  1.61  1.88  2.06  1.94  2.04
SKEW      0.48  0.38  0.27  0.34  0.81  0.24  0.61  0.28  0.29  0.49  0.45  0.24
% NW      5.13  7.58  7.36  6.52  5.22  4.62  5.09  4.97  4.18  5.28  5.91  5.52
MEAN      4.35  4.63  4.54  4.52  4.21  4.08  3.88  3.63  3.75  4.06  4.16  4.16
STD DEV   2.07  2.33  2.13  2.15  2.00  1.93  1.82  1.70  1.74  1.90  1.90  1.82
SKEW      0.44  0.52  0.48  0.51  0.58  0.44  0.35  0.49  0.46  0.40  0.61  0.35
% NNW    10.00  9.41 11.77  8.59  7.88  5.08  4.66  5.13  4.87  6.07  7.19  7.03
MEAN      4.48  4.87  4.87  4.66  4.51  4.45  4.05  3.83  4.17  4.35  4.36  4.34
STD DEV   2.00  2.21  2.07  2.00  2.02  1.94  1.67  1.68  1.83  1.90  1.91  1.84
SKEW      0.43  0.50  0.45  0.36  0.41  0.27  0.30  0.42  0.46  0.45  0.68  0.35
CALM     38.57 35.51 28.46 29.30 31.07 34.41 37.33 40.64 41.13 40.42 37.72 39.86
LEBANON/REG   NH    0.695  MONTPELIER/ED VT    0.182  GLENS FALLS/W NY    0.123
