 BECKLEY V A HOSP WV                     46 580 0
 LATT=  37.78 LONG= -81.18 YEARS= 44. TYPE= 3
 ELEVATION = 2350. TP5 = 2.43 TP6= 4.49
 MEAN P   0.22  0.25  0.27  0.28  0.32  0.36  0.40  0.36  0.40  0.31  0.28  0.26
 S DEV P  0.26  0.28  0.31  0.31  0.34  0.41  0.44  0.44  0.53  0.39  0.31  0.31
 SQEW  P  1.84  2.00  2.71  2.43  1.91  2.78  1.94  2.24  3.05  3.24  2.03  2.18
 P(W/W)   0.55  0.50  0.53  0.51  0.56  0.48  0.51  0.48  0.47  0.47  0.50  0.51
 P(W/D)   0.37  0.32  0.31  0.32  0.27  0.27  0.29  0.27  0.22  0.20  0.27  0.29
 TMAX AV 41.20 44.99 53.72 65.02 73.20 77.87 80.50 79.58 73.79 64.48 53.57 44.14
 TMIN AV 20.67 22.54 29.11 37.36 45.92 53.20 57.65 56.41 49.95 39.04 30.51 23.66
 SD TMAX 12.62 12.26 12.78 11.57  8.03  5.87  4.87  5.08  7.31  9.25 11.47 12.23
 SD TMIN 13.02 12.47 10.79 10.06  8.69  7.29  5.93  6.21  8.60 10.06 10.74 12.18
 SOL.RAD  184.  263.  352.  472.  561.  612.  598.  542.  471.  311.  215.  171.
 SD SOL   37.3  42.4  56.9  62.2  64.7  61.5  59.0 101.4  51.2  38.4  33.6  32.5
 MX .5 P  0.32  0.38  0.65  0.52  0.91  1.34  1.47  1.69  0.84  0.65  0.52  0.43
 DEW PT  27.30 27.30 30.51 40.10 52.41 60.90 64.69 63.90 57.20 46.38 33.90 26.59
Time Pk  0.701 0.778 0.824 0.871 0.883 0.892 0.906 0.913 0.923 0.941 0.960 1.000
% N       2.60  4.15  3.92  4.99  5.34  4.65  4.68  6.01  5.07  5.38  2.87  2.64
MEAN      3.20  3.46  3.63  3.70  3.61  3.30  3.24  3.10  3.16  3.33  3.31  3.29
STD DEV   1.32  1.34  1.28  1.54  1.47  1.11  1.19  1.07  1.09  1.25  1.14  1.24
SKEW      1.24  0.78  0.78  0.90  0.96  0.42  0.71  0.66  0.75  0.96  0.63  0.73
% NNE     1.08  1.47  1.70  2.16  2.21  2.58  2.28  2.89  2.92  2.43  1.17  1.16
MEAN      3.14  2.84  3.21  3.30  3.06  3.00  2.97  2.90  3.08  2.97  2.77  2.49
STD DEV   0.87  1.06  1.08  1.25  1.07  1.02  0.99  0.96  1.17  1.05  1.06  0.70
SKEW      0.40  1.24  0.60  0.83  0.72  0.74  0.98  0.51  1.11  0.83  0.79  0.70
% NE      1.26  1.52  1.79  1.78  1.92  2.39  2.47  2.81  3.27  1.93  1.30  1.19
MEAN      2.61  2.65  2.95  2.88  3.16  2.98  2.63  2.71  2.78  2.70  2.61  2.51
STD DEV   0.76  0.85  0.90  0.90  1.12  1.03  0.82  0.87  0.91  0.91  0.69  0.71
SKEW      0.50  0.49  0.51  0.66  0.65  0.79  0.97  0.64  0.71  0.90  0.39  0.68
% ENE     1.07  1.01  1.33  1.50  1.46  1.58  1.84  1.68  2.03  1.82  1.22  0.97
MEAN      2.60  2.20  2.53  2.87  2.80  2.53  2.94  2.41  2.38  2.63  2.57  2.51
STD DEV   0.73  0.51  0.77  0.91  0.94  0.66  1.12  0.67  0.66  0.87  0.70  0.78
SKEW      0.49  1.40  0.82  0.69  0.77  0.55  0.96  0.92  1.13  1.15  0.59  0.88
% E       1.58  1.54  1.74  1.74  2.24  2.72  3.11  2.56  3.12  2.59  1.57  1.64
MEAN      2.98  2.58  3.01  3.34  3.10  3.21  2.77  3.05  2.83  3.04  2.92  2.69
STD DEV   1.21  0.87  1.15  1.55  1.06  1.34  1.10  1.36  1.10  1.18  1.14  0.89
SKEW      0.74  1.15  0.79  0.66  0.64  0.82  1.02  0.94  0.95  0.86  0.94  0.86
% ESE     2.87  3.14  2.65  1.79  2.73  3.52  3.16  3.09  4.25  4.41  2.88  2.83
MEAN      4.17  4.26  4.93  4.36  4.16  3.83  3.71  3.24  3.97  4.24  4.20  4.30
STD DEV   2.06  2.08  2.80  2.16  1.94  1.77  1.93  1.27  1.69  1.88  2.07  1.84
SKEW      1.58  0.89  0.99  0.67  0.49  0.73  1.23  0.66  0.48  0.50  0.59  0.49
% SE      7.54  7.40  8.69  6.42  8.32  7.67  5.76  6.96 10.30 11.61  8.48  8.67
MEAN      5.34  5.52  5.69  5.41  4.92  4.21  3.75  3.82  4.23  4.85  5.09  5.52
STD DEV   2.17  2.04  2.27  2.00  1.77  1.69  1.62  1.54  1.61  1.81  2.06  2.01
SKEW      0.28  0.34  0.60  0.16  0.23  0.34  0.69  0.74  0.35  0.26  0.53  0.36
% SSE     7.74  6.53  7.70  8.05  7.40  7.47  6.59  6.87 10.00  9.54  8.24  9.17
MEAN      5.37  5.27  5.65  5.27  4.84  3.95  3.86  3.56  4.21  4.70  4.95  5.30
STD DEV   1.98  2.07  2.10  1.97  1.80  1.54  1.37  1.25  1.59  1.81  1.94  1.90
SKEW      0.53  0.21  0.19  0.37  0.40  0.45  0.50  0.48  0.58  0.67  0.12  0.29
% S       7.96  6.48  8.77  9.72  9.42 10.15  9.99 10.77  9.37  7.25  8.11  8.12
MEAN      4.22  4.30  4.72  4.57  3.79  3.41  3.12  3.13  3.36  3.56  4.03  4.39
STD DEV   1.75  1.92  2.08  1.76  1.56  1.19  1.23  1.14  1.39  1.54  1.89  1.67
SKEW      0.79  0.91  1.08  0.49  0.74  0.74  1.02  1.02  0.82  0.85  0.96  0.39
% SSW     5.32  5.34  4.95  5.92  5.90  6.65  6.93  6.43  5.06  4.33  5.43  5.74
MEAN      4.30  4.37  4.62  4.19  3.78  3.30  3.18  3.14  3.27  3.46  4.01  4.42
STD DEV   2.03  1.77  1.85  1.79  1.74  1.31  1.18  1.17  1.35  1.38  1.68  2.03
SKEW      1.01  0.74  0.44  0.90  1.17  1.00  1.10  1.10  1.13  0.96  1.07  1.57
% SW      7.38  7.39  6.45  6.25  7.60  7.32  8.78  7.59  5.29  5.71  7.98  8.84
MEAN      4.84  5.03  5.19  4.90  4.10  3.69  3.52  3.43  3.52  4.01  4.46  4.57
STD DEV   1.92  2.00  2.50  2.16  1.78  1.31  1.30  1.16  1.35  1.79  1.68  1.77
SKEW      0.57  0.58  1.01  0.78  0.95  0.68  0.62  0.46  0.57  0.89  0.59  0.65
% WSW     9.97  8.43  7.59  9.09  8.23  9.25  8.90  7.42  6.33  6.24  9.49  8.96
MEAN      4.89  5.15  5.24  5.36  4.50  4.12  3.87  3.96  4.04  4.15  4.86  5.15
STD DEV   2.04  2.04  2.07  2.21  1.86  1.55  1.41  1.56  1.58  1.76  1.92  2.13
SKEW      0.62  0.38  0.50  0.35  0.95  0.48  0.51  0.66  0.69  0.80  0.49  0.84
% W      13.35 13.00 13.13 11.02 10.97  9.40  8.29  7.61  6.37  8.24 10.71 11.43
MEAN      5.73  5.58  5.87  5.59  4.94  4.38  4.04  3.70  3.80  4.40  5.20  5.24
STD DEV   2.34  2.20  2.52  2.26  2.01  1.73  1.54  1.41  1.45  1.81  2.21  2.04
SKEW      0.53  0.35  0.55  0.45  0.61  0.63  0.53  0.66  0.54  0.68  0.54  0.48
% WNW    12.54 14.20 12.69  9.95  8.01  5.58  5.67  4.53  4.73  7.59 11.46 12.02
MEAN      5.47  5.69  5.71  5.46  4.85  4.31  3.94  3.97  3.70  4.40  5.10  5.38
STD DEV   2.13  1.99  2.32  2.16  2.03  1.82  1.56  1.50  1.44  1.73  2.01  2.03
SKEW      0.62  0.25  0.57  0.41  1.02  0.75  0.63  0.84  0.76  0.47  0.64  0.58
% NW      8.01  8.37  8.37  8.54  6.14  4.80  4.19  4.41  4.25  6.29  7.78  8.28
MEAN      4.75  4.78  4.93  4.80  4.30  3.88  3.59  3.32  3.58  4.03  4.42  4.63
STD DEV   1.80  1.72  1.89  1.79  1.66  1.58  1.40  1.19  1.29  1.60  1.69  1.78
SKEW      0.70  0.25  0.69  0.35  0.57  0.76  0.70  0.76  0.92  0.65  0.61  0.69
% NNW     3.88  4.64  4.71  6.05  4.93  3.94  3.91  3.98  4.25  4.65  3.81  3.44
MEAN      3.94  4.20  4.14  4.32  3.89  3.66  3.27  3.32  3.49  3.74  3.86  3.83
STD DEV   1.57  1.70  1.49  1.78  1.52  1.29  1.10  1.14  1.29  1.44  1.50  1.37
SKEW      0.66  0.44  0.42  0.61  0.84  0.55  0.35  0.65  0.95  0.64  0.92  0.62
CALM      5.68  5.30  3.83  5.13  7.27 10.33 13.45 14.46 13.29  9.90  7.31  4.81
BECKLEY       WV    0.862  CHARLESTON    WV    0.074  PULASKI       VA    0.065
 CHARLESTON KAN AP WV                    461570 0
 LATT=  38.37 LONG= -81.60 YEARS= 44. TYPE= 3
 ELEVATION =  950. TP5 = 2.35 TP6= 4.20
 MEAN P   0.22  0.23  0.26  0.24  0.29  0.31  0.40  0.36  0.33  0.28  0.28  0.24
 S DEV P  0.28  0.28  0.32  0.29  0.33  0.36  0.53  0.48  0.41  0.34  0.36  0.32
 SQEW  P  2.52  2.00  2.62  2.52  1.74  1.92  3.18  2.85  2.20  2.03  2.59  2.41
 P(W/W)   0.58  0.56  0.55  0.57  0.56  0.51  0.49  0.50  0.48  0.48  0.51  0.52
 P(W/D)   0.40  0.40  0.40  0.35  0.32  0.28  0.34  0.27  0.25  0.23  0.32  0.39
 TMAX AV 42.73 46.37 56.01 67.22 76.12 82.90 85.75 84.50 78.52 68.04 56.32 46.32
 TMIN AV 24.71 26.73 34.38 43.26 51.97 59.73 64.33 63.14 56.34 44.72 35.76 28.23
 SD TMAX 13.68 13.20 13.46 12.23  9.23  6.94  5.55  5.72  8.25 10.09 12.39 12.88
 SD TMIN 12.10 11.75 10.53 10.10  8.58  6.87  5.34  5.69  8.22  9.58 10.33 11.39
 SOL.RAD  174.  254.  349.  472.  573.  620.  609.  553.  488.  300.  202.  164.
 SD SOL   38.1  43.2  55.8  60.6  59.7  58.0  54.5  91.0  44.5  39.6  35.4  32.7
 MX .5 P  0.26  0.26  0.67  0.52  0.76  1.20  1.60  1.99  0.74  0.60  0.40  0.25
 DEW PT  26.95 26.84 30.06 39.93 51.84 60.84 64.80 63.80 56.84 46.77 33.93 26.93
Time Pk  0.672 0.765 0.807 0.861 0.873 0.881 0.894 0.903 0.914 0.933 0.962 1.000
% N       3.33  4.62  3.86  4.31  5.07  4.07  3.78  4.92  4.49  4.32  2.67  2.80
MEAN      2.92  2.95  3.25  3.16  3.12  2.88  2.76  2.74  2.72  2.75  2.76  2.72
STD DEV   1.08  1.03  1.21  1.17  1.23  1.10  0.97  1.01  1.02  1.04  1.07  1.01
SKEW      0.98  0.74  1.07  0.70  0.95  1.05  0.96  1.04  1.21  1.60  1.22  0.93
% NNE     3.08  3.77  3.64  3.12  3.96  3.57  4.04  4.09  4.48  3.69  2.47  2.60
MEAN      2.95  2.93  3.17  3.22  3.17  3.06  2.92  2.97  3.00  2.80  2.70  2.84
STD DEV   1.08  1.00  1.15  1.19  1.18  1.05  1.06  1.08  1.20  1.06  1.13  1.13
SKEW      0.62  0.86  0.60  0.70  0.63  0.56  0.87  1.01  0.81  0.98  1.54  1.43
% NE      6.27  7.04  7.26  5.58  5.46  6.68  6.39  6.23  8.33  6.17  4.96  6.34
MEAN      2.74  2.91  3.02  2.86  2.66  2.49  2.50  2.49  2.57  2.55  2.48  2.65
STD DEV   0.93  1.04  1.06  1.07  1.00  0.88  0.89  0.91  1.01  1.02  0.89  0.93
SKEW      0.86  0.92  0.66  1.03  1.08  1.32  1.25  1.40  1.54  1.76  1.21  1.32
% ENE     3.12  3.82  3.48  2.70  2.87  3.13  3.59  3.99  4.80  3.24  3.06  3.22
MEAN      2.49  2.63  2.65  2.67  2.36  2.39  2.42  2.23  2.32  2.18  2.30  2.37
STD DEV   0.80  0.88  0.95  0.96  0.81  0.77  0.82  0.69  0.81  0.65  0.66  0.79
SKEW      1.07  0.89  1.16  1.68  1.33  1.27  1.45  1.30  1.67  2.40  1.75  1.30
% E       2.88  2.43  2.87  2.76  3.17  3.88  3.96  4.30  5.28  4.47  3.30  3.20
MEAN      2.30  2.40  2.42  2.44  2.25  2.29  2.17  2.13  2.19  2.19  2.17  2.29
STD DEV   0.72  0.66  0.77  0.85  0.64  0.80  0.61  0.61  0.66  0.66  0.62  0.59
SKEW      1.71  1.06  1.32  1.52  1.09  2.09  1.52  1.71  2.07  1.99  1.22  1.18
% ESE     2.09  2.22  2.83  2.69  3.12  3.17  3.14  3.47  4.32  4.12  2.64  2.80
MEAN      2.53  2.70  2.97  2.98  2.54  2.41  2.38  2.23  2.36  2.51  2.40  2.58
STD DEV   0.80  1.03  1.08  1.26  0.93  0.85  0.81  0.64  0.77  0.89  0.85  0.91
SKEW      1.29  1.03  0.94  1.34  1.48  1.78  1.78  1.35  1.42  1.59  1.17  1.24
% SE      2.57  3.46  3.85  3.85  4.26  3.43  3.43  3.93  4.61  4.08  3.79  3.23
MEAN      3.09  3.49  3.68  3.84  3.17  2.68  2.43  2.33  2.68  2.93  3.06  3.25
STD DEV   1.34  1.58  1.56  1.86  1.38  1.05  0.78  0.84  1.14  1.31  1.28  1.51
SKEW      1.12  0.90  0.84  1.07  0.97  1.23  1.68  1.73  1.46  1.09  0.93  1.18
% SSE     3.07  4.14  4.59  4.43  3.99  3.15  3.91  3.15  3.74  3.60  4.71  4.14
MEAN      3.64  3.89  4.20  3.93  3.33  2.90  2.78  2.56  3.12  3.06  3.75  3.58
STD DEV   1.57  1.61  1.65  1.56  1.37  1.10  1.01  0.99  1.31  1.23  1.59  1.60
SKEW      0.68  0.52  0.41  0.66  0.75  0.91  1.41  1.33  0.94  0.89  0.70  0.98
% S       6.62  6.26  7.64  7.31  7.64  9.36  9.71  8.44  8.18  7.75  8.10  7.81
MEAN      3.56  3.56  3.81  3.44  2.96  2.75  2.68  2.64  2.82  2.77  3.19  3.31
STD DEV   1.40  1.33  1.57  1.39  1.23  1.01  0.99  0.97  1.09  1.10  1.37  1.30
SKEW      0.73  0.65  0.73  0.99  1.25  1.40  1.37  1.29  1.03  1.22  0.98  0.78
% SSW     6.21  5.36  5.67  6.32  6.13  6.47  7.15  6.04  5.02  5.28  5.97  6.30
MEAN      4.20  4.19  4.38  4.06  3.43  3.39  3.25  3.04  3.38  3.19  3.91  4.11
STD DEV   1.74  1.70  1.82  1.73  1.44  1.45  1.33  1.18  1.35  1.32  1.69  1.71
SKEW      0.61  0.49  0.63  0.69  0.84  1.23  0.99  0.99  0.82  0.87  0.63  0.91
% SW     12.76 11.02 10.42 11.81 12.30 12.13 11.70  8.74  7.61  9.46 12.62 12.43
MEAN      4.52  4.41  4.70  4.47  4.02  3.84  3.64  3.53  3.64  3.72  4.15  4.36
STD DEV   1.72  1.75  1.96  1.93  1.63  1.45  1.40  1.33  1.44  1.51  1.64  1.72
SKEW      0.60  0.60  0.77  0.76  0.77  0.68  0.84  0.64  0.81  0.89  0.65  0.69
% WSW    12.69 11.48 11.65 10.62  8.10  7.78  6.82  5.61  4.75  6.69 10.61 11.58
MEAN      5.09  5.05  5.39  5.16  4.42  4.06  3.73  3.60  3.88  4.00  4.77  4.95
STD DEV   1.92  1.92  2.13  2.09  1.79  1.51  1.41  1.33  1.55  1.59  1.87  1.92
SKEW      0.48  0.48  0.47  0.62  0.88  0.43  0.76  0.57  0.86  0.62  0.48  0.63
% W       8.05  8.05  8.27  7.36  5.23  3.90  3.35  3.10  3.01  4.98  7.01  7.35
MEAN      4.58  4.75  4.95  4.68  4.04  3.58  3.30  3.18  3.42  3.76  4.52  4.55
STD DEV   1.80  1.87  2.01  1.94  1.69  1.42  1.16  1.13  1.37  1.63  1.86  1.71
SKEW      0.62  0.54  0.64  0.57  0.68  0.66  0.64  0.69  0.98  1.06  0.59  0.47
% WNW     6.94  7.94  7.65  6.82  5.13  3.55  2.99  3.07  3.06  4.20  5.89  6.48
MEAN      4.46  4.74  4.93  4.63  3.98  3.67  3.57  3.28  3.70  3.72  4.38  4.44
STD DEV   1.77  1.71  2.01  1.85  1.54  1.49  1.47  1.18  1.58  1.50  1.81  1.74
SKEW      0.74  0.31  0.85  0.67  0.62  0.75  0.95  0.80  1.01  0.67  0.71  0.60
% NW      4.55  4.37  4.59  5.18  4.05  3.08  2.58  3.40  2.91  3.48  3.27  4.06
MEAN      3.81  3.78  3.93  3.99  3.45  3.12  2.90  2.92  3.10  3.38  3.67  3.78
STD DEV   1.55  1.54  1.64  1.58  1.36  1.33  1.13  1.11  1.22  1.51  1.66  1.52
SKEW      0.84  0.78  0.96  0.68  0.72  1.30  0.91  1.24  0.70  0.98  0.70  0.68
% NNW     3.13  3.83  3.88  3.79  4.22  3.12  3.07  3.40  3.58  3.52  2.76  2.75
MEAN      3.51  3.61  3.70  3.74  3.53  3.07  3.04  2.84  3.01  3.22  3.23  3.23
STD DEV   1.46  1.33  1.50  1.45  1.40  1.20  1.16  0.97  1.15  1.32  1.40  1.23
SKEW      0.91  0.61  0.78  0.63  0.98  1.05  0.81  0.66  1.03  0.85  0.96  0.78
CALM     12.69 10.18  7.95 11.37 15.36 19.56 20.37 24.25 21.83 21.11 15.96 12.83
CHARLESTON    WV    1.000  HUNTINGTON/TS.WV    0.000  PARKERSBURG   WV    0.000
 CLARKSBURG 1 WV                         461677 0
 LATT=  39.27 LONG= -80.35 YEARS= 66. TYPE= 3
 ELEVATION =  980. TP5 = 2.38 TP6= 4.35
 MEAN P   0.22  0.23  0.26  0.26  0.30  0.36  0.36  0.40  0.35  0.28  0.25  0.24
 S DEV P  0.26  0.27  0.31  0.28  0.33  0.41  0.39  0.51  0.44  0.35  0.36  0.31
 SQEW  P  2.28  2.35  2.77  1.98  2.05  2.31  1.69  3.01  2.60  2.55  4.72  2.75
 P(W/W)   0.51  0.53  0.53  0.56  0.53  0.49  0.50  0.48  0.43  0.50  0.51  0.53
 P(W/D)   0.38  0.37  0.36  0.35  0.32  0.30  0.29  0.26  0.25  0.23  0.33  0.36
 TMAX AV 40.69 43.20 52.73 64.45 74.80 82.38 85.46 83.97 78.27 66.79 54.02 43.38
 TMIN AV 21.00 21.77 28.82 37.77 47.60 56.67 60.89 59.63 52.64 40.38 31.33 24.15
 SD TMAX 13.21 12.63 13.67 12.42  9.73  7.44  5.95  6.13  8.66 10.28 12.36 12.32
 SD TMIN 12.19 11.53  9.86  8.95  8.50  7.10  5.95  6.27  8.61  9.21  9.65 11.02
 SOL.RAD  141.  221.  293.  396.  509.  542.  548.  472.  404.  261.  169.  128.
 SD SOL   47.8  53.6  75.3  88.1  84.4  87.2  77.6 149.2  71.1  51.8  45.1  43.0
 MX .5 P  0.33  0.26  0.50  0.55  0.92  0.98  1.49  1.67  0.90  0.74  0.32  0.25
 DEW PT  24.92 24.30 29.84 38.46 49.30 58.30 61.77 60.93 54.46 43.24 32.62 25.46
Time Pk  0.706 0.799 0.829 0.875 0.887 0.892 0.904 0.914 0.921 0.939 0.960 1.000
% N       3.09  3.24  3.17  3.90  4.19  3.44  3.36  3.73  2.98  4.08  2.21  1.84
MEAN      3.04  3.08  3.47  3.39  3.10  2.87  2.73  2.70  2.64  2.93  3.03  2.80
STD DEV   1.43  1.33  1.40  1.44  1.46  1.28  1.19  1.16  1.12  1.30  1.38  1.32
SKEW      0.57  0.42  0.27  0.56  0.67  0.82  1.04  0.59  0.90  0.80  0.71  1.01
% NNE     2.33  2.42  2.22  2.67  3.12  2.07  2.21  2.73  2.42  3.22  1.75  1.50
MEAN      2.98  3.00  3.16  3.33  2.93  2.60  2.60  2.57  2.79  2.89  3.24  3.06
STD DEV   1.19  1.31  1.36  1.43  1.32  1.12  1.13  1.13  1.32  1.27  1.26  1.38
SKEW      0.16  0.60  0.46  0.42  0.52  0.70  0.63  1.02  0.79  0.60  0.36  0.76
% NE      3.14  3.52  3.09  3.81  3.32  2.72  2.98  3.79  3.27  3.85  2.01  2.14
MEAN      2.48  2.30  2.51  2.71  2.31  2.32  2.27  2.27  2.20  2.41  2.65  2.37
STD DEV   1.16  0.99  1.15  1.27  1.15  1.04  1.02  1.01  0.90  1.12  1.27  1.23
SKEW      0.85  0.79  0.80  0.71  1.03  0.91  0.89  1.24  0.95  1.36  0.98  1.17
% ENE     1.32  1.44  1.57  1.73  2.03  1.53  1.53  1.99  1.81  1.79  0.81  1.06
MEAN      2.72  2.52  2.71  2.69  2.53  2.32  2.35  2.35  2.46  2.38  2.33  2.17
STD DEV   1.29  1.08  1.21  1.36  1.18  1.06  1.09  1.15  1.20  1.08  0.97  0.86
SKEW      0.90  0.91  0.62  1.18  0.65  0.62  0.76  1.08  0.96  1.30  1.09  0.92
% E       2.37  2.69  2.92  2.47  3.08  2.85  2.42  3.35  3.67  3.76  1.75  2.52
MEAN      2.53  2.74  2.94  2.80  2.61  2.46  2.54  2.37  2.24  2.56  2.15  2.74
STD DEV   1.29  1.29  1.47  1.29  1.36  1.27  1.28  1.22  1.01  1.26  1.05  1.47
SKEW      2.00  0.67  1.22  0.66  0.96  0.95  1.10  1.24  1.21  1.31  1.36  1.32
% ESE     1.57  1.84  2.50  2.25  2.16  3.23  2.11  2.68  2.98  3.22  2.12  2.66
MEAN      3.14  3.41  3.47  3.58  3.05  3.01  2.67  2.51  2.88  3.19  3.16  3.26
STD DEV   1.36  1.33  1.49  1.63  1.37  1.35  1.17  1.07  1.40  1.50  1.35  1.30
SKEW      1.13  0.85  0.52  0.60  0.65  1.05  0.86  0.80  1.09  0.79  1.16  0.62
% SE      3.72  3.73  4.72  3.87  3.39  3.87  3.25  3.64  4.21  3.94  3.04  3.43
MEAN      3.21  3.23  3.61  3.28  2.68  2.52  2.34  2.32  2.55  2.78  3.00  3.08
STD DEV   1.56  1.69  1.84  1.64  1.37  1.24  1.01  1.08  1.16  1.33  1.45  1.48
SKEW      0.95  0.95  0.56  0.68  1.09  0.99  0.86  1.04  1.19  1.03  0.93  1.03
% SSE     3.97  5.01  5.85  4.20  3.90  3.79  3.65  3.63  4.54  4.32  4.94  4.73
MEAN      4.01  4.15  4.49  3.72  3.12  2.98  2.61  2.47  2.96  3.24  4.19  4.04
STD DEV   2.04  1.80  1.95  1.80  1.48  1.58  1.11  1.06  1.36  1.62  2.16  1.92
SKEW      0.64  0.25  0.31  0.69  0.61  1.12  0.78  0.67  0.84  0.90  0.62  0.55
% S       6.20  5.77  5.89  5.15  4.85  5.72  5.76  4.52  5.65  4.66  6.12  6.05
MEAN      3.54  3.94  3.95  3.36  2.93  2.61  2.41  2.30  2.68  2.89  3.71  3.59
STD DEV   1.77  1.95  1.94  1.61  1.41  1.20  1.07  1.11  1.33  1.42  1.97  1.76
SKEW      0.61  0.53  0.58  0.75  0.69  0.86  0.78  1.07  1.05  1.10  0.89  0.71
% SSW    12.66  8.87  7.79  9.21  8.57 10.37 10.61  8.04  9.00  8.73 12.19  9.80
MEAN      4.15  4.08  4.35  4.14  3.40  3.08  2.95  2.63  2.98  3.10  4.09  3.86
STD DEV   1.83  1.81  2.12  1.84  1.65  1.36  1.35  1.18  1.50  1.41  1.88  1.74
SKEW      0.50  0.51  0.69  0.44  0.62  0.57  0.70  0.85  0.92  0.81  0.60  0.56
% SW     12.95 12.27 10.06 11.24  9.87 10.38  9.48  9.23  9.71 10.59 14.87 15.38
MEAN      4.40  4.31  4.21  4.13  3.33  3.17  2.97  2.73  2.92  3.45  4.03  4.11
STD DEV   2.08  2.09  2.04  1.96  1.73  1.57  1.47  1.37  1.45  1.79  1.97  1.90
SKEW      0.43  0.49  0.37  0.35  0.71  0.74  0.77  1.01  0.87  0.66  0.64  0.42
% WSW     8.81  8.80  9.80  8.81  6.50  5.94  5.22  4.39  4.63  5.05  9.92 11.52
MEAN      5.13  5.14  5.18  5.09  4.28  3.88  3.53  3.26  3.75  4.04  4.85  5.06
STD DEV   2.08  2.07  1.98  2.02  1.85  1.67  1.58  1.58  1.73  1.80  2.00  2.06
SKEW      0.29  0.17  0.15  0.04  0.08  0.21  0.42  0.70  0.41  0.23  0.16  0.29
% W       8.33  9.06  9.88  8.03  6.70  4.90  4.64  4.52  4.45  4.63  7.33  8.22
MEAN      4.80  4.81  5.20  4.70  4.03  3.51  3.28  2.98  3.48  3.67  4.59  4.78
STD DEV   2.19  2.18  2.22  2.14  1.90  1.76  1.52  1.48  1.76  1.83  2.00  2.19
SKEW      0.27  0.21  0.29  0.35  0.33  0.48  0.44  0.77  0.52  0.43  0.17  0.41
% WNW     7.27  8.27  8.97  8.28  6.25  5.28  4.20  4.63  4.09  4.55  7.19  6.88
MEAN      4.89  5.12  5.31  4.92  4.20  3.80  3.48  3.32  3.81  4.15  4.89  4.70
STD DEV   2.02  2.13  2.09  1.88  1.89  1.65  1.57  1.47  1.69  1.77  1.87  1.93
SKEW      0.17  0.26  0.09  0.04  0.35  0.43  0.79  0.56  0.26  0.22  0.18  0.29
% NW      7.30  7.35  7.55  7.54  7.14  5.62  4.93  5.27  5.03  5.86  4.71  5.13
MEAN      3.89  4.16  4.31  4.15  3.69  3.29  3.11  2.93  3.14  3.44  3.70  3.81
STD DEV   1.79  1.99  1.86  1.83  1.70  1.58  1.32  1.31  1.45  1.64  1.64  1.81
SKEW      0.46  0.60  0.31  0.31  0.63  0.79  0.56  0.76  0.74  0.66  0.46  0.63
% NNW     3.17  3.61  3.56  4.04  5.20  3.72  3.62  4.00  3.53  4.15  2.83  2.24
MEAN      3.92  3.81  4.05  4.07  3.68  3.36  2.97  3.16  3.33  3.61  3.55  3.35
STD DEV   1.64  1.50  1.72  1.58  1.67  1.53  1.28  1.23  1.38  1.56  1.46  1.48
SKEW      0.48  0.20  0.34  0.29  0.46  0.63  0.65  0.42  0.43  0.56  0.49  0.42
CALM     11.81 12.27 10.52 12.87 19.73 24.46 29.94 29.77 28.04 23.69 16.19 14.82
MORGANTOWN    WV    0.396  ELKINS        WV    0.366  PARKERSBURG   WV    0.238
 HUNTINGTON WSO AP WV                    464393 0
 LATT=  38.37 LONG= -82.55 YEARS= 31. TYPE= 3
 ELEVATION =  820. TP5 = 2.28 TP6= 4.12
 MEAN P   0.21  0.23  0.27  0.27  0.33  0.32  0.39  0.40  0.34  0.30  0.29  0.26
 S DEV P  0.28  0.33  0.37  0.32  0.39  0.37  0.49  0.50  0.41  0.39  0.38  0.36
 SQEW  P  2.90  3.21  2.98  2.03  2.83  2.42  2.69  1.98  1.90  2.44  2.45  2.79
 P(W/W)   0.52  0.53  0.52  0.56  0.51  0.48  0.48  0.46  0.41  0.46  0.49  0.50
 P(W/D)   0.37  0.39  0.39  0.33  0.34  0.29  0.32  0.24  0.23  0.23  0.31  0.36
 TMAX AV 40.34 44.68 56.59 66.94 75.46 82.43 85.43 84.23 78.09 67.37 55.86 45.29
 TMIN AV 23.53 26.20 35.59 43.97 52.62 60.50 65.07 63.87 57.17 45.04 36.96 28.64
 SD TMAX 13.32 13.14 13.15 11.64  8.87  6.58  5.61  5.86  8.23  9.87 11.87 12.83
 SD TMIN 12.28 11.84 10.71  9.73  8.58  6.79  5.47  5.80  8.50  9.63 10.33 11.53
 SOL.RAD  163.  244.  339.  455.  552.  609.  596.  538.  474.  312.  207.  159.
 SD SOL   40.4  45.3  57.9  65.0  65.9  61.3  58.3  97.0  47.8  35.2  32.8  33.3
 MX .5 P  0.29  0.38  0.59  0.51  0.95  1.12  1.56  1.63  0.86  0.51  0.51  0.28
 DEW PT  27.29 26.71 30.72 40.42 51.92 60.71 64.71 63.71 56.49 46.49 34.00 27.21
Time Pk  0.654 0.748 0.791 0.850 0.863 0.870 0.884 0.894 0.904 0.926 0.959 1.000
% N       2.27  2.75  2.94  3.07  3.26  2.79  2.66  3.25  3.17  2.62  1.95  2.34
MEAN      2.55  2.74  2.98  3.03  2.56  2.39  2.31  2.19  2.34  2.74  2.51  2.63
STD DEV   1.18  1.22  1.45  1.50  1.15  0.98  0.97  0.93  1.05  1.17  0.92  1.14
SKEW      0.89  0.89  1.07  1.09  0.89  0.87  0.98  0.73  1.23  0.85  1.14  0.89
% NNE     2.89  3.69  3.35  3.00  2.49  2.09  2.00  2.13  2.97  2.47  1.86  2.49
MEAN      2.35  2.39  2.52  2.68  2.41  2.29  2.19  2.26  2.32  2.25  2.24  2.40
STD DEV   1.00  1.04  1.13  1.05  1.07  0.93  0.70  0.93  0.97  0.97  0.93  1.34
SKEW      0.72  1.05  0.82  0.38  0.81  0.84  0.67  1.08  0.93  0.95  0.90  2.22
% NE      4.69  5.83  6.07  5.61  4.11  3.32  2.87  3.53  5.14  4.04  3.03  4.29
MEAN      2.22  2.30  2.41  2.42  2.24  2.10  2.07  2.07  2.04  2.00  2.23  2.14
STD DEV   0.98  0.96  1.01  1.18  1.08  0.92  0.76  0.83  0.84  0.93  0.85  0.90
SKEW      0.87  1.04  0.82  1.07  1.25  1.01  1.15  0.84  1.31  1.10  0.93  1.09
% ENE     3.04  3.46  3.83  3.38  2.50  1.86  2.23  2.00  2.90  2.71  1.87  2.62
MEAN      2.34  2.34  2.58  2.65  2.43  2.23  2.30  2.15  2.35  2.14  2.49  2.26
STD DEV   1.04  0.95  1.08  1.18  1.00  0.78  0.82  0.84  0.88  0.92  1.00  0.83
SKEW      0.83  1.07  0.78  0.93  0.68  1.17  0.55  1.20  0.76  0.93  0.70  0.54
% E       2.46  2.75  3.47  3.35  3.17  2.92  2.66  3.07  4.17  3.53  2.19  2.64
MEAN      2.32  2.41  2.61  2.53  2.33  2.36  2.31  2.22  2.34  2.38  2.52  2.42
STD DEV   0.88  0.91  0.98  1.06  0.92  0.93  0.97  0.89  0.82  0.97  0.94  0.91
SKEW      0.86  0.65  0.79  0.93  0.89  1.11  1.19  1.06  0.77  1.38  0.92  0.69
% ESE     1.78  2.12  2.21  2.15  2.26  2.64  2.25  2.18  3.30  3.66  2.11  2.07
MEAN      2.58  2.64  2.90  2.66  2.65  2.47  2.36  2.42  2.36  2.54  2.60  2.64
STD DEV   0.79  0.90  1.04  0.89  0.96  0.88  0.85  0.81  0.72  0.84  0.83  1.01
SKEW      0.56  1.03  0.87  1.11  1.29  1.08  0.87  0.68  1.07  0.97  0.71  1.06
% SE      1.55  1.53  2.07  1.79  1.96  2.39  2.35  2.48  2.58  2.25  1.75  1.54
MEAN      2.81  2.92  3.19  2.91  2.67  2.48  2.19  2.23  2.39  2.52  2.80  2.78
STD DEV   1.17  1.23  1.47  1.40  1.09  1.01  0.79  0.83  0.98  1.07  1.40  1.05
SKEW      1.14  0.89  0.97  1.17  1.11  1.09  1.11  1.01  1.20  1.25  1.24  1.07
% SSE     1.62  1.80  2.01  1.85  1.93  2.53  1.96  2.18  2.24  1.97  1.72  1.91
MEAN      3.38  3.45  3.31  3.20  2.89  2.74  2.60  2.49  2.39  2.83  3.33  3.29
STD DEV   1.52  1.54  1.48  1.35  1.09  1.00  1.04  0.80  0.93  1.28  1.50  1.33
SKEW      0.93  0.64  0.66  0.61  1.01  0.96  0.91  0.39  0.71  0.66  0.89  0.48
% S       4.67  3.77  4.47  4.30  4.84  5.86  5.33  4.95  4.23  3.53  4.87  4.57
MEAN      3.46  3.56  3.65  3.51  3.00  2.81  2.60  2.71  2.82  2.93  3.48  3.50
STD DEV   1.38  1.51  1.59  1.61  1.27  1.09  0.98  1.14  1.23  1.25  1.54  1.50
SKEW      0.77  0.73  0.66  0.67  0.95  0.86  0.95  1.14  1.01  1.21  0.73  0.69
% SSW     5.09  5.20  4.59  5.04  5.51  6.05  6.05  4.72  4.38  4.37  5.94  5.32
MEAN      3.83  3.69  3.80  3.77  3.08  2.89  2.65  2.64  2.69  3.07  3.48  3.35
STD DEV   1.75  1.61  1.64  1.76  1.36  1.18  0.99  1.00  1.03  1.35  1.57  1.49
SKEW      0.57  0.77  0.63  0.73  1.08  0.98  1.04  0.80  0.92  0.80  0.80  0.58
% SW      9.05  8.59  7.98  9.19  8.44 10.44  9.97  7.15  6.41  6.90  9.69  9.31
MEAN      3.98  3.96  4.42  4.17  3.30  3.09  2.82  2.78  2.82  3.25  3.86  3.76
STD DEV   1.82  1.91  2.17  2.14  1.59  1.38  1.28  1.43  1.26  1.59  2.01  1.80
SKEW      0.52  0.62  0.50  0.51  1.12  0.83  1.05  1.33  0.92  1.00  0.92  0.71
% WSW    12.61 12.03 12.31 10.06  8.07  6.15  6.01  5.05  4.89  6.61 11.79 12.34
MEAN      4.24  4.44  4.75  4.50  3.73  3.22  3.02  2.96  3.00  3.35  3.91  4.03
STD DEV   2.22  2.22  2.26  2.39  1.93  1.49  1.41  1.42  1.40  1.63  2.01  2.12
SKEW      0.67  0.58  0.37  0.78  0.82  0.62  1.08  1.00  0.75  0.79  0.72  0.68
% W      10.94 10.16 10.58  8.55  6.15  5.05  4.80  3.80  4.35  4.89  9.50  9.88
MEAN      3.84  4.01  4.00  3.77  3.39  2.95  2.68  2.55  2.68  3.29  3.60  3.77
STD DEV   2.13  2.11  2.24  2.16  1.87  1.62  1.36  1.30  1.43  1.76  1.97  2.12
SKEW      0.98  0.65  0.84  0.92  0.88  1.04  1.02  1.05  0.97  0.77  0.75  0.73
% WNW     4.76  5.35  4.85  4.29  3.29  2.46  2.23  2.23  2.36  2.50  4.24  4.24
MEAN      3.73  4.04  4.11  3.83  3.11  2.64  2.66  2.51  2.87  3.05  3.77  3.73
STD DEV   2.01  2.00  2.01  1.86  1.54  1.24  1.21  1.19  1.58  1.46  1.90  1.81
SKEW      0.80  0.54  0.51  0.76  0.85  0.96  0.88  0.87  1.13  0.68  0.50  0.66
% NW      3.14  2.96  3.06  2.99  3.33  2.92  2.57  2.64  3.05  2.96  2.37  2.65
MEAN      2.92  3.39  3.51  3.26  2.67  2.29  2.32  2.37  2.18  2.77  3.27  3.25
STD DEV   1.50  1.82  1.91  1.70  1.28  1.00  1.09  1.22  0.98  1.47  1.75  1.89
SKEW      0.81  0.85  0.94  0.80  1.09  1.03  1.13  1.10  1.13  0.88  0.79  0.92
% NNW     2.63  2.92  2.76  3.15  2.33  2.25  2.23  2.41  2.66  2.38  1.96  2.10
MEAN      3.08  3.27  3.26  3.47  2.68  2.53  2.44  2.31  2.29  2.74  3.05  2.92
STD DEV   1.47  1.72  1.63  1.64  1.27  1.19  1.21  1.13  1.05  1.45  1.47  1.51
SKEW      0.64  1.23  0.68  0.51  0.80  0.78  1.16  1.03  0.79  1.02  0.87  0.91
CALM     26.94 25.12 23.28 28.22 36.30 38.23 41.76 46.15 41.15 42.69 33.24 29.65
HUNTINGTON/TS.WV    1.000  CHARLESTON    WV    0.000  WILMINGTON    OH    0.000
 KEARNEYSVILLE 1 NW WV                   464763 0
 LATT=  39.38 LONG= -77.88 YEARS= 62. TYPE= 3
 ELEVATION =  550. TP5 = 2.83 TP6= 5.19
 MEAN P   0.29  0.28  0.31  0.31  0.33  0.36  0.36  0.38  0.39  0.42  0.33  0.32
 S DEV P  0.33  0.32  0.34  0.35  0.40  0.47  0.47  0.56  0.55  0.52  0.42  0.40
 SQEW  P  2.31  2.20  2.51  1.93  2.09  2.87  2.59  3.32  2.66  2.14  2.84  2.58
 P(W/W)   0.40  0.41  0.45  0.48  0.48  0.42  0.44  0.43  0.45  0.45  0.41  0.40
 P(W/D)   0.23  0.24  0.26  0.25  0.29  0.26  0.26  0.23  0.19  0.17  0.23  0.22
 TMAX AV 40.58 43.47 53.00 64.55 74.56 82.75 86.79 85.04 78.56 67.28 55.39 43.71
 TMIN AV 22.02 23.39 30.75 40.02 49.59 57.84 62.27 60.41 53.29 41.54 33.55 25.16
 SD TMAX 11.17 11.17 12.14 11.03  9.02  7.46  6.12  6.37  8.39  9.40 10.35 10.53
 SD TMIN 10.93 10.27  9.40  8.60  8.54  7.37  6.15  6.69  9.37  9.73  9.85  9.81
 SOL.RAD  158.  251.  318.  394.  512.  504.  518.  432.  367.  275.  190.  150.
 SD SOL   43.0  44.6  67.9  89.1  84.2  99.9  88.2 174.4  82.7  48.2  39.0  36.5
 MX .5 P  0.38  0.36  0.55  0.67  1.26  0.91  1.43  1.36  1.39  0.92  0.36  0.26
 DEW PT  22.96 22.96 28.21 38.46 49.46 59.21 62.97 62.31 55.97 44.72 33.56 24.31
Time Pk  0.689 0.776 0.818 0.858 0.873 0.881 0.894 0.900 0.905 0.934 0.959 1.000
% N       7.40  7.46  6.80  6.17  6.08  4.82  5.55  5.80  7.95  8.10  6.23  6.52
MEAN      4.38  4.61  4.55  4.75  4.22  4.02  3.63  3.71  3.97  4.02  3.86  4.15
STD DEV   2.01  2.04  2.07  2.18  1.87  1.73  1.51  1.51  1.73  1.87  1.88  1.94
SKEW      0.68  0.66  0.81  0.60  0.65  0.72  0.64  0.53  0.61  0.79  1.06  0.71
% NNE     4.17  4.10  4.38  3.63  4.05  3.56  3.45  4.31  6.12  5.22  3.70  3.99
MEAN      4.39  4.44  4.51  4.39  4.31  4.32  3.89  3.93  4.29  4.14  3.97  3.99
STD DEV   1.93  2.00  1.99  1.93  1.73  1.72  1.46  1.62  1.83  1.70  1.85  1.75
SKEW      0.62  0.72  0.70  0.87  0.52  0.58  0.62  0.65  0.80  0.57  0.97  0.81
% NE      3.60  3.75  3.97  4.07  4.48  3.60  3.01  3.96  5.33  4.84  3.28  3.51
MEAN      3.88  3.73  4.15  4.06  4.05  3.97  3.59  3.62  4.01  4.01  3.52  3.64
STD DEV   1.68  1.44  1.72  1.60  1.66  1.63  1.36  1.47  1.79  1.77  1.62  1.58
SKEW      0.76  0.36  0.80  0.62  0.61  0.66  0.56  0.61  0.85  0.69  1.16  0.77
% ENE     2.31  3.24  3.73  3.81  3.51  3.06  2.50  2.89  3.72  3.17  2.22  2.41
MEAN      3.80  3.74  4.07  4.17  4.09  3.75  3.58  3.29  3.73  3.66  3.62  3.42
STD DEV   1.80  1.51  1.64  1.82  1.65  1.49  1.41  1.29  1.64  1.61  1.53  1.44
SKEW      0.78  0.68  0.69  0.92  0.47  0.70  0.54  0.51  0.86  0.72  0.42  0.75
% E       2.02  3.17  4.12  4.16  4.22  3.20  3.01  3.33  3.63  3.06  2.34  2.18
MEAN      3.39  3.38  3.78  3.79  3.64  3.62  3.39  3.28  3.44  3.40  3.33  2.91
STD DEV   1.84  1.38  1.50  1.54  1.53  1.53  1.34  1.37  1.50  1.43  1.73  1.10
SKEW      1.21  0.69  0.55  0.61  0.85  0.68  0.60  0.81  0.95  0.80  1.52  0.72
% ESE     1.47  2.27  3.45  3.25  3.63  2.52  2.77  2.97  2.70  2.42  2.25  1.84
MEAN      2.90  3.57  3.77  3.85  3.58  3.37  3.37  3.24  3.27  3.31  3.43  3.16
STD DEV   1.07  1.72  1.50  1.54  1.37  1.41  1.32  1.27  1.27  1.46  1.77  1.56
SKEW      0.48  1.19  0.49  0.65  0.47  0.81  0.69  0.68  0.63  1.04  1.99  1.67
% SE      2.33  2.86  3.53  3.92  4.39  3.82  4.14  3.66  3.81  3.55  2.74  2.29
MEAN      3.07  3.39  3.74  3.83  3.80  3.41  3.51  3.24  3.36  3.15  3.55  2.99
STD DEV   1.17  1.39  1.53  1.55  1.60  1.27  1.38  1.21  1.43  1.29  1.68  1.09
SKEW      0.43  0.87  0.57  0.64  0.74  0.57  0.71  0.51  1.12  0.75  1.14  0.65
% SSE     3.77  3.87  4.70  5.31  6.95  7.10  6.87  6.19  5.55  4.68  4.31  3.60
MEAN      3.39  3.67  4.06  4.15  4.02  3.67  3.59  3.48  3.42  3.47  3.63  3.28
STD DEV   1.37  1.50  1.76  1.69  1.58  1.38  1.30  1.27  1.33  1.37  1.51  1.34
SKEW      0.53  0.68  0.82  0.56  0.64  0.52  0.57  0.52  0.64  0.53  0.84  0.95
% S       9.72  8.98  8.50 10.95 12.69 15.14 13.85 12.85 10.88  9.78 10.48 10.21
MEAN      3.80  4.10  4.54  4.38  4.20  3.82  3.72  3.65  3.67  3.66  4.01  3.74
STD DEV   1.66  1.69  2.11  1.93  1.81  1.51  1.43  1.45  1.55  1.59  1.75  1.62
SKEW      0.86  0.59  0.77  0.64  0.78  0.63  0.60  0.61  0.87  0.77  0.71  0.74
% SSW     8.49  7.14  7.27  8.45  9.06 10.35 10.71  9.66  7.99  7.78  8.85  8.33
MEAN      4.47  4.75  5.30  5.04  4.47  3.99  3.82  3.74  3.84  3.83  4.39  4.24
STD DEV   2.07  2.14  2.44  2.28  2.06  1.63  1.60  1.58  1.75  1.71  1.97  1.95
SKEW      0.79  0.59  0.50  0.44  0.77  0.63  0.84  0.78  0.86  0.83  0.80  0.74
% SW      4.52  4.35  4.15  4.79  5.34  6.63  7.35  6.22  5.22  4.85  5.22  4.93
MEAN      3.97  4.47  4.59  4.79  3.93  3.62  3.46  3.36  3.26  3.49  3.72  3.71
STD DEV   1.90  2.16  2.30  2.41  1.79  1.62  1.42  1.51  1.49  1.59  1.74  1.72
SKEW      0.92  0.76  0.79  0.75  0.86  0.71  0.70  0.87  0.98  1.02  0.95  0.89
% WSW     2.83  2.75  2.98  3.04  3.39  4.06  4.36  3.76  2.86  2.93  3.39  2.99
MEAN      3.72  4.07  4.57  4.28  3.81  3.43  3.16  3.07  3.05  3.37  3.70  3.48
STD DEV   1.72  2.13  2.17  2.08  1.64  1.49  1.33  1.28  1.27  1.53  1.75  1.52
SKEW      0.97  0.76  0.74  0.85  0.76  0.69  0.73  0.83  0.74  0.82  1.06  0.99
% W       5.23  5.71  5.39  5.30  4.87  4.52  4.56  4.59  3.52  4.38  5.75  5.09
MEAN      5.27  5.56  5.25  4.81  4.15  3.71  3.41  3.23  3.35  3.84  4.66  4.59
STD DEV   2.78  2.79  2.66  2.28  1.91  1.69  1.59  1.34  1.52  1.85  2.46  2.30
SKEW      0.76  0.63  0.87  0.77  0.87  0.74  0.92  0.61  0.87  0.95  0.89  0.71
% WNW    10.60 11.16 10.72  8.82  6.19  5.37  4.68  4.71  4.32  6.04  9.69 10.13
MEAN      6.53  6.83  6.77  6.23  5.24  4.43  4.05  3.82  4.13  5.07  5.98  6.19
STD DEV   3.00  2.87  2.96  2.66  2.33  2.05  1.86  1.64  1.91  2.44  2.63  2.67
SKEW      0.59  0.38  0.42  0.42  0.47  0.72  0.83  0.66  0.88  0.67  0.51  0.45
% NW     13.09 12.54 11.81 10.14  7.10  6.84  6.20  7.04  6.40  8.68 11.56 13.27
MEAN      5.96  6.27  6.22  6.04  5.13  4.44  3.91  3.90  4.01  4.92  5.63  6.02
STD DEV   2.61  2.56  2.65  2.58  2.31  2.03  1.69  1.70  1.78  2.23  2.52  2.59
SKEW      0.65  0.53  0.51  0.48  0.54  0.69  0.88  0.85  0.79  0.55  0.60  0.53
% NNW     9.11  8.74  8.13  7.16  5.67  5.01  5.00  5.90  7.27  7.92  7.58  8.22
MEAN      5.11  5.35  5.29  5.33  4.71  4.33  3.75  3.72  3.89  4.42  4.81  5.09
STD DEV   2.11  2.39  2.31  2.39  1.96  1.99  1.54  1.48  1.70  2.04  2.15  2.20
SKEW      0.57  0.68  0.66  0.71  0.55  0.78  0.60  0.75  0.80  0.92  0.60  0.52
CALM      9.23  7.95  6.27  6.97  8.25 10.43 11.97 12.13 12.76 12.61 10.46 10.51
WASH/NATIONAL VA    0.337  WASH/DULLES   VA    0.337  WASH/ANDREWS  MD    0.326
 LEWISBURG WV                            465224 0
 LATT=  37.80 LONG= -80.43 YEARS= 44. TYPE= 3
 ELEVATION = 2250. TP5 = 2.64 TP6= 4.99
 MEAN P   0.26  0.28  0.32  0.29  0.31  0.32  0.35  0.34  0.34  0.35  0.29  0.29
 S DEV P  0.30  0.33  0.34  0.33  0.37  0.38  0.48  0.47  0.51  0.45  0.35  0.34
 SQEW  P  2.29  2.25  1.87  2.37  2.63  2.53  3.09  3.17  3.55  2.57  2.46  2.22
 P(W/W)   0.44  0.47  0.45  0.49  0.58  0.48  0.49  0.50  0.47  0.44  0.45  0.43
 P(W/D)   0.25  0.25  0.26  0.27  0.23  0.26  0.30  0.25  0.20  0.18  0.24  0.25
 TMAX AV 41.54 45.36 54.65 65.28 74.19 80.54 83.54 82.50 76.64 66.97 54.67 44.54
 TMIN AV 21.16 23.25 29.59 38.48 47.42 54.82 59.21 57.94 51.59 39.94 31.49 24.36
 SD TMAX 11.34 11.54 12.13 11.12  7.94  6.15  4.88  4.95  7.44  8.97 10.99 11.36
 SD TMIN 11.39 10.80 10.01  9.48  8.22  7.11  5.80  5.91  8.62 10.03 10.21 11.30
 SOL.RAD  209.  274.  352.  470.  545.  597.  573.  515.  438.  302.  216.  178.
 SD SOL   31.4  41.3  59.3  65.2  71.8  67.9  68.6 121.8  62.8  43.3  35.2  32.4
 MX .5 P  0.39  0.37  0.65  0.52  0.83  1.49  1.45  1.56  0.79  0.69  0.53  0.50
 DEW PT  27.06 26.53 30.06 40.06 52.27 60.53 64.79 63.79 57.27 46.05 33.53 26.05
Time Pk  0.696 0.787 0.830 0.879 0.889 0.897 0.905 0.917 0.925 0.940 0.961 1.000
% N       3.48  4.94  4.63  5.45  6.03  5.36  5.70  7.31  6.58  7.07  4.11  4.01
MEAN      3.17  3.29  3.48  3.57  3.38  3.09  3.05  2.91  3.01  3.20  3.09  3.14
STD DEV   1.28  1.31  1.32  1.48  1.38  1.10  1.15  1.04  1.06  1.21  1.13  1.24
SKEW      1.02  0.78  0.84  0.78  0.93  0.71  0.75  0.71  0.79  1.06  0.73  0.77
% NNE     2.76  3.34  3.52  3.56  3.84  3.92  3.80  4.83  5.47  4.98  2.69  2.91
MEAN      3.26  3.08  3.34  3.40  3.23  3.10  3.00  2.93  3.20  3.10  2.89  2.77
STD DEV   1.10  1.21  1.20  1.33  1.22  1.12  1.09  1.05  1.23  1.16  1.14  0.97
SKEW      0.54  1.00  0.64  0.71  0.67  0.77  0.87  0.70  1.02  0.87  0.86  0.90
% NE      3.43  4.24  4.13  3.56  4.10  4.19  4.24  4.59  6.08  4.71  2.99  3.24
MEAN      2.96  2.98  3.18  3.17  3.24  2.98  2.82  2.81  3.01  2.94  2.83  2.76
STD DEV   1.06  1.09  1.12  1.21  1.22  1.10  0.97  1.02  1.08  1.10  0.94  1.03
SKEW      0.78  0.61  0.62  1.01  0.71  0.91  0.87  0.77  0.78  1.01  0.56  0.92
% ENE     1.80  2.06  1.97  2.15  2.20  2.43  2.51  2.71  3.07  2.48  1.88  1.66
MEAN      2.77  2.60  2.77  2.99  2.88  2.73  2.90  2.57  2.63  2.74  2.68  2.58
STD DEV   0.93  0.78  0.94  1.09  1.04  0.85  1.10  0.80  0.84  0.91  0.83  0.82
SKEW      0.79  1.03  0.85  0.84  0.86  0.65  0.93  0.89  1.13  1.25  0.77  0.85
% E       1.77  1.75  2.04  2.07  2.59  3.06  3.28  3.06  3.53  2.86  1.98  1.91
MEAN      2.83  2.54  2.85  3.02  2.89  2.96  2.63  2.77  2.72  2.81  2.70  2.60
STD DEV   1.09  0.88  1.12  1.33  1.03  1.20  0.99  1.15  1.03  1.07  1.05  0.86
SKEW      0.89  1.01  0.85  0.77  0.76  1.21  1.00  1.04  1.17  1.07  0.94  0.80
% ESE     2.28  2.45  2.43  1.89  2.64  3.10  2.87  2.92  3.64  3.73  2.43  2.40
MEAN      3.39  3.46  4.05  3.77  3.48  3.27  3.17  2.86  3.36  3.49  3.37  3.50
STD DEV   1.55  1.59  2.05  1.77  1.56  1.41  1.45  1.07  1.38  1.47  1.57  1.39
SKEW      1.42  0.78  0.81  0.73  0.70  0.82  1.14  0.68  0.86  0.82  0.70  0.74
% SE      5.19  5.41  6.32  5.04  6.28  5.83  4.66  5.50  7.40  7.94  6.11  6.00
MEAN      4.16  4.48  4.58  4.46  4.05  3.52  3.20  3.21  3.54  3.90  4.07  4.35
STD DEV   1.70  1.85  1.89  1.76  1.53  1.43  1.31  1.30  1.40  1.51  1.70  1.72
SKEW      0.42  0.64  0.60  0.40  0.40  0.59  0.80  0.85  0.58  0.52  0.81  0.67
% SSE     5.40  5.12  6.02  6.17  5.76  5.68  5.19  5.41  7.12  6.65  6.22  6.46
MEAN      4.32  4.43  4.79  4.49  4.03  3.48  3.36  3.11  3.65  3.86  4.17  4.28
STD DEV   1.70  1.82  1.89  1.78  1.58  1.40  1.22  1.19  1.44  1.52  1.70  1.70
SKEW      0.76  0.55  0.66  0.57  0.47  0.58  0.69  0.75  0.60  0.54  0.31  0.67
% S       7.72  6.43  8.28  9.08  9.09  9.92  9.89 10.03  9.01  7.32  8.16  7.98
MEAN      3.77  3.89  4.27  4.13  3.50  3.21  2.97  2.93  3.14  3.21  3.65  3.82
STD DEV   1.56  1.73  1.92  1.66  1.44  1.18  1.18  1.12  1.31  1.37  1.74  1.54
SKEW      0.70  0.95  0.99  0.65  0.80  0.82  1.08  1.01  0.79  0.89  1.03  0.56
% SSW     8.01  6.58  6.58  7.66  7.24  7.90  8.37  7.21  5.86  5.68  7.07  7.65
MEAN      4.13  4.22  4.49  4.20  3.65  3.32  3.20  3.04  3.25  3.30  3.87  4.14
STD DEV   1.87  1.75  1.90  1.83  1.64  1.38  1.23  1.19  1.37  1.35  1.69  1.84
SKEW      0.87  0.70  0.58  0.82  0.98  1.02  0.95  0.96  1.00  0.92  0.93  1.21
% SW     10.12  9.39  8.60  8.54  9.36  9.45 10.52  8.41  6.69  7.06  9.88 10.60
MEAN      4.57  4.59  4.83  4.67  3.98  3.68  3.48  3.35  3.39  3.74  4.15  4.28
STD DEV   1.86  1.89  2.27  2.09  1.70  1.35  1.31  1.23  1.34  1.63  1.62  1.74
SKEW      0.78  0.70  1.01  0.75  0.82  0.66  0.62  0.59  0.65  0.86  0.64  0.73
% WSW     9.74  8.52  8.04  8.80  7.78  8.26  7.77  6.51  5.61  5.78  9.20  9.13
MEAN      4.64  4.82  4.97  5.02  4.26  3.95  3.65  3.66  3.80  3.92  4.54  4.72
STD DEV   1.91  1.92  1.98  2.10  1.74  1.48  1.32  1.42  1.49  1.61  1.80  1.90
SKEW      0.67  0.46  0.48  0.48  0.85  0.58  0.52  0.64  0.68  0.79  0.52  0.72
% W      10.85 10.59 10.54  8.78  8.26  7.14  6.27  5.69  4.83  6.37  8.92  9.44
MEAN      5.20  5.13  5.36  5.15  4.52  3.99  3.69  3.42  3.58  4.08  4.78  4.77
STD DEV   2.14  2.08  2.31  2.17  1.86  1.61  1.43  1.31  1.43  1.70  2.02  1.90
SKEW      0.56  0.44  0.61  0.65  0.61  0.73  0.60  0.64  0.65  0.69  0.58  0.51
% WNW    10.21 11.56 10.69  8.70  6.51  4.62  4.43  3.67  3.73  5.81  9.16  9.66
MEAN      5.09  5.22  5.31  5.03  4.43  4.00  3.68  3.59  3.55  4.12  4.73  4.96
STD DEV   2.03  1.91  2.18  2.05  1.86  1.70  1.47  1.39  1.46  1.68  1.94  1.93
SKEW      0.71  0.35  0.65  0.57  0.86  0.80  0.75  0.83  0.83  0.54  0.62  0.58
% NW      6.82  7.23  7.18  7.34  5.56  4.29  3.85  3.91  3.74  5.38  6.65  6.93
MEAN      4.47  4.42  4.62  4.42  3.91  3.51  3.20  3.03  3.33  3.74  4.12  4.33
STD DEV   1.77  1.75  1.87  1.76  1.56  1.49  1.29  1.16  1.31  1.56  1.69  1.79
SKEW      0.76  0.42  0.76  0.50  0.56  0.89  0.78  0.94  0.90  0.76  0.66  0.68
% NNW     3.84  4.52  4.66  5.41  4.71  3.85  3.70  3.73  3.87  4.49  3.82  3.58
MEAN      3.88  4.07  4.07  4.12  3.74  3.39  3.14  3.09  3.23  3.58  3.74  3.78
STD DEV   1.56  1.66  1.58  1.68  1.50  1.30  1.17  1.12  1.22  1.44  1.51  1.48
SKEW      0.57  0.49  0.55  0.50  0.72  0.79  0.51  0.62  0.80  0.69  0.78  0.63
CALM      6.52  5.77  4.41  5.87  8.12 11.01 12.95 14.63 13.69 11.65  8.60  6.40
BECKLEY       WV    0.499  LYNCHBURG     VA    0.251  CHARLESTON    WV    0.251
 PARKERSBURG WB CITY WV                  466859 0
 LATT=  39.27 LONG= -81.57 YEARS= 66. TYPE= 3
 ELEVATION =  620. TP5 = 2.21 TP6= 3.99
 MEAN P   0.21  0.23  0.26  0.25  0.30  0.35  0.38  0.38  0.33  0.26  0.24  0.23
 S DEV P  0.26  0.30  0.34  0.31  0.34  0.44  0.47  0.46  0.43  0.34  0.29  0.30
 SQEW  P  2.13  2.98  2.88  2.59  2.20  2.24  2.57  2.29  2.52  2.94  2.20  3.03
 P(W/W)   0.52  0.50  0.51  0.53  0.53  0.49  0.44  0.44  0.43  0.45  0.51  0.52
 P(W/D)   0.37  0.36  0.38  0.35  0.31  0.30  0.31  0.27  0.23  0.23  0.30  0.34
 TMAX AV 40.68 43.69 53.43 64.98 75.13 82.67 85.96 84.50 78.56 67.32 54.29 43.70
 TMIN AV 24.09 25.56 33.00 42.31 52.09 60.54 64.77 63.35 56.52 45.03 35.60 27.49
 SD TMAX 13.08 12.64 13.48 12.29  9.69  7.32  6.11  6.17  8.60 10.39 12.17 12.10
 SD TMIN 11.86 10.96 10.17  9.13  8.29  6.74  5.43  5.85  8.48  9.14  9.76 10.67
 SOL.RAD  140.  216.  300.  408.  506.  570.  560.  494.  431.  273.  173.  132.
 SD SOL   46.7  53.4  70.9  81.7  82.9  76.4  71.8 130.1  61.7  46.7  42.4  40.6
 MX .5 P  0.27  0.27  0.56  0.45  0.74  1.06  1.56  1.65  0.78  0.55  0.45  0.24
 DEW PT  28.00 26.00 31.00 40.00 51.00 60.00 64.00 63.00 56.00 46.00 34.00 27.00
Time Pk  0.715 0.806 0.845 0.877 0.880 0.890 0.898 0.907 0.920 0.939 0.963 1.000
% N       2.97  4.37  3.10  4.19  4.52  3.15  3.65  3.46  3.24  3.99  1.93  1.65
MEAN      3.07  2.89  3.08  3.21  2.90  2.63  2.43  2.49  2.45  2.69  2.85  2.82
STD DEV   1.46  1.17  1.29  1.33  1.29  1.15  0.87  1.01  0.91  1.19  1.25  1.31
SKEW      0.82  0.67  0.48  0.52  0.87  1.23  1.15  0.87  1.20  1.03  1.19  1.03
% NNE     2.85  3.05  3.52  3.59  4.25  3.10  3.69  4.40  3.87  4.60  2.91  1.93
MEAN      2.90  2.91  3.08  3.12  2.76  2.53  2.53  2.48  2.61  2.74  3.14  2.91
STD DEV   1.17  1.24  1.21  1.27  1.19  0.98  0.91  0.95  1.07  1.07  1.34  1.19
SKEW      0.38  0.76  0.53  0.67  1.04  0.94  0.69  1.06  0.96  0.76  0.91  0.93
% NE      4.52  5.59  4.55  4.81  3.92  3.19  3.40  4.40  3.96  4.64  1.96  2.34
MEAN      2.49  2.44  2.74  2.66  2.33  2.17  2.26  2.21  2.01  2.36  2.66  2.28
STD DEV   1.06  1.00  1.09  1.06  1.01  0.82  0.99  0.81  0.65  0.94  0.96  0.83
SKEW      1.26  1.17  0.59  0.79  1.01  1.45  0.92  1.38  1.09  1.49  0.74  0.90
% ENE     2.15  2.53  2.56  2.97  2.96  2.26  1.97  2.73  2.88  2.64  1.04  1.94
MEAN      2.38  2.47  2.55  2.62  2.32  1.93  2.14  2.25  2.30  2.18  2.14  2.43
STD DEV   0.93  1.06  0.93  1.12  0.93  0.65  0.70  0.94  1.01  0.77  0.47  0.92
SKEW      0.80  1.48  0.88  1.55  0.94  0.19  0.95  1.11  1.52  1.85  1.73  0.98
% E       3.25  4.04  4.85  3.42  3.68  3.90  3.01  4.60  5.14  5.40  2.49  4.13
MEAN      2.28  2.51  2.43  2.39  2.09  2.17  2.11  2.07  2.06  2.09  2.18  2.35
STD DEV   0.86  0.92  0.92  0.95  0.79  0.88  0.76  0.75  0.68  0.68  0.70  1.02
SKEW      1.10  0.83  1.00  1.00  1.18  1.40  1.64  1.45  1.66  1.60  1.04  1.58
% ESE     2.28  2.21  2.85  2.83  3.18  4.55  2.79  3.87  4.37  4.30  3.99  4.23
MEAN      2.40  2.65  2.64  2.73  2.29  2.38  2.16  2.27  2.24  2.26  2.25  2.37
STD DEV   0.86  1.06  1.03  1.02  0.84  1.05  0.69  0.74  0.75  0.74  0.71  0.80
SKEW      1.03  1.08  0.69  0.83  1.38  1.57  1.31  1.19  1.35  1.32  1.20  1.18
% SE      5.21  4.27  6.14  4.50  4.08  3.48  3.05  3.16  3.59  3.31  2.96  3.74
MEAN      2.83  3.04  3.35  2.99  2.40  2.34  2.08  2.10  2.19  2.38  2.66  2.54
STD DEV   1.25  1.59  1.58  1.31  1.06  1.04  0.68  0.68  0.79  0.93  1.12  1.12
SKEW      1.38  1.17  0.88  0.92  1.79  1.31  1.07  1.22  1.74  1.54  0.98  1.55
% SSE     4.62  5.44  5.73  3.98  3.63  4.34  3.91  3.54  4.57  4.15  5.58  5.87
MEAN      3.99  4.64  4.71  3.69  3.17  3.02  2.82  2.62  3.07  3.27  4.15  4.06
STD DEV   1.99  1.93  2.08  1.67  1.59  1.41  1.15  1.04  1.40  1.57  2.03  2.02
SKEW      0.65  0.20  0.32  0.66  1.07  1.11  1.18  0.87  1.10  0.86  0.55  0.75
% S       9.00  6.51  6.88  6.34  5.26  6.43  6.14  4.71  6.00  6.36  6.91  7.23
MEAN      4.27  4.24  4.34  3.74  3.28  3.07  2.79  2.60  3.18  3.52  3.92  4.15
STD DEV   1.90  1.99  2.17  1.69  1.50  1.32  1.09  1.17  1.45  1.60  1.78  1.91
SKEW      0.30  0.50  0.62  0.73  0.68  0.82  0.62  1.31  0.91  0.82  0.69  0.59
% SSW    11.80  8.65  6.84  8.44  7.91 10.98 10.42  7.64  9.14  9.60 13.77  9.54
MEAN      5.15  4.56  4.97  4.70  3.77  3.53  3.48  2.99  3.60  3.58  4.47  4.36
STD DEV   2.24  2.01  2.35  2.13  1.70  1.52  1.54  1.20  1.71  1.58  2.06  1.86
SKEW      0.40  0.26  0.56  0.41  0.49  0.72  0.69  0.73  0.89  0.76  0.75  0.49
% SW     10.50 10.83  9.15 11.02 10.18 11.56  9.11  7.54  7.04  9.74 12.75 12.23
MEAN      4.78  4.39  4.36  4.54  3.65  3.65  3.41  3.11  3.27  3.75  4.45  4.31
STD DEV   2.28  2.17  2.17  2.12  1.75  1.66  1.64  1.45  1.47  1.79  2.10  1.94
SKEW      0.52  0.60  0.64  0.35  0.77  0.63  0.75  0.88  0.82  0.64  0.86  0.46
% WSW     9.19 10.02 11.43 11.05  9.40  8.66  6.89  6.27  6.70  7.29 13.51 15.73
MEAN      5.65  5.42  5.82  5.53  4.69  4.31  4.15  3.65  4.14  4.35  5.41  5.24
STD DEV   2.24  2.13  2.20  2.07  1.92  1.75  1.69  1.57  1.81  1.92  2.03  2.06
SKEW      0.18  0.19  0.26  0.02  0.11  0.34  0.13  0.58  0.58  0.41  0.05  0.35
% W       6.95  7.99  8.03  6.58  5.63  3.60  3.14  3.47  3.50  3.07  5.23  6.73
MEAN      5.13  5.03  5.39  4.68  3.80  3.50  3.39  3.18  3.58  4.11  4.94  5.08
STD DEV   2.27  2.24  2.57  2.18  1.76  1.57  1.44  1.52  1.66  1.84  1.91  2.23
SKEW      0.03  0.25  0.97  0.32  0.49  0.55  0.36  0.96  0.57  0.40  0.07  0.43
% WNW     5.73  6.87  7.41  6.27  5.83  3.99  3.11  4.18  4.09  4.07  6.75  6.33
MEAN      4.79  4.91  5.45  4.89  4.04  3.75  3.44  3.40  4.13  4.45  4.87  4.70
STD DEV   2.03  2.15  2.19  1.77  1.70  1.56  1.62  1.41  1.78  1.77  1.83  2.02
SKEW      0.23  0.32  0.23  0.08  0.32  0.57  1.03  0.59  0.46  0.19  0.22  0.48
% NW      7.74  6.46  7.08  7.41  6.17  3.52  3.06  3.61  3.86  3.58  3.34  3.13
MEAN      3.53  3.63  4.08  4.00  3.50  3.18  3.09  2.95  3.13  3.36  3.73  3.53
STD DEV   1.59  1.66  1.72  1.62  1.61  1.33  1.23  1.27  1.37  1.49  1.51  1.44
SKEW      0.65  0.61  0.45  0.38  0.74  0.68  0.67  0.84  0.99  0.46  0.58  0.85
% NNW     3.56  3.29  3.98  4.25  5.35  3.86  4.60  4.27  3.91  4.20  3.90  2.63
MEAN      3.88  3.47  3.89  3.73  3.21  3.13  2.91  2.82  3.15  3.39  3.69  3.22
STD DEV   1.71  1.39  1.55  1.50  1.37  1.34  1.19  1.03  1.28  1.55  1.39  1.30
SKEW      0.39  0.20  0.37  0.43  0.72  0.89  0.79  0.71  0.75  0.82  0.36  0.78
CALM      7.76  7.96  6.04  8.51 14.21 19.43 28.16 28.10 24.21 19.02 10.94 10.54
PARKERSBURG   WV    0.749  ZANESVILLE    OH    0.139  CHARLESTON    WV    0.112
 ROMNEY WV                               467730 0
 LATT=  39.35 LONG= -78.75 YEARS= 42. TYPE= 3
 ELEVATION =  820. TP5 = 2.74 TP6= 5.10
 MEAN P   0.26  0.25  0.28  0.25  0.28  0.31  0.32  0.31  0.32  0.29  0.24  0.27
 S DEV P  0.29  0.28  0.33  0.28  0.35  0.41  0.35  0.41  0.42  0.43  0.32  0.32
 SQEW  P  1.91  1.84  2.30  2.02  3.24  3.30  1.86  2.61  2.39  2.76  2.73  2.12
 P(W/W)   0.38  0.42  0.46  0.54  0.52  0.48  0.49  0.48  0.47  0.48  0.47  0.43
 P(W/D)   0.22  0.20  0.24  0.25  0.26  0.27  0.27  0.27  0.21  0.19  0.24  0.21
 TMAX AV 40.82 44.55 54.43 66.16 76.04 83.43 86.85 85.54 78.87 68.16 55.83 44.11
 TMIN AV 20.52 21.90 29.26 38.30 47.57 55.81 60.60 59.32 52.19 40.47 31.98 24.01
 SD TMAX 11.56 11.78 12.84 12.05  9.45  7.14  5.74  6.16  8.58  9.75 11.02 11.16
 SD TMIN 11.04 10.76  9.31  9.23  8.97  7.31  6.15  6.64  9.06  9.76  9.84 10.21
 SOL.RAD  169.  238.  301.  393.  505.  515.  521.  439.  366.  268.  183.  141.
 SD SOL   40.1  49.2  73.4  89.1  85.9  95.4  86.1 165.4  82.6  50.8  41.6  39.9
 MX .5 P  0.44  0.32  0.42  0.64  1.18  0.99  1.47  1.40  1.04  0.79  0.33  0.28
 DEW PT  23.20 23.20 28.67 38.28 49.28 58.82 62.35 61.62 55.35 43.89 33.08 24.47
Time Pk  0.704 0.787 0.830 0.869 0.879 0.882 0.902 0.913 0.922 0.934 0.966 1.000
% N       4.74  4.26  3.93  4.34  4.40  4.06  3.75  4.48  4.34  4.81  3.03  3.59
MEAN      3.56  3.66  3.72  3.93  3.50  3.40  3.15  3.28  3.26  3.54  3.38  3.13
STD DEV   1.73  1.65  1.66  1.71  1.63  1.49  1.35  1.44  1.49  1.61  1.63  1.55
SKEW      0.57  0.36  0.56  0.55  0.57  0.54  0.52  0.51  0.72  0.57  0.58  0.92
% NNE     3.16  3.91  3.77  4.24  4.05  2.52  2.48  3.33  3.53  3.97  2.41  2.96
MEAN      3.59  3.73  3.92  4.02  3.67  3.46  3.24  3.47  3.46  3.80  3.68  3.42
STD DEV   1.65  1.60  1.61  1.71  1.53  1.32  1.28  1.42  1.51  1.52  1.61  1.46
SKEW      0.55  0.51  0.52  0.48  0.46  0.46  0.37  0.58  0.58  0.35  0.57  0.83
% NE      4.17  4.99  4.51  4.56  5.58  3.65  3.87  4.67  4.52  4.52  2.70  3.44
MEAN      2.96  3.03  3.26  3.27  3.02  3.01  2.76  2.92  2.82  3.18  3.04  2.81
STD DEV   1.35  1.28  1.40  1.39  1.31  1.32  1.18  1.23  1.19  1.46  1.34  1.38
SKEW      0.81  0.61  0.61  0.69  0.59  0.70  0.72  0.80  0.65  0.79  0.70  1.15
% ENE     1.70  1.97  2.22  1.87  2.42  1.74  1.47  1.82  1.98  1.77  1.06  1.45
MEAN      3.08  3.18  3.46  3.39  3.22  3.22  2.81  3.15  3.06  3.09  2.76  2.70
STD DEV   1.28  1.31  1.37  1.49  1.33  1.27  1.12  1.26  1.25  1.24  1.02  0.98
SKEW      0.36  0.53  0.49  0.70  0.35  0.48  0.38  0.70  0.43  0.60  0.21  0.44
% E       2.45  2.83  2.74  2.80  3.15  2.57  2.40  3.05  2.72  2.63  1.63  2.19
MEAN      2.73  3.03  3.39  3.36  3.16  3.02  2.77  2.70  2.68  2.91  2.68  2.68
STD DEV   1.14  1.32  1.47  1.42  1.40  1.20  1.37  1.22  1.20  1.31  1.25  1.18
SKEW      0.99  0.48  0.59  0.29  0.45  0.46  0.97  0.82  0.62  0.53  0.97  0.88
% ESE     2.27  2.76  3.44  3.51  3.70  2.87  2.42  3.02  3.03  2.66  2.09  2.39
MEAN      3.60  3.64  4.19  4.22  3.63  3.65  3.41  3.29  3.46  3.38  3.60  3.52
STD DEV   1.40  1.36  1.62  1.66  1.47  1.39  1.34  1.23  1.49  1.42  1.44  1.37
SKEW      0.23  0.44  0.43  0.31  0.35  0.45  0.32  0.18  0.50  0.72  0.52  0.32
% SE      4.12  5.11  5.42  4.82  5.36  5.03  4.21  5.27  4.41  4.71  4.56  3.90
MEAN      3.54  3.78  4.19  4.05  3.49  3.26  3.15  3.21  3.26  3.32  3.52  3.22
STD DEV   1.66  1.58  1.82  1.78  1.50  1.36  1.33  1.45  1.51  1.45  1.59  1.47
SKEW      0.62  0.39  0.36  0.51  0.43  0.58  0.50  0.80  0.77  0.66  0.66  0.67
% SSE     3.14  4.08  4.43  4.20  3.85  3.99  3.68  4.04  4.34  3.82  3.66  2.57
MEAN      3.91  4.46  4.63  4.49  3.93  3.76  3.47  3.52  3.91  3.69  4.35  3.87
STD DEV   1.84  1.85  1.87  1.85  1.66  1.68  1.43  1.49  1.63  1.60  1.88  1.71
SKEW      0.61  0.35  0.34  0.37  0.46  0.60  0.58  0.62  0.53  0.61  0.59  0.54
% S       4.01  3.44  3.37  4.39  4.66  5.97  5.99  5.20  5.08  4.71  4.75  3.51
MEAN      3.42  3.61  3.95  3.97  3.36  3.21  2.94  2.93  3.35  2.98  3.56  3.28
STD DEV   1.70  1.66  1.94  1.96  1.55  1.49  1.33  1.41  1.62  1.44  1.98  1.64
SKEW      0.81  0.46  0.64  0.59  0.65  0.88  0.79  0.94  0.94  1.10  0.98  0.86
% SSW     7.81  5.93  5.58  7.26  6.38  7.74  8.37  6.54  7.10  6.28  7.52  6.48
MEAN      4.31  4.38  4.87  4.93  3.53  3.45  3.38  3.19  3.46  3.44  3.95  3.73
STD DEV   2.17  2.16  2.31  2.19  1.61  1.45  1.37  1.39  1.69  1.57  1.91  1.72
SKEW      0.72  0.65  0.64  0.58  0.76  0.54  0.52  0.73  0.90  0.80  0.65  0.85
% SW      8.33  7.47  6.63  8.21  7.80  9.40  9.46  8.57  7.86  7.90 10.71  9.96
MEAN      3.98  3.82  4.03  3.99  3.31  3.18  3.20  2.96  3.09  3.17  3.47  3.50
STD DEV   2.02  1.59  1.93  2.01  1.60  1.38  1.40  1.29  1.55  1.55  1.90  1.72
SKEW      0.79  0.32  0.45  0.82  0.95  0.61  0.62  0.80  1.00  0.92  1.38  0.98
% WSW     5.50  5.58  6.39  6.53  5.60  6.17  5.68  4.35  5.26  5.11  6.53  6.68
MEAN      4.96  5.40  5.09  4.95  4.05  3.77  3.67  3.36  3.63  4.02  4.55  4.73
STD DEV   2.50  2.84  2.39  2.29  1.93  1.62  1.61  1.50  1.66  1.90  2.13  2.10
SKEW      0.71  0.73  0.63  0.58  0.62  0.56  0.76  0.72  0.83  0.76  0.70  0.60
% W       7.61  7.93  8.44  7.96  6.88  6.76  6.42  5.83  5.41  6.42  9.01  9.60
MEAN      4.94  5.18  5.73  5.03  4.14  3.75  3.52  3.32  3.46  3.83  4.66  4.93
STD DEV   2.51  2.45  2.96  2.33  2.02  1.81  1.73  1.62  1.65  1.89  2.40  2.47
SKEW      0.90  0.65  0.70  0.60  0.82  0.71  0.78  0.87  0.77  0.80  0.81  0.91
% WNW    11.25 12.61 14.50 10.99  7.47  6.75  5.95  5.16  6.24  6.59 10.71 11.23
MEAN      6.03  6.66  6.97  5.92  4.93  4.64  4.22  3.97  4.44  4.69  5.67  5.67
STD DEV   2.70  2.72  3.04  2.38  2.16  1.99  1.83  1.73  2.04  2.21  2.43  2.39
SKEW      0.46  0.43  0.62  0.33  0.48  0.41  0.53  0.53  0.46  0.61  0.40  0.42
% NW     10.70  9.38 10.06  9.30  8.03  7.02  6.05  5.84  5.84  7.41  8.49  9.32
MEAN      5.21  5.27  5.27  5.05  4.42  4.01  3.54  3.55  3.87  4.19  4.83  4.84
STD DEV   2.37  2.49  2.35  2.17  1.96  1.94  1.61  1.60  1.82  2.03  2.15  2.37
SKEW      0.36  0.58  0.44  0.40  0.53  0.82  0.62  0.59  0.71  0.61  0.38  0.57
% NNW     4.06  4.18  4.28  4.16  3.91  2.90  2.84  3.12  3.38  3.62  3.01  3.15
MEAN      4.73  4.87  5.14  4.87  4.47  3.94  3.70  3.74  3.83  4.30  4.52  4.31
STD DEV   1.97  1.97  2.06  1.83  1.97  1.61  1.52  1.52  1.72  1.79  1.86  2.05
SKEW      0.35  0.23  0.38  0.23  0.34  0.30  0.48  0.44  0.55  0.28  0.27  0.47
CALM     14.95 13.52 10.37 10.89 16.72 20.71 25.11 25.66 24.99 23.12 18.18 17.59
FRONT ROYAL   VA    0.385  MARTINSBURG   WV    0.378  MORGANTOWN    WV    0.237
 ROWLESBURG 1 WV                         467785 0
 LATT=  39.35 LONG= -79.67 YEARS= 44. TYPE= 3
 ELEVATION = 1380. TP5 = 2.43 TP6= 4.44
 MEAN P   0.28  0.29  0.33  0.33  0.37  0.43  0.62  0.63  0.39  0.36  0.33  0.30
 S DEV P  0.31  0.29  0.36  0.31  0.40  0.44  3.90  3.68  0.40  0.42  0.37  0.35
 SQEW  P  1.90  2.33  2.54  1.61  2.56  1.85 22.58 20.91  2.09  3.40  3.76  2.57
 P(W/W)   0.56  0.58  0.56  0.61  0.56  0.51  0.49  0.49  0.44  0.51  0.55  0.60
 P(W/D)   0.42  0.35  0.37  0.35  0.32  0.30  0.33  0.28  0.25  0.24  0.35  0.41
 TMAX AV 39.21 42.49 51.79 63.27 73.28 80.32 83.23 82.24 76.38 65.79 53.57 42.39
 TMIN AV 20.20 21.67 28.37 37.44 46.88 55.12 59.98 59.11 52.32 40.76 31.95 23.98
 SD TMAX 12.65 12.46 13.32 12.51  9.47  7.09  5.59  5.72  8.13 10.43 12.24 12.16
 SD TMIN 11.92 11.67  9.61  9.01  8.64  7.08  5.85  5.98  8.00  8.95  9.25 10.83
 SOL.RAD  139.  220.  289.  388.  504.  531.  541.  462.  393.  259.  167.  126.
 SD SOL   48.3  54.0  76.5  90.6  86.2  90.8  80.0 154.9  74.2  52.4  45.5  43.5
 MX .5 P  0.34  0.26  0.48  0.57  0.98  0.95  1.47  1.62  0.95  0.76  0.32  0.25
 DEW PT  24.45 24.02 29.67 38.29 49.29 58.43 61.78 60.92 54.57 43.13 32.57 25.16
Time Pk  0.736 0.816 0.848 0.887 0.898 0.902 0.913 0.920 0.925 0.942 0.966 1.000
% N       3.26  2.84  3.07  3.60  4.03  3.44  3.29  3.97  3.03  3.98  2.36  2.03
MEAN      3.21  3.29  3.66  3.54  3.25  3.04  2.93  2.91  2.81  3.13  3.19  2.84
STD DEV   1.50  1.41  1.48  1.52  1.55  1.35  1.32  1.26  1.26  1.41  1.46  1.36
SKEW      0.50  0.24  0.29  0.59  0.60  0.62  0.89  0.50  0.78  0.72  0.48  0.97
% NNE     2.59  2.76  2.25  3.05  3.23  2.06  2.05  2.54  2.34  3.10  1.62  1.86
MEAN      3.20  3.23  3.40  3.61  3.17  2.86  2.79  2.82  2.99  3.16  3.43  3.24
STD DEV   1.33  1.38  1.43  1.55  1.41  1.21  1.24  1.24  1.44  1.38  1.31  1.49
SKEW      0.23  0.50  0.42  0.35  0.35  0.59  0.55  0.86  0.71  0.49  0.25  0.78
% NE      3.32  3.57  3.27  3.99  4.04  3.11  3.42  4.13  3.73  4.09  2.47  2.69
MEAN      2.67  2.49  2.68  2.93  2.54  2.56  2.43  2.49  2.43  2.65  2.83  2.57
STD DEV   1.26  1.05  1.21  1.38  1.24  1.17  1.09  1.14  1.07  1.26  1.42  1.43
SKEW      0.65  0.55  0.78  0.68  0.91  0.70  0.85  1.07  0.89  1.19  0.91  1.26
% ENE     1.42  1.51  1.75  1.57  2.05  1.57  1.54  1.91  1.76  1.69  0.93  1.05
MEAN      3.04  2.83  3.12  3.00  2.85  2.77  2.59  2.65  2.71  2.69  2.64  2.33
STD DEV   1.45  1.19  1.40  1.48  1.34  1.26  1.24  1.25  1.29  1.23  1.19  0.92
SKEW      0.80  0.58  0.47  0.88  0.47  0.72  0.62  0.99  0.63  0.95  0.69  0.74
% E       2.23  2.29  2.19  2.16  2.87  2.50  2.28  2.91  3.02  3.01  1.52  1.96
MEAN      2.71  2.96  3.27  3.13  2.97  2.79  2.77  2.57  2.45  2.81  2.33  2.94
STD DEV   1.38  1.43  1.63  1.44  1.54  1.38  1.49  1.36  1.16  1.46  1.19  1.58
SKEW      1.92  0.51  1.03  0.42  0.70  0.66  0.93  1.06  0.92  1.00  1.28  1.11
% ESE     1.70  2.14  2.78  2.49  2.39  2.85  2.11  2.53  2.67  2.91  1.62  2.27
MEAN      3.55  3.81  4.02  4.11  3.52  3.45  3.08  2.86  3.26  3.55  3.61  3.72
STD DEV   1.50  1.48  1.67  1.82  1.57  1.45  1.38  1.23  1.62  1.69  1.56  1.52
SKEW      0.84  0.70  0.37  0.41  0.33  0.66  0.56  0.50  0.83  0.59  0.92  0.35
% SE      3.40  4.15  4.47  3.96  3.65  4.31  3.54  4.29  4.45  4.49  3.59  3.71
MEAN      3.46  3.53  3.88  3.65  3.03  2.84  2.65  2.65  2.87  3.11  3.30  3.36
STD DEV   1.68  1.74  1.91  1.79  1.52  1.34  1.19  1.31  1.37  1.54  1.62  1.63
SKEW      0.73  0.72  0.39  0.51  0.65  0.75  0.71  0.91  0.88  0.79  0.83  0.80
% SSE     3.81  4.85  5.89  4.40  4.07  3.92  3.84  3.98  4.64  4.55  4.71  4.16
MEAN      4.08  4.15  4.63  4.02  3.37  3.24  2.82  2.71  3.23  3.44  4.33  4.11
STD DEV   2.01  1.81  1.93  1.87  1.52  1.65  1.19  1.18  1.44  1.66  2.16  1.88
SKEW      0.61  0.30  0.26  0.62  0.44  0.94  0.63  0.64  0.66  0.83  0.65  0.46
% S       4.98  4.99  5.01  4.50  4.64  5.76  5.84  4.67  5.65  4.43  5.72  5.29
MEAN      3.40  3.81  3.92  3.45  2.98  2.73  2.50  2.41  2.75  2.76  3.69  3.45
STD DEV   1.74  1.87  1.92  1.69  1.44  1.27  1.15  1.18  1.39  1.39  2.06  1.73
SKEW      0.75  0.46  0.58  0.73  0.68  0.88  0.82  0.95  1.05  1.20  0.97  0.76
% SSW    12.22  8.60  7.83  9.32  8.51 10.03 10.71  8.19  8.86  8.23 10.97  9.53
MEAN      4.08  4.15  4.45  4.30  3.40  3.15  3.01  2.75  3.04  3.13  4.08  3.83
STD DEV   1.89  1.92  2.15  1.91  1.65  1.38  1.35  1.27  1.53  1.43  1.88  1.79
SKEW      0.57  0.62  0.72  0.50  0.68  0.53  0.68  0.87  0.88  0.82  0.53  0.70
% SW     13.00 11.93  9.86 10.93  9.58 10.22  9.83  9.93 10.41 10.62 15.09 15.52
MEAN      4.30  4.27  4.26  4.09  3.29  3.13  2.99  2.75  2.94  3.37  3.85  3.99
STD DEV   2.07  1.96  2.01  1.97  1.69  1.53  1.43  1.35  1.50  1.77  1.92  1.89
SKEW      0.51  0.41  0.29  0.46  0.74  0.74  0.72  0.99  0.91  0.78  0.77  0.57
% WSW     8.36  8.11  8.90  8.01  5.73  5.42  5.14  4.05  4.50  4.72  8.38  9.40
MEAN      4.99  5.07  5.02  5.01  4.19  3.77  3.40  3.21  3.64  3.91  4.63  4.94
STD DEV   2.16  2.15  2.01  2.09  1.89  1.63  1.54  1.59  1.69  1.74  2.00  2.06
SKEW      0.44  0.27  0.21  0.17  0.26  0.27  0.61  0.77  0.48  0.33  0.35  0.36
% W       8.43  8.90  9.91  8.27  7.07  5.75  5.53  5.26  5.12  5.68  8.31  8.89
MEAN      4.59  4.66  5.17  4.73  4.07  3.56  3.25  3.01  3.42  3.50  4.39  4.62
STD DEV   2.15  2.14  2.27  2.17  1.95  1.81  1.56  1.49  1.71  1.80  2.08  2.22
SKEW      0.54  0.35  0.20  0.46  0.46  0.56  0.56  0.77  0.63  0.65  0.43  0.54
% WNW     8.71 10.00 11.12  9.77  6.91  6.23  5.10  5.03  4.97  5.41  8.30  8.10
MEAN      5.16  5.53  5.71  5.13  4.42  4.03  3.64  3.44  3.83  4.10  5.04  4.89
STD DEV   2.18  2.27  2.33  2.06  2.03  1.75  1.61  1.55  1.75  1.88  2.04  2.02
SKEW      0.25  0.29  0.18  0.14  0.45  0.41  0.67  0.58  0.32  0.42  0.25  0.28
% NW      7.76  7.83  7.97  7.84  7.57  6.56  5.76  5.86  5.55  6.88  5.95  6.82
MEAN      4.26  4.54  4.59  4.37  3.89  3.50  3.22  3.09  3.31  3.64  3.94  4.08
STD DEV   1.98  2.20  2.02  1.94  1.78  1.73  1.42  1.39  1.55  1.80  1.81  2.04
SKEW      0.39  0.61  0.34  0.32  0.61  0.83  0.57  0.69  0.65  0.75  0.42  0.56
% NNW     3.11  3.76  3.59  3.91  4.75  3.39  3.03  3.67  3.24  3.76  2.47  2.24
MEAN      4.09  4.15  4.37  4.34  4.01  3.55  3.14  3.36  3.50  3.76  3.72  3.57
STD DEV   1.69  1.62  1.83  1.65  1.83  1.61  1.37  1.35  1.52  1.61  1.56  1.66
SKEW      0.51  0.19  0.35  0.22  0.34  0.48  0.60  0.35  0.38  0.42  0.53  0.33
CALM     11.66 11.87 10.20 12.26 18.84 22.74 26.91 26.99 26.07 22.55 16.00 14.39
MORGANTOWN    WV    0.494  ELKINS        WV    0.361  FRONT ROYAL   VA    0.146
 SPRUCE KNOB WV                          468433 0
 LATT=  38.68 LONG= -79.52 YEARS= 38. TYPE= 3
 ELEVATION = 3050. TP5 = 2.51 TP6= 4.56
 MEAN P   0.22  0.23  0.26  0.27  0.32  0.35  0.30  0.31  0.36  0.32  0.25  0.24
 S DEV P  0.27  0.25  0.31  0.30  0.35  0.38  0.37  0.38  0.45  0.50  0.29  0.30
 SQEW  P  2.23  1.79  2.79  2.21  2.68  2.17  3.57  3.57  2.66  4.51  2.63  2.72
 P(W/W)   0.49  0.55  0.56  0.59  0.53  0.50  0.52  0.52  0.49  0.55  0.52  0.50
 P(W/D)   0.35  0.36  0.35  0.31  0.30  0.29  0.31  0.27  0.22  0.21  0.28  0.33
 TMAX AV 34.99 37.57 45.48 56.93 66.57 73.51 77.23 76.85 71.37 60.87 49.81 39.62
 TMIN AV 17.23 18.88 25.17 36.12 45.41 52.94 56.88 55.56 49.10 39.07 30.14 21.05
 SD TMAX 12.42 12.27 12.40 12.23  9.11  7.17  5.55  5.52  8.11 10.56 11.67 12.02
 SD TMIN 10.49 10.99 10.92 10.56  8.51  7.19  5.66  5.83  8.13  9.65 11.09 11.58
 SOL.RAD  148.  231.  305.  403.  520.  539.  550.  473.  405.  270.  178.  137.
 SD SOL   45.3  50.3  70.8  84.5  79.7  86.4  75.7 143.0  69.9  48.7  42.1  40.2
 MX .5 P  0.34  0.27  0.49  0.61  1.05  0.99  1.48  1.65  0.98  0.75  0.33  0.25
 DEW PT  25.31 25.08 30.68 39.25 50.36 59.08 62.53 61.65 55.36 43.65 33.02 25.79
Time Pk  0.737 0.824 0.851 0.884 0.894 0.902 0.911 0.919 0.924 0.941 0.964 1.000
% N       3.53  3.78  4.03  4.75  4.85  4.50  4.19  4.87  4.83  5.25  3.33  3.60
MEAN      3.12  3.24  3.52  3.55  3.41  3.23  3.01  2.94  2.97  3.13  2.90  3.16
STD DEV   1.39  1.46  1.64  1.57  1.59  1.44  1.36  1.27  1.33  1.36  1.26  1.53
SKEW      0.52  0.49  0.57  0.61  0.56  0.70  0.83  0.38  0.57  0.54  0.46  0.97
% NNE     2.33  2.62  2.56  2.96  2.98  2.76  2.47  3.10  3.57  3.41  2.12  2.41
MEAN      2.72  2.90  3.08  3.32  3.21  2.95  2.72  2.67  2.92  2.90  2.72  2.68
STD DEV   1.19  1.38  1.43  1.51  1.42  1.32  1.19  1.26  1.39  1.32  1.12  1.17
SKEW      0.31  0.64  0.49  0.44  0.41  0.44  0.36  0.88  0.64  0.60  0.37  0.48
% NE      2.84  3.60  2.86  3.10  4.00  2.87  2.92  3.33  3.78  3.51  2.34  2.35
MEAN      2.57  2.47  2.60  3.00  2.70  2.74  2.66  2.56  2.68  2.76  2.42  2.22
STD DEV   1.17  1.09  1.16  1.49  1.32  1.24  1.15  1.21  1.24  1.34  1.10  1.09
SKEW      0.59  0.58  0.43  0.90  0.74  0.44  0.57  0.81  0.57  0.89  1.13  1.12
% ENE     1.46  1.55  1.51  1.36  1.99  1.79  1.43  1.78  1.98  1.76  1.19  1.12
MEAN      2.40  2.38  2.60  2.69  2.80  2.83  2.59  2.77  2.67  2.66  2.57  2.35
STD DEV   1.05  0.97  1.00  1.35  1.31  1.38  1.26  1.28  1.21  1.37  1.16  0.98
SKEW      0.73  0.20  0.27  1.11  0.61  0.52  0.63  0.76  0.57  1.05  0.83  0.88
% E       1.74  1.88  1.74  1.90  2.51  2.35  2.06  2.43  2.56  2.35  1.67  1.59
MEAN      2.32  2.28  2.45  2.44  2.58  2.76  2.48  2.31  2.41  2.70  2.30  2.14
STD DEV   1.27  1.08  1.24  1.08  1.33  1.37  1.31  1.14  1.18  1.47  1.17  0.90
SKEW      2.55  0.88  1.71  0.65  0.90  1.01  1.02  1.09  1.02  1.10  1.57  1.29
% ESE     1.65  1.71  1.94  2.02  2.57  2.19  2.28  2.49  2.49  2.61  1.63  1.54
MEAN      2.46  2.59  2.98  3.16  2.80  2.73  2.62  2.43  2.73  2.90  2.46  2.17
STD DEV   1.47  1.20  1.51  1.71  1.46  1.31  1.32  1.07  1.42  1.64  1.30  0.88
SKEW      1.89  0.65  1.12  0.74  0.78  1.01  0.87  0.66  1.05  0.87  1.29  0.67
% SE      3.17  3.94  4.41  4.11  4.75  4.74  4.68  5.18  5.37  4.53  3.66  3.55
MEAN      2.65  2.96  3.43  3.28  2.84  2.63  2.52  2.49  2.72  2.73  2.84  2.79
STD DEV   1.41  1.64  1.89  1.62  1.49  1.25  1.20  1.22  1.40  1.53  1.49  1.47
SKEW      1.12  1.06  0.65  0.76  0.92  0.91  0.65  0.88  0.75  1.09  1.03  1.19
% SSE     4.55  6.05  6.85  5.91  5.34  5.01  4.94  4.95  5.08  4.63  5.72  5.07
MEAN      3.64  4.10  4.39  4.08  3.53  3.12  2.85  2.74  3.30  3.43  4.10  3.65
STD DEV   1.81  1.86  1.92  1.82  1.62  1.47  1.27  1.31  1.55  1.61  1.87  1.80
SKEW      0.80  0.49  0.60  0.56  0.57  0.86  0.46  0.67  0.54  0.40  0.51  0.76
% S       6.09  6.30  6.70  6.43  6.27  6.20  6.40  5.80  5.82  5.04  6.32  6.36
MEAN      3.36  3.63  3.98  3.86  3.30  2.92  2.70  2.66  2.93  2.99  3.60  3.43
STD DEV   1.66  1.68  1.92  1.74  1.58  1.34  1.22  1.26  1.39  1.44  1.77  1.68
SKEW      0.76  0.76  0.75  0.57  0.72  0.67  0.69  0.65  0.69  0.78  0.95  1.00
% SSW     6.97  5.67  5.92  6.89  5.31  5.40  6.12  4.75  4.62  4.32  6.05  5.96
MEAN      3.81  4.11  4.51  4.37  3.40  3.05  2.88  2.73  2.92  3.12  3.92  3.61
STD DEV   1.87  1.96  2.09  1.94  1.62  1.37  1.29  1.33  1.48  1.47  1.83  1.67
SKEW      0.57  0.67  0.47  0.41  0.69  0.51  0.53  0.64  0.90  0.76  0.56  0.64
% SW      7.18  6.10  5.59  5.82  5.75  7.00  7.61  6.49  5.59  5.12  6.56  7.25
MEAN      3.82  3.94  3.95  3.89  3.17  2.94  2.79  2.55  2.75  3.13  3.49  3.67
STD DEV   2.02  1.92  2.00  2.03  1.65  1.46  1.32  1.33  1.41  1.62  1.78  1.82
SKEW      0.81  0.56  0.53  0.58  0.78  0.87  0.69  1.02  0.87  0.88  0.94  0.79
% WSW     8.05  6.89  6.92  7.11  6.57  6.61  6.47  5.06  5.42  5.05  7.86  7.64
MEAN      4.79  4.84  4.86  5.00  4.26  3.73  3.36  3.12  3.38  3.56  4.43  4.48
STD DEV   2.23  2.30  2.18  2.14  1.99  1.78  1.58  1.59  1.66  1.76  2.02  2.01
SKEW      0.51  0.59  0.38  0.31  0.37  0.59  0.60  0.73  0.59  0.53  0.54  0.46
% W       8.50  8.63  8.56  7.97  7.42  6.69  6.05  5.60  4.88  6.31  8.41  8.71
MEAN      4.67  4.72  5.22  4.99  4.27  3.57  3.35  3.15  3.28  3.67  4.38  4.58
STD DEV   2.27  2.26  2.47  2.33  2.07  1.77  1.60  1.60  1.70  1.83  2.09  2.30
SKEW      0.61  0.37  0.47  0.57  0.47  0.54  0.53  0.71  0.71  0.51  0.55  0.49
% WNW    11.49 11.82 13.77 11.57  8.26  7.89  6.55  6.27  6.27  7.00 11.25 11.10
MEAN      5.42  5.71  5.86  5.36  4.54  3.96  3.76  3.41  3.73  4.25  5.04  5.20
STD DEV   2.41  2.41  2.50  2.22  2.04  1.82  1.74  1.57  1.79  2.11  2.27  2.29
SKEW      0.43  0.10  0.35  0.21  0.39  0.52  0.92  0.54  0.46  0.55  0.31  0.38
% NW     10.50 10.46  9.92 10.07  9.11  8.24  7.24  7.23  6.69  8.71  8.95  9.76
MEAN      4.44  4.69  4.78  4.56  4.02  3.60  3.20  3.24  3.30  3.87  4.34  4.38
STD DEV   2.14  2.24  2.18  2.03  1.87  1.75  1.51  1.52  1.61  1.81  2.06  2.17
SKEW      0.53  0.45  0.39  0.38  0.53  0.65  0.64  0.72  0.65  0.60  0.55  0.54
% NNW     4.01  4.51  4.58  4.93  5.60  4.68  4.31  4.37  4.15  4.73  3.73  3.66
MEAN      3.97  4.23  4.48  4.44  4.09  3.49  3.18  3.21  3.22  3.59  3.88  3.91
STD DEV   1.78  1.83  1.93  1.86  1.76  1.58  1.33  1.38  1.40  1.59  1.74  1.88
SKEW      0.50  0.39  0.44  0.32  0.29  0.53  0.40  0.42  0.38  0.58  0.41  0.57
CALM     15.97 14.50 12.14 13.16 16.68 21.01 24.28 26.38 26.79 25.68 19.31 18.30
ELKINS        WV    0.645  FRONT ROYAL   VA    0.200  LYNCHBURG     VA    0.155
 WEBSTER SPRINGS WV                      469333 0
 LATT=  38.48 LONG= -80.42 YEARS= 41. TYPE= 3
 ELEVATION = 1560. TP5 = 2.39 TP6= 4.43
 MEAN P   0.24  0.25  0.30  0.31  0.37  0.41  0.47  0.42  0.42  0.36  0.33  0.27
 S DEV P  0.26  0.27  0.33  0.30  0.37  0.43  0.56  0.51  0.49  0.43  0.43  0.29
 SQEW  P  1.98  1.99  2.25  1.77  1.73  2.03  3.10  2.61  1.99  3.35  4.93  2.11
 P(W/W)   0.54  0.50  0.52  0.54  0.51  0.48  0.51  0.49  0.47  0.48  0.49  0.52
 P(W/D)   0.37  0.35  0.34  0.34  0.30  0.31  0.32  0.27  0.25  0.22  0.30  0.33
 TMAX AV 43.08 47.01 56.16 67.54 76.26 82.05 84.59 82.92 77.39 68.28 56.23 46.42
 TMIN AV 22.32 24.13 30.79 39.34 47.86 55.55 60.01 59.13 52.67 41.63 32.95 25.89
 SD TMAX 12.67 12.25 12.76 11.60  8.42  6.15  4.98  5.22  7.27  9.38 11.74 11.88
 SD TMIN 12.84 12.26 10.57  9.65  8.54  6.89  5.58  5.69  7.98  9.62 10.40 11.38
 SOL.RAD  171.  239.  315.  432.  529.  579.  565.  500.  431.  276.  186.  147.
 SD SOL   40.1  49.3  69.0  76.8  77.5  74.9  71.8 133.3  63.9  48.4  41.4  38.9
 MX .5 P  0.35  0.28  0.58  0.48  0.77  1.12  1.56  1.71  0.76  0.67  0.37  0.27
 DEW PT  25.34 25.34 29.77 38.82 50.57 59.34 62.86 61.86 55.57 44.15 32.82 25.58
Time Pk  0.717 0.803 0.843 0.885 0.895 0.902 0.915 0.924 0.936 0.950 0.972 1.000
% N       3.00  3.94  3.92  4.77  4.97  4.36  3.97  4.81  4.37  4.63  2.69  2.74
MEAN      3.00  3.16  3.50  3.46  3.41  3.16  3.00  2.90  2.93  3.04  2.93  3.11
STD DEV   1.23  1.30  1.42  1.45  1.48  1.26  1.22  1.12  1.18  1.21  1.14  1.31
SKEW      0.88  0.71  0.75  0.75  0.80  0.69  0.92  0.62  0.81  0.94  0.72  0.90
% NNE     1.56  1.84  1.88  2.09  2.39  2.45  2.35  2.60  2.73  2.27  1.38  1.38
MEAN      2.71  2.69  2.97  3.12  3.03  2.85  2.71  2.66  2.86  2.70  2.55  2.51
STD DEV   0.93  1.11  1.22  1.31  1.22  1.14  1.06  1.08  1.26  1.12  1.02  0.95
SKEW      0.30  0.94  0.56  0.65  0.55  0.53  0.72  0.89  0.84  0.82  0.76  0.71
% NE      2.48  2.85  2.82  2.65  2.75  3.11  3.04  3.15  3.81  2.76  2.16  2.40
MEAN      2.38  2.38  2.56  2.70  2.61  2.60  2.44  2.42  2.49  2.47  2.25  2.22
STD DEV   0.85  0.90  0.98  1.12  1.13  1.03  0.91  0.98  1.02  1.06  0.82  0.83
SKEW      0.55  0.71  0.54  0.82  0.90  0.74  0.93  1.00  0.93  1.21  1.08  1.05
% ENE     1.39  1.49  1.48  1.37  1.60  1.64  1.83  1.91  2.23  1.72  1.42  1.30
MEAN      2.26  2.08  2.28  2.49  2.46  2.39  2.50  2.30  2.26  2.30  2.28  2.19
STD DEV   0.79  0.67  0.81  1.05  1.00  0.97  1.09  0.89  0.90  1.01  0.84  0.81
SKEW      0.78  0.79  0.68  1.28  0.90  0.80  1.02  1.01  1.12  1.59  1.12  1.12
% E       1.75  1.72  1.84  1.88  2.37  2.65  2.64  2.69  3.30  2.82  1.95  1.87
MEAN      2.40  2.26  2.45  2.54  2.51  2.62  2.41  2.38  2.34  2.59  2.35  2.24
STD DEV   1.16  0.88  1.07  1.13  1.08  1.25  1.05  1.06  1.00  1.21  1.01  0.78
SKEW      2.23  1.14  1.64  1.02  1.02  1.35  1.16  1.29  1.37  1.43  1.47  1.24
% ESE     1.96  2.09  2.12  1.82  2.38  2.72  2.64  2.70  3.40  3.53  2.16  2.11
MEAN      2.95  3.09  3.44  3.33  3.06  2.84  2.75  2.44  2.93  3.24  2.90  2.83
STD DEV   1.58  1.45  1.87  1.80  1.52  1.36  1.43  0.98  1.38  1.65  1.49  1.18
SKEW      2.00  0.89  1.21  1.00  0.95  1.32  1.40  0.96  1.05  0.96  1.28  0.80
% SE      4.45  4.77  5.69  4.76  5.80  5.46  4.90  5.51  7.23  6.93  5.20  5.20
MEAN      3.61  3.82  4.17  3.97  3.48  3.01  2.76  2.71  3.09  3.40  3.56  3.79
STD DEV   1.67  1.77  1.99  1.84  1.57  1.33  1.21  1.19  1.40  1.61  1.64  1.69
SKEW      0.98  0.91  0.77  0.75  0.85  0.93  1.03  1.16  0.88  0.93  0.90  1.03
% SSE     5.64  6.23  7.09  6.64  6.05  5.52  5.49  5.27  6.70  6.30  6.91  6.90
MEAN      4.32  4.46  4.73  4.37  3.85  3.21  3.03  2.82  3.43  3.73  4.37  4.25
STD DEV   1.90  1.88  1.94  1.84  1.62  1.40  1.21  1.17  1.49  1.64  1.91  1.84
SKEW      0.68  0.34  0.35  0.55  0.60  0.86  0.70  0.76  0.73  0.72  0.42  0.65
% S       7.03  6.90  8.16  7.94  7.75  8.22  8.34  7.96  7.56  6.31  7.64  7.67
MEAN      3.69  3.88  4.16  3.90  3.31  2.87  2.71  2.69  2.90  3.10  3.67  3.73
STD DEV   1.64  1.70  1.88  1.61  1.48  1.15  1.13  1.09  1.26  1.39  1.68  1.58
SKEW      0.78  0.83  0.85  0.69  0.91  0.90  1.01  0.91  0.87  0.92  0.92  0.78
% SSW     5.25  4.97  5.09  5.70  5.09  5.22  5.60  4.87  4.19  3.92  5.13  5.28
MEAN      3.90  4.11  4.34  4.01  3.46  3.07  2.89  2.78  2.99  3.15  3.93  3.94
STD DEV   1.79  1.74  1.87  1.75  1.62  1.33  1.23  1.19  1.35  1.38  1.72  1.76
SKEW      0.70  0.63  0.47  0.60  0.90  0.85  0.88  0.90  1.01  0.85  0.73  0.96
% SW      8.26  7.45  6.73  6.99  7.51  7.65  8.30  6.85  5.58  5.97  7.93  8.73
MEAN      4.29  4.43  4.51  4.30  3.65  3.32  3.11  2.96  3.14  3.57  4.02  4.21
STD DEV   1.88  1.97  2.15  2.02  1.73  1.43  1.32  1.26  1.38  1.69  1.73  1.80
SKEW      0.60  0.58  0.70  0.62  0.82  0.83  0.76  0.79  0.75  0.83  0.61  0.63
% WSW    10.17  8.64  8.35  8.52  7.17  7.28  6.94  5.60  5.02  5.51  8.98  9.12
MEAN      4.99  5.05  5.16  5.23  4.45  3.97  3.59  3.50  3.74  3.92  4.78  4.93
STD DEV   2.05  2.09  2.13  2.14  1.91  1.68  1.50  1.55  1.64  1.78  2.01  2.08
SKEW      0.44  0.44  0.38  0.33  0.57  0.43  0.58  0.67  0.61  0.53  0.43  0.58
% W      10.38 10.25 10.37  9.15  8.10  6.51  5.78  5.25  4.52  6.31  8.70  9.18
MEAN      5.10  5.12  5.40  5.21  4.56  3.86  3.59  3.35  3.55  4.01  4.79  4.88
STD DEV   2.19  2.17  2.27  2.22  2.00  1.70  1.48  1.44  1.61  1.85  2.07  2.06
SKEW      0.49  0.31  0.41  0.43  0.42  0.49  0.47  0.64  0.67  0.61  0.41  0.37
% WNW    10.40 10.98 11.08  9.51  7.12  5.85  5.17  4.80  4.47  6.14  9.58  9.78
MEAN      5.13  5.37  5.39  5.20  4.51  3.93  3.75  3.53  3.69  4.18  4.89  5.05
STD DEV   2.07  2.02  2.18  2.06  1.90  1.71  1.61  1.44  1.58  1.80  2.01  2.03
SKEW      0.50  0.11  0.46  0.31  0.58  0.63  0.86  0.67  0.60  0.45  0.46  0.46
% NW      8.17  8.58  8.25  8.52  7.12  6.08  5.31  5.78  5.20  6.90  7.03  7.74
MEAN      4.32  4.48  4.56  4.50  3.97  3.53  3.25  3.18  3.29  3.77  4.15  4.31
STD DEV   1.85  1.87  1.91  1.84  1.68  1.57  1.36  1.30  1.38  1.64  1.81  1.85
SKEW      0.63  0.44  0.59  0.40  0.59  0.84  0.70  0.88  0.72  0.68  0.58  0.58
% NNW     3.82  4.50  4.50  5.18  5.55  4.40  4.23  4.38  4.31  4.73  3.57  3.30
MEAN      3.81  3.99  4.10  4.17  3.86  3.44  3.15  3.15  3.22  3.51  3.62  3.65
STD DEV   1.63  1.64  1.67  1.72  1.58  1.41  1.19  1.19  1.26  1.45  1.57  1.49
SKEW      0.72  0.49  0.50  0.53  0.68  0.65  0.46  0.54  0.73  0.71  0.74  0.60
CALM     14.26 12.84 10.65 12.58 16.32 20.84 23.43 25.98 25.29 23.27 17.50 15.23
ELKINS        WV    0.431  BECKLEY       WV    0.292  CHARLESTON    WV    0.278
