1.2809991742264062 1.8169039112444794 0.38803322332003937 0.0867872078678058
1.8731035336879167 1.61028711254727 0.9127632030939784 0.021120288927902214
1.28238597982604 1.974160455768403 0.1707123050635445 0.03263267688814723
1.9329562336772759 2.0309184353011855 0.8270856371558328 0.009978178073513786
1.3681626104114437 2.0174252146800074 0.04852313426773758 0.08226059654631084
1.4843436064933966 1.7895931335988067 0.23026050094322206 0.042415246738167336
1.2997312525119304 1.8118794902622208 0.3845091864548799 0.07316046903132813
1.8731276680285407 1.5979403679545392 0.9123602613521992 0.016907895783781803
1.2564396242204798 2.1781142733863375 0.4061551620068251 0.03174144067947991
1.3458692911861527 1.7693993829237882 0.4825152534971003 0.038456732471333535
1.2879285686426247 1.893854504733385 0.09643315877062456 0.038762478822592136
1.8751422630912595 1.6485406416536965 0.7714901870249663 0.02597629989560195
1.4935892087415334 1.7845509514850757 0.3378340043001663 0.044380658245875
1.52548199700791 1.8278317478096158 0.16859709281564228 0.042439062313975366
1.245518368425495 1.7984022643998532 0.15975411864225642 0.09182398709310469
1.616305723750574 3.761717409971144 0.060157586775755056 0.04270477396777219
1.325276896970954 1.7206853757487472 0.4227803348490882 0.14634215846982704
1.4268659449012793 4.763390523334086 0.06030888999164924 0.04053580695378224
1.3844350083766077 1.7494751551685215 0.49772568140426804 0.03952803237681059
1.7449835400610114 1.647257960999877 0.2719462771770134 0.03887738541311472
1.2561048452208394 1.8303691087409162 0.13309821327584487 0.048488562297045956
1.5323828304929155 1.6123104406112339 0.5495981219711064 0.0741511924083663
1.3254414744359342 2.0337927901791133 0.611864252770262 0.010052000372736026
1.3027621965415013 1.9022860629057374 0.07312653809759441 0.23997507483686545
1.2462259517994483 2.1899012446910833 0.4115863655239377 0.012218705634091082
1.4201981048956214 1.6786582517652584 0.6306656452247624 0.016886017971145816
1.2976347207137215 1.780811712248802 0.391434759082722 0.09050449919238848
1.322723432185032 1.6897972116155247 0.6148146576194419 0.09905124283804974
1.3683217358204873 1.7537628967819012 0.49130795767172214 0.041323381084319565
1.370079585171844 1.552845090402947 0.5589091731814879 0.07867169597404554
1.3404137526098572 1.7335995072742858 0.39560507393782574 0.12610568629228358
1.304683357744125 1.7239885029426545 0.48625277644706244 0.17044082635666358
1.2476939772681739 1.895119378956699 0.16845926947872503 0.07513344455079249
1.442779678831535 1.7334786040324799 0.2657555938652628 0.04934952677210575
1.3554669970564877 1.7905371828049872 0.2763840793300427 0.2987580954168427
1.3790971801665506 1.6622480922202298 0.47416479718982524 0.04171218290607982
1.321250422234612 1.7387515745860624 0.600472818896755 0.01881736146156571
1.298620390024845 1.7704680130061639 0.6084152188099161 0.054131678648560964
1.3098206477344654 1.728808336766145 0.6059907908981869 0.024692235781515554
1.3488929865241512 1.7722922886278676 0.3940894512999095 0.019072329731224413
1.335362233944528 1.701775884632395 0.3996066815502724 0.0472347504283792
1.3649889384707516 1.6458988110563388 0.6417410254623658 0.20470572368787882
1.2873195797732973 1.673284945998203 0.5152261773501348 0.11066357089005381
1.449483842814142 1.7290662353807746 0.2254790479490619 0.0737870335435833
1.4208232430221837 1.7316115348690369 0.39374340229454985 0.08750663397706926
1.8564252737064513 1.6250916361148022 0.9004999833695566 0.01839617215107096
1.3303007674680734 1.6642222162752067 0.5115934962571926 0.1614001052108761
1.3088041588057069 1.7385021327974544 0.6059907908981869 0.01865425529357984
1.282625977905703 1.8373902234878303 0.3940382496743044 0.021133120564677726
1.3409340755482184 1.8909475501518604 0.009006306669348487 0.09606021776717963
1.3305533977307213 1.6682331947907387 0.439865245547273 0.25711525374986055
1.2968022154945722 1.7548758362333103 0.3969647713586791 0.13203883695708185
1.3057303781476386 1.71844383012306 0.39295366907605445 0.2231906287600091
1.3281231372096192 1.9161919467564765 0.17401765051115622 0.03683050474156103
1.382938690673999 1.6286796689814391 0.41940986049829887 0.09226817039636716
1.4613738990069387 1.7583548570918917 0.21460110317738856 0.045836648560717036
1.2551414005952546 1.9211551557677546 0.11477833624325527 0.04320620808545953
1.5008265346387653 1.76194106007783 0.18934088610801672 0.04202825792593353
1.324900326187139 1.6566153633371166 0.46528375382644 0.23185968189915326
1.3171106959948562 1.6688283241300959 0.432722516727498 0.1740639915531527
1.2936912632166946 1.7563866232142502 0.605330757559517 0.08450565636147651
1.356429947114986 1.8060934736201844 0.33094387961374433 0.02082771258770817
1.3074529484027686 1.866180652889297 0.06720170569421662 0.08968744477378038
1.2982125470836483 1.8126617794021298 0.315222748641315 0.07605961412904165
1.2897326824759205 1.6730376813976695 0.5151043548746148 0.11625352304269272
1.3200841638269645 1.7911896162058147 0.394615813461654 0.05394469474389835
1.3478065818941989 1.9986476839993887 0.07434997983277324 0.02779758357705925
1.493792119736963 1.8249028616658682 0.15715343648481986 0.04795911944025482
1.8992550181644012 1.6154484759921812 0.2274234351241569 0.03097439051720843
1.8190962477966597 1.5959799802851158 0.17432834643806042 0.033282485675411096
1.3378244760778417 1.9158786208447132 0.1519153902720198 0.017279859222376154
1.8722707037258106 1.5856612547551792 0.7557709256776948 0.05977555289620855
1.4024895963555077 1.7357324271160346 0.1497035415665873 0.20179420898445116
1.296716054079376 1.7886208541956334 0.6140728383487386 0.030245763463214555
1.3087544417826174 1.7909100402168994 0.1239004051484629 0.2645763885973615
1.2730063807630738 1.8253332999144767 0.15723845892685162 0.08961019755142918
1.5333292960492966 1.7588894296244522 0.40309516798571804 0.03645927153833775
1.3684638066501076 1.7986196826749832 0.34557761237068835 0.04018960947893161
1.3845570026789222 1.658203565682646 0.4815658192204778 0.020722135007849293
1.2649121076198317 1.8497138652525953 0.28862260751151464 0.01842829587545267
1.3416554932996838 1.6871536121541213 0.467115274116305 0.12477760060586646
1.835615764640726 1.5926979217627957 0.9117232604580845 0.025349208192190307
1.946980909800512 2.0253477620522333 1.0053397833947546 0.0055502887063308285
1.3760263962906512 1.9846803106761721 0.3019061890817469 0.012017368420097103
1.2806225039419066 2.19333321610695 0.26339309493552343 0.030648853045367096
1.2829387343524108 1.8916037068061204 0.26960579459623435 0.04178656043349991
1.4078744662259801 2.6813266845425177 0.07451872084474115 0.018204946956765118
1.5092554320130551 14.141214383793397 0.04011705030843063 0.06769058927227614
1.4365125256487428 11.51394496215026 0.038480393947802574 0.08770130595530928
1.3577075005849462 3.162691785014714 0.11067625544730864 0.023395635523091547
1.3449116170393929 3.8226261353106494 0.10014080658878563 0.004489905697354817
1.9077997871492347 3.288498845763934 0.5104852021912761 0.006472693289823643
