 10 CHITINA         
     5   2.650   1.430    .225    .763    .012    .368  -9.999    .084  -9.999
    11   2.650   1.040    .209    .742    .049    .499  -9.999    .203  -9.999
    17   2.650    .940    .217    .765    .018    .383    .572    .150  -9.999
    36   2.650   1.100    .231    .756    .013    .295    .480    .107  -9.999
    46   2.650   1.130    .479    .508    .013    .240    .447    .081  -9.999
    76   2.650   1.070    .427    .546    .027    .266    .459    .128  -9.999
    84   2.650   1.030    .441    .538    .021    .291    .513    .090  -9.999
    91   2.650   1.390    .340    .589    .071    .256    .414    .086  -9.999
   125   2.650   1.490    .394    .560    .046    .204    .381    .049  -9.999
   145   2.650   1.420    .441    .343    .216  -9.999  -9.999    .097  -9.999
  4 CHITINA         
    10   2.650   1.320    .137    .844    .019  -9.999  -9.999    .216  -9.999
    48   2.650   1.280    .424    .551    .025    .189  -9.999    .070  -9.999
    58   2.650    .950    .299    .661    .040    .305  -9.999    .134  -9.999
    79   2.650   1.440    .527    .457    .016    .164  -9.999    .053  -9.999
  8 GAKONA          
     3   2.650    .970    .093    .850    .057    .261  -9.999    .115  -9.999
    13   2.650   1.260    .146    .750    .104    .239  -9.999    .110  -9.999
    25   2.650   1.580    .233    .417    .350    .270  -9.999    .199  -9.999
    43   2.650   1.550    .075    .266    .659    .355  -9.999    .307  -9.999
    78   2.650   1.530    .022    .229    .749    .384  -9.999    .329  -9.999
   114   2.650   1.510    .015    .171    .814    .429  -9.999    .365  -9.999
   129   2.650   1.320    .148    .658    .194  -9.999  -9.999    .096  -9.999
   160   2.650   1.550    .004    .679    .317    .384  -9.999    .192  -9.999
  2 GULKANA         
   108   2.650   1.490    .867    .117    .016  -9.999  -9.999    .037  -9.999
   160   2.650   1.490    .967    .029    .004  -9.999  -9.999    .018  -9.999
  1 KACHEMAK        
   140   2.650   1.330    .529    .420    .051    .350  -9.999    .129  -9.999
  1 KACHEMAK        
   110   2.650   1.320    .191    .659    .150    .385  -9.999    .137  -9.999
  1 KACHEMAK        
   100   2.650   1.320    .193    .634    .173    .417  -9.999    .182  -9.999
  8 KENNY LAKE      
     7   2.650   1.320    .109    .868    .023  -9.999  -9.999    .249  -9.999
    14   2.650   1.230    .139    .823    .038    .288  -9.999    .106  -9.999
    29   2.650   1.440    .281    .674    .045    .238  -9.999    .084  -9.999
    50   2.650   1.690    .282    .640    .078    .218  -9.999    .091  -9.999
    67   2.650   1.760    .411    .171    .418    .312  -9.999    .224  -9.999
    95   2.650   1.440    .017    .295    .688    .410  -9.999    .340  -9.999
   130   2.650   1.460    .044    .398    .558    .397  -9.999    .317  -9.999
   165   2.650   1.500    .011    .230    .759    .426  -9.999    .360  -9.999
  3 KLAWASI         
    15   2.650   1.390    .142    .399    .459    .382  -9.999    .240  -9.999
    31   2.650   1.560    .058    .353    .589    .409  -9.999    .357  -9.999
    37   2.650   1.390    .060    .303    .637  -9.999  -9.999    .318  -9.999
  6 KLUTINA         
    38   2.650   1.400    .844    .144    .012    .071  -9.999    .042  -9.999
    61   2.650   1.470    .577    .382    .041    .196  -9.999    .057  -9.999
    91   2.650   1.490    .985    .015    .000  -9.999  -9.999    .015  -9.999
    96   2.650   1.450    .715    .265    .020  -9.999  -9.999    .048  -9.999
   122   2.650   1.490    .986    .014    .000  -9.999  -9.999    .013  -9.999
   163   2.650   1.490    .988    .012    .000  -9.999  -9.999    .013  -9.999
  4 KLUTINA         
     8   2.650    .940    .312    .654    .034    .243  -9.999    .072  -9.999
    16   2.650   1.280    .444    .490    .066    .205  -9.999    .074  -9.999
    38   2.650   1.440    .558    .405    .037    .153  -9.999    .052  -9.999
    57   2.650   1.390    .278    .657    .065    .235  -9.999    .061  -9.999
  1 PUNTILLA        
   152   2.650   1.320    .180    .726    .094    .244  -9.999  -9.999  -9.999
  1 REMEDIOS        
   100   2.650   1.450    .580    .344    .076  -9.999  -9.999    .162  -9.999
  6 TANANA          
    20   2.650   1.320    .143    .718    .139  -9.999  -9.999    .143   7.200
    28   2.650   1.320    .058    .816    .126  -9.999  -9.999    .099   7.900
    55   2.650   1.320    .058    .829    .113  -9.999  -9.999    .091   8.100
    86   2.650   1.490    .071    .828    .101    .162  -9.999    .089  -9.999
   129   2.650   1.320    .145    .800    .055  -9.999  -9.999    .059  -9.999
   152   2.650   1.320    .196    .747    .057  -9.999  -9.999    .061  -9.999
  6 TONSINA         
     4   2.650   1.040    .219    .730    .051    .212  -9.999    .095  -9.999
    38   2.650   1.550    .192    .747    .061    .236  -9.999    .099  -9.999
    47   2.650   1.450    .487    .452    .061  -9.999  -9.999    .067  -9.999
    88   2.650   1.950    .502    .458    .040    .154  -9.999    .058  -9.999
   132   2.650   1.830    .508    .447    .045    .178  -9.999    .051  -9.999
   165   2.650   1.890    .465    .519    .016    .168  -9.999    .032  -9.999
  9 TSIRKU          
    10   2.650   1.490    .787    .201    .012  -9.999  -9.999    .034  -9.999
    18   2.650   1.440    .163    .816    .021    .338  -9.999    .048  -9.999
    23   2.650   1.490    .903    .093    .004  -9.999  -9.999    .021  -9.999
    28   2.650   1.320    .072    .666    .262  -9.999  -9.999    .260  -9.999
    38   2.650   1.180    .061    .902    .037    .319  -9.999    .050  -9.999
    43   2.650   1.320    .301    .514    .185  -9.999  -9.999    .364  -9.999
    69   2.650   1.460    .713    .275    .012    .274  -9.999    .028  -9.999
   104   2.650   1.500    .509    .458    .033    .085  -9.999    .041  -9.999
   127   2.650   1.490    .757    .235    .008  -9.999  -9.999    .033  -9.999
