  1 BIRMINGHAM      
    74   2.650   1.420    .403    .281    .316  -9.999  -9.999  -9.999  -9.999
  3 HANCEVILLE      
    18   2.650   1.450    .544    .304    .152  -9.999  -9.999  -9.999  -9.999
    94   2.650   1.390    .290    .276    .434  -9.999  -9.999  -9.999  -9.999
   165   2.650   1.390    .310    .215    .475  -9.999  -9.999  -9.999  -9.999
  1 LUCY            
    13   2.650   1.490    .867    .108    .025  -9.999  -9.999    .070   6.500
  6 MAYTAG          
     8   2.650   1.380    .092    .429    .479  -9.999  -9.999    .235  -9.999
    18   2.650   1.380    .073    .440    .487  -9.999  -9.999    .250  -9.999
    43   2.650   1.380    .034    .468    .498  -9.999  -9.999    .293  -9.999
    79   2.650   1.380    .021    .425    .554  -9.999  -9.999    .302  -9.999
   135   2.650   1.390    .032    .311    .657  -9.999  -9.999    .361  -9.999
   165   2.650   1.390    .011    .285    .704  -9.999  -9.999    .392  -9.999
  5 MAYTAG          
    13   2.650   1.420    .261    .379    .360  -9.999  -9.999    .207  -9.999
    28   2.650   1.380    .049    .485    .466  -9.999  -9.999    .236  -9.999
    76   2.650   1.380    .051    .454    .495  -9.999  -9.999    .266  -9.999
   142   2.650   1.390    .016    .378    .606  -9.999  -9.999    .322  -9.999
   165   2.650   1.390    .025    .303    .672  -9.999  -9.999    .386  -9.999
  3 OKIBBEHA        
   114   2.650   1.380    .069    .485    .446  -9.999  -9.999    .246  -9.999
   170   2.650   1.380    .078    .419    .503  -9.999  -9.999    .275  -9.999
   203   2.650   1.390    .158    .328    .514  -9.999  -9.999    .307  -9.999
