  6 AJO             
     5   2.650   1.320    .333    .504    .163    .234  -9.999    .107   7.800
    20   2.650   1.420    .427    .387    .186    .233  -9.999    .136   7.400
    43   2.650   1.390    .371    .187    .442    .359  -9.999    .215   7.400
    64   2.650   1.390    .398    .162    .440  -9.999  -9.999    .234   7.400
    76   2.650   1.600    .587    .185    .228    .368  -9.999    .186   7.400
    89   2.650   2.250    .759    .196    .045    .090  -9.999    .072   7.800
  6 AKINVILLE       
     5   2.650   1.320    .342    .592    .066  -9.999  -9.999    .066   7.700
    25   2.650   1.420    .498    .408    .094  -9.999  -9.999    .082   7.800
    46   2.650   1.420    .497    .394    .109  -9.999  -9.999    .082   7.800
    81   2.650   1.450    .561    .326    .113  -9.999  -9.999    .078   7.700
   122   2.650   1.450    .592    .334    .074  -9.999  -9.999    .045   7.900
   162   2.650   1.450    .736    .206    .058  -9.999  -9.999    .058   7.200
  6 ANTHO           
     8   2.650   1.370    .633    .310    .057    .241  -9.999    .058   8.000
    36   2.650   1.250    .457    .431    .112    .346  -9.999    .075  -9.999
    69   2.650   1.450    .650    .283    .067  -9.999  -9.999    .068  -9.999
    89   2.650   1.490    .928    .058    .014  -9.999  -9.999    .031  -9.999
   132   2.650   1.210    .706    .252    .042    .230  -9.999    .039  -9.999
   165   2.650   1.490    .948    .033    .019  -9.999  -9.999    .031  -9.999
  8 ARNTZ           
     5   2.650   1.560    .786    .116    .098    .115  -9.999    .062   7.600
    15   2.650   1.570    .804    .088    .108    .079  -9.999    .064  -9.999
    30   2.650   1.520    .646    .167    .187    .213  -9.999    .109  -9.999
    69   2.650   1.280    .561    .300    .139    .219  -9.999    .101   7.500
    81   2.650   1.420    .498    .353    .149  -9.999  -9.999    .102   7.500
   107   2.650   1.420    .480    .394    .126  -9.999  -9.999    .095   7.600
   140   2.650   1.420    .460    .423    .117  -9.999  -9.999    .102   7.700
   178   2.650   1.830    .483    .359    .158    .309  -9.999    .154   7.600
 10 ARNTZ           
     3   2.650   1.520    .485    .407    .108    .255  -9.999    .079   7.600
    10   2.650   1.570    .370    .445    .185    .201  -9.999    .122   7.800
    18   2.650   1.450    .181    .551    .268    .254  -9.999    .160   7.800
    30   2.650   1.320    .215    .570    .215  -9.999  -9.999    .123   7.900
    51   2.650   1.360    .385    .531    .084    .277  -9.999    .087   7.700
    71   2.650   1.320    .410    .518    .072  -9.999  -9.999    .081   7.700
    99   2.650   1.420    .406    .512    .082    .246  -9.999    .099   7.700
   124   2.650   1.320    .340    .570    .090  -9.999  -9.999    .061   7.700
   132   2.650   1.520    .327    .569    .104    .222  -9.999    .096   7.800
   160   2.650   1.320    .257    .658    .085    .095  -9.999    .088   7.900
  9 BARX            
     8   2.650   1.730    .927    .045    .028    .163  -9.999    .038  -9.999
    15   2.650   1.700    .854    .092    .054    .082  -9.999    .046  -9.999
    25   2.650   1.720    .740    .097    .163    .153  -9.999    .095  -9.999
    38   2.650   1.600    .690    .091    .219  -9.999  -9.999    .125  -9.999
    56   2.650   1.770    .642    .130    .228    .227  -9.999    .152  -9.999
    86   2.650   1.810    .671    .156    .173    .203  -9.999    .118  -9.999
   109   2.650   1.450    .622    .239    .139  -9.999  -9.999    .084  -9.999
   135   2.650   1.690    .784    .128    .088    .105  -9.999    .064  -9.999
   178   2.650   1.490    .819    .094    .087  -9.999  -9.999    .057  -9.999
  2 BRUNSWICK       
    33   2.650   1.600    .585    .213    .202  -9.999  -9.999    .214   8.100
    61   2.650   1.450    .640    .176    .184  -9.999  -9.999    .177   8.300
  2 BURNSWICK       
    30   2.650   1.640    .538    .212    .250    .235  -9.999    .159  -9.999
    88   2.650   1.620    .508    .271    .221    .334  -9.999    .159   8.000
  2 BURNSWICK       
    30   2.650   1.450    .695    .132    .173  -9.999  -9.999    .125  -9.999
    51   2.650   1.600    .637    .156    .207  -9.999  -9.999    .165   8.200
  8 CARRIZO         
    12   2.650   1.490    .927    .045    .028  -9.999  -9.999    .063  -9.999
    25   2.650   2.200    .937    .035    .028    .143  -9.999    .031  -9.999
    40   2.650   1.490    .950    .030    .020  -9.999  -9.999    .015  -9.999
    70   2.650   1.490    .949    .031    .020  -9.999  -9.999    .022  -9.999
    90   2.650   1.980    .950    .022    .028    .202  -9.999    .026  -9.999
   113   2.650   1.490    .952    .020    .028  -9.999  -9.999    .022  -9.999
   139   2.650   1.450    .772    .081    .147  -9.999  -9.999    .052  -9.999
   162   2.650   1.420    .514    .324    .162    .081  -9.999    .109  -9.999
  5 CARRIZO         
    13   2.650   1.490    .938    .037    .025  -9.999  -9.999    .022  -9.999
    56   2.650   1.490    .911    .047    .042  -9.999  -9.999    .033  -9.999
    94   2.650   1.490    .907    .049    .044  -9.999  -9.999    .033  -9.999
   132   2.650   1.490    .901    .049    .050  -9.999  -9.999    .039  -9.999
   152   2.650   1.490    .880    .064    .056  -9.999  -9.999    .040  -9.999
  9 CASA GRANDE     
     3   2.650   1.420    .395    .458    .147  -9.999  -9.999    .122   7.300
    15   2.650   1.690    .480    .375    .145    .232  -9.999    .118  -9.999
    28   2.650   1.450    .522    .322    .156  -9.999  -9.999    .103  -9.999
    51   2.650   1.530    .539    .296    .165    .188  -9.999    .104  -9.999
    64   2.650   1.750    .465    .298    .237    .301  -9.999    .180   8.600
    91   2.650   1.600    .469    .279    .252  -9.999  -9.999    .181   9.000
   112   2.650   1.580    .496    .293    .211    .357  -9.999    .191   9.200
   140   2.650   1.420    .477    .334    .189  -9.999  -9.999    .176   9.100
   165   2.650   1.740    .512    .407    .081    .298  -9.999    .244   8.800
  8 CASA GRANDE     
     5   2.650   1.690    .506    .390    .104    .198  -9.999    .112   7.500
    23   2.650   1.790    .590    .301    .109    .174  -9.999    .095  -9.999
    38   2.650   1.450    .565    .237    .198  -9.999  -9.999    .104   8.200
    53   2.650   1.760    .555    .205    .240    .183  -9.999    .176   8.200
    76   2.650   1.600    .569    .207    .224  -9.999  -9.999    .160   8.100
   109   2.650   1.660    .609    .186    .205    .207  -9.999    .138   8.100
   132   2.650   1.450    .684    .137    .179  -9.999  -9.999    .128   8.100
   152   2.650   1.490    .839    .053    .108    .256  -9.999    .088   8.100
  7 CASA GRANDE VAR 
    18   2.650   1.750    .621    .260    .119    .203  -9.999    .114   7.900
    41   2.650   1.610    .617    .260    .123    .201  -9.999    .106   7.900
    69   2.650   1.620    .591    .267    .142    .209  -9.999    .107   8.100
    91   2.650   1.630    .497    .326    .177    .295  -9.999    .140   8.000
   127   2.650   1.910    .546    .261    .193    .237  -9.999    .143   8.100
   152   2.650   1.450    .573    .236    .191  -9.999  -9.999    .117   8.100
   183   2.650   1.450    .572    .260    .168  -9.999  -9.999    .128   8.200
  8 CERRILLOS       
     5   2.650   1.620    .839    .095    .066    .118  -9.999    .055  -9.999
    23   2.650   1.670    .719    .110    .171    .130  -9.999    .105  -9.999
    46   2.650   1.600    .488    .238    .274  -9.999  -9.999    .139   7.700
    69   2.650   1.760    .275    .404    .321    .243  -9.999    .158   8.200
    94   2.650   1.420    .369    .388    .243  -9.999  -9.999    .118   8.300
   124   2.650   1.680    .533    .305    .162    .220  -9.999    .099   8.400
   142   2.650   1.450    .616    .288    .096  -9.999  -9.999    .068   8.400
   178   2.650   1.450    .589    .296    .115  -9.999  -9.999    .072   8.200
  6 CHUCKAWALLA     
     5   2.650   1.420    .436    .449    .115  -9.999  -9.999    .101   7.800
    18   2.650   1.450    .627    .267    .106  -9.999  -9.999    .100   8.300
    43   2.650   1.450    .551    .301    .148    .247  -9.999    .102   7.500
   101   2.650   1.490    .785    .133    .082  -9.999  -9.999    .058   7.600
   153   2.650   1.490    .822    .105    .073  -9.999  -9.999    .072   7.500
   178   2.650   1.490    .855    .043    .102  -9.999  -9.999    .045   7.600
  7 CHUCKAWALLA     
     3   2.650   1.420    .486    .407    .107  -9.999  -9.999    .101   7.800
    10   2.650   1.420    .502    .335    .163    .257  -9.999    .152   7.900
    17   2.650   1.600    .554    .244    .202    .270  -9.999    .152   7.400
    35   2.650   1.450    .710    .160    .130    .231  -9.999    .091   7.500
    81   2.650   1.450    .799    .098    .103  -9.999  -9.999    .061   7.500
   119   2.650   1.490    .836    .066    .098  -9.999  -9.999    .067   7.600
   152   2.650   1.450    .797    .047    .156  -9.999  -9.999    .072   7.500
  7 CHUCKAWALLA     
     3   2.650   1.420    .488    .430    .082  -9.999  -9.999    .082   7.800
    15   2.650   1.420    .431    .390    .179    .355  -9.999    .138   7.300
    25   2.650   1.600    .466    .251    .283  -9.999  -9.999    .158   7.300
    46   2.650   1.450    .684    .178    .138  -9.999  -9.999    .090   7.500
    89   2.650   1.450    .784    .117    .099  -9.999  -9.999    .075   7.500
   124   2.650   1.450    .802    .091    .107  -9.999  -9.999    .117   7.500
   155   2.650   1.450    .590    .243    .167  -9.999  -9.999    .075   7.500
  4 CHUCKAWALLA     
     5   2.650   1.450    .546    .352    .102  -9.999  -9.999    .084   7.000
    13   2.650   1.450    .694    .204    .102  -9.999  -9.999    .078   7.100
    23   2.650   1.450    .723    .185    .092  -9.999  -9.999    .072   7.200
    66   2.650   1.490    .879    .073    .048  -9.999  -9.999    .051   7.100
  3 CIPRIANO        
     5   2.650   2.020    .729    .202    .069    .174  -9.999    .067   7.700
    25   2.650   2.010    .702    .208    .090    .165  -9.999    .096  -9.999
    36   2.650   1.490    .773    .162    .065  -9.999  -9.999    .085  -9.999
  4 COMOBABI        
     4   2.650   1.450    .594    .312    .094  -9.999  -9.999    .081  -9.999
    26   2.650   1.450    .624    .236    .140  -9.999  -9.999    .102  -9.999
    48   2.650   1.600    .622    .163    .215  -9.999  -9.999    .115  -9.999
    68   2.650   1.490    .799    .132    .069  -9.999  -9.999  -9.999  -9.999
  9 CONTINE VARIANT 
     5   2.650   1.560    .311    .358    .331    .306  -9.999    .192   7.100
    15   2.650   1.390    .256    .291    .453  -9.999  -9.999    .197  -9.999
    28   2.650   1.390    .274    .292    .434    .366  -9.999    .199   8.200
    46   2.650   1.420    .352    .259    .389  -9.999  -9.999    .180   7.900
    69   2.650   1.420    .424    .179    .397    .319  -9.999    .182   7.900
   104   2.650   1.420    .446    .213    .341  -9.999  -9.999    .179   7.900
   117   2.650   1.600    .651    .125    .224  -9.999  -9.999    .144   8.000
   147   2.650   1.600    .522    .262    .216    .253  -9.999    .138   8.200
   152   2.650   1.450    .556    .254    .190  -9.999  -9.999    .117   8.300
  8 COOLIDGE        
     3   2.650   1.680    .679    .284    .037    .161  -9.999    .057   7.300
    15   2.650   1.490    .760    .203    .037  -9.999  -9.999    .043  -9.999
    28   2.650   1.750    .783    .169    .048    .131  -9.999    .061  -9.999
    46   2.650   1.630    .738    .201    .061    .218  -9.999    .068  -9.999
    69   2.650   1.450    .605    .303    .092  -9.999  -9.999    .087  -9.999
   107   2.650   1.450    .588    .296    .116  -9.999  -9.999    .087   7.700
   145   2.650   1.830    .585    .308    .107    .234  -9.999    .097   8.100
   165   2.650   1.450    .586    .330    .084  -9.999  -9.999    .094   9.000
  2 CRISTOBAL       
    18   2.650   1.420    .403    .412    .185  -9.999  -9.999    .132   7.300
    33   2.650   1.420    .513    .308    .179  -9.999  -9.999    .112   7.300
  6 CRISTOBAL       
     3   2.650   1.320    .269    .580    .151  -9.999  -9.999    .102   7.900
     8   2.650   1.320    .266    .534    .200  -9.999  -9.999    .131   7.800
    23   2.650   1.420    .379    .466    .155  -9.999  -9.999    .128   7.400
    38   2.650   1.420    .448    .392    .160  -9.999  -9.999    .111   7.300
    81   2.650   1.420    .363    .463    .174  -9.999  -9.999    .124   7.300
   152   2.650   1.450    .571    .319    .110  -9.999  -9.999    .131   7.400
  6 DATELAND        
     8   2.650   1.590    .576    .359    .065    .149  -9.999    .076  -9.999
    40   2.650   1.460    .491    .456    .053    .181  -9.999    .079  -9.999
    70   2.650   1.480    .525    .402    .073    .164  -9.999    .075   8.400
   101   2.650   1.450    .600    .331    .069  -9.999  -9.999    .065   7.800
   137   2.650   1.690    .710    .221    .069    .125  -9.999    .052   7.800
   157   2.650   1.420    .473    .321    .206  -9.999  -9.999    .122   7.600
  6 DATELAND        
     5   2.650   1.590    .632    .304    .064    .175  -9.999    .079  -9.999
    18   2.650   1.450    .639    .296    .065  -9.999  -9.999    .067  -9.999
    38   2.650   1.490    .443    .460    .097    .179  -9.999    .095  -9.999
    76   2.650   1.410    .421    .475    .104    .210  -9.999    .086   7.900
   132   2.650   1.320    .187    .645    .168  -9.999  -9.999    .141   7.200
   152   2.650   1.590    .469    .345    .186    .227  -9.999    .132   7.400
  5 DENURE          
    11   2.650   1.870    .650    .309    .041    .135  -9.999    .191   7.700
    23   2.650   1.670    .653    .294    .053    .125  -9.999    .062  -9.999
    79   2.650   1.660    .617    .306    .077    .113  -9.999    .071  -9.999
   104   2.650   1.450    .620    .274    .106  -9.999  -9.999    .061   7.900
   153   2.650   1.630    .480    .360    .160    .321  -9.999    .090   7.800
  6 DENURE          
     5   2.650   1.660    .531    .389    .080    .214  -9.999    .091   7.100
    25   2.650   1.550    .500    .432    .068    .195  -9.999    .081  -9.999
    41   2.650   1.450    .648    .287    .065  -9.999  -9.999    .062  -9.999
    76   2.650   1.630    .598    .316    .086    .165  -9.999    .086   7.900
   122   2.650   1.450    .645    .290    .065  -9.999  -9.999    .065   8.000
   165   2.650   1.450    .682    .251    .067  -9.999  -9.999    .061   8.000
  1 EPIKOM          
    35   2.650   1.420    .493    .405    .102  -9.999  -9.999    .054  -9.999
  4 GADSDEN         
    25   2.650   1.600    .531    .191    .278  -9.999  -9.999    .186   7.700
    51   2.650   1.390    .109    .321    .570  -9.999  -9.999    .317   7.700
    76   2.650   1.390    .025    .378    .597  -9.999  -9.999    .321   7.700
   102   2.650   1.390    .031    .395    .574  -9.999  -9.999    .325   7.700
  3 GADSDEN         
    25   2.650   1.380    .022    .476    .502  -9.999  -9.999    .293   7.800
    51   2.650   1.380    .023    .434    .543  -9.999  -9.999    .294   7.800
   102   2.650   1.380    .024    .423    .553  -9.999  -9.999    .291   7.700
  5 GILMAN          
     5   2.650   1.450    .477    .473    .050  -9.999  -9.999    .077   7.200
    33   2.650   1.450    .455    .484    .061  -9.999  -9.999    .081   8.100
    84   2.650   1.450    .535    .392    .073  -9.999  -9.999    .075   7.700
   145   2.650   1.420    .515    .393    .092  -9.999  -9.999    .081   7.900
   188   2.650   1.420    .487    .416    .097  -9.999  -9.999    .088   8.000
  4 GLENBAR         
    25   2.650   1.420    .371    .425    .204  -9.999  -9.999    .132   7.600
    51   2.650   1.420    .209    .513    .278  -9.999  -9.999    .189   7.700
    76   2.650   1.320    .038    .765    .197  -9.999  -9.999    .136   7.800
   102   2.650   1.320    .032    .787    .181  -9.999  -9.999    .112   7.800
  4 GLENBAR         
    25   2.650   1.420    .296    .417    .287  -9.999  -9.999    .165   7.800
    51   2.650   1.400    .084    .569    .347  -9.999  -9.999    .203   7.700
    76   2.650   1.380    .016    .561    .423  -9.999  -9.999    .237   8.000
   102   2.650   1.320    .345    .537    .118  -9.999  -9.999    .084   8.500
  4 GLENBAR         
    25   2.650   1.320    .255    .558    .187  -9.999  -9.999    .114   7.700
    51   2.650   1.320    .220    .585    .195  -9.999  -9.999    .124   7.800
    76   2.650   1.320    .053    .757    .190  -9.999  -9.999    .125   7.800
   102   2.650   1.320    .171    .643    .186  -9.999  -9.999    .117   7.900
  3 GLENBAR         
    25   2.650   1.320    .049    .718    .233  -9.999  -9.999    .141   7.600
    76   2.650   1.320    .079    .694    .227  -9.999  -9.999    .139   8.000
   102   2.650   1.320    .165    .654    .181  -9.999  -9.999    .123   8.300
  7 GLENBAR         
    18   2.650   1.590    .474    .364    .162    .348  -9.999    .145   7.900
    36   2.650   1.540    .439    .322    .239    .263  -9.999    .151  -9.999
    51   2.650   1.420    .215    .464    .321  -9.999  -9.999    .179   7.900
    69   2.650   1.460    .137    .492    .371    .337  -9.999    .207   7.900
    91   2.650   1.400    .150    .484    .366  -9.999  -9.999    .207   8.000
   137   2.650   1.420    .235    .458    .307  -9.999  -9.999    .192  -9.999
   152   2.650   1.510    .335    .441    .224    .343  -9.999    .171   8.600
  2 GRIETA          
    41   2.650   1.450    .655    .184    .161  -9.999  -9.999    .113  -9.999
    61   2.650   1.450    .660    .187    .153  -9.999  -9.999    .096  -9.999
  2 GRIETA          
    28   2.650   1.600    .531    .221    .248  -9.999  -9.999    .174  -9.999
    58   2.650   1.450    .607    .215    .178  -9.999  -9.999    .116  -9.999
  5 GROWLER         
    10   2.650   1.420    .486    .366    .148  -9.999  -9.999    .098   7.300
    41   2.650   1.420    .512    .399    .089  -9.999  -9.999    .101   7.300
    66   2.650   1.450    .530    .324    .146  -9.999  -9.999    .090   7.200
    89   2.650   1.420    .497    .362    .141  -9.999  -9.999    .092   7.200
   152   2.650   1.420    .429    .392    .179  -9.999  -9.999    .118   7.200
  4 GUNSIGHT        
     8   2.650   2.030    .712    .243    .045    .154  -9.999    .166  -9.999
    43   2.650   1.450    .701    .230    .069  -9.999  -9.999    .058  -9.999
    97   2.650   1.450    .748    .162    .090    .286  -9.999    .068   7.600
   152   2.650   1.450    .787    .119    .094  -9.999  -9.999    .070   7.700
  4 GUNSIGHT        
    25   2.650   1.450    .577    .338    .085  -9.999  -9.999    .093   7.700
    66   2.650   1.450    .550    .350    .100  -9.999  -9.999    .097   7.600
    94   2.650   1.450    .579    .311    .110  -9.999  -9.999    .102   7.400
   160   2.650   1.450    .662    .249    .089  -9.999  -9.999    .094   7.700
  4 GYPILL          
     5   2.650   1.320    .339    .572    .089  -9.999  -9.999    .067   6.900
    15   2.650   1.450    .524    .446    .030  -9.999  -9.999    .043   7.700
    25   2.650   1.450    .624    .348    .028  -9.999  -9.999    .039  -9.999
    25   2.650   1.320    .392    .587    .021  -9.999  -9.999    .028   7.800
  4 HICKIWAN        
     3   2.650   1.450    .531    .387    .082    .233  -9.999    .212  -9.999
    20   2.650   1.450    .548    .379    .073  -9.999  -9.999    .225   8.800
    36   2.650   1.950    .725    .219    .056    .191  -9.999    .099  -9.999
    41   2.650   1.450    .743    .196    .061  -9.999  -9.999    .086   8.100
  5 HOBCAN          
     5   2.650   1.320    .146    .766    .088  -9.999  -9.999    .067   7.700
    35   2.650   1.320    .284    .627    .089  -9.999  -9.999    .065   7.800
    48   2.650   1.320    .336    .598    .066  -9.999  -9.999    .061   7.800
    84   2.650   1.320    .399    .563    .038  -9.999  -9.999    .063   7.800
   152   2.650   1.320    .316    .656    .028  -9.999  -9.999    .046   8.000
  2 JOCITY          
    23   2.650   1.600    .515    .194    .291  -9.999  -9.999    .195   8.000
   120   2.650   1.450    .649    .187    .164  -9.999  -9.999    .132   7.800
  4 KECH            
     5   2.650   1.450    .718    .175    .107  -9.999  -9.999    .071  -9.999
    18   2.650   1.560    .590    .250    .160    .198  -9.999    .123  -9.999
    28   2.650   1.610    .571    .269    .160    .285  -9.999    .122  -9.999
    46   2.650   1.600    .628    .264    .108    .269  -9.999    .080  -9.999
  3 KINAN           
    33   2.650   1.550    .776    .110    .114    .143  -9.999    .079   7.900
    63   2.650   1.530    .557    .174    .269    .220  -9.999    .147   7.900
    90   2.650   1.690    .651    .151    .198    .237  -9.999    .132   8.000
  2 KINAN           
    30   2.650   1.450    .800    .098    .102  -9.999  -9.999    .072  -9.999
    64   2.650   1.490    .860    .058    .082  -9.999  -9.999    .055  -9.999
  2 KINAN           
    41   2.650   1.490    .862    .050    .088  -9.999  -9.999    .067  -9.999
    69   2.650   1.490    .816    .079    .105  -9.999  -9.999    .082  -9.999
 10 LA PALMA        
     3   2.650   1.420    .519    .328    .153  -9.999  -9.999    .094   7.900
     5   2.650   1.700    .464    .316    .220    .262  -9.999    .127   7.600
    20   2.650   1.580    .471    .261    .268    .251  -9.999    .115   7.800
    41   2.650   1.450    .563    .250    .187  -9.999  -9.999    .104   8.200
    61   2.650   1.900    .584    .290    .126    .264  -9.999    .103   7.700
    76   2.650   2.090    .669    .280    .051    .127  -9.999    .071   8.100
   109   2.650   1.450    .623    .283    .094  -9.999  -9.999    .086   7.800
   122   2.650   1.450    .572    .296    .132  -9.999  -9.999    .122   8.500
   142   2.650   1.450    .555    .282    .163  -9.999  -9.999    .139   8.300
   178   2.650   1.850    .740    .141    .119    .253  -9.999    .139   8.400
  7 LAVEEN          
     3   2.650   1.420    .476    .427    .097  -9.999  -9.999    .098   8.200
    15   2.650   1.600    .505    .352    .143    .245  -9.999    .130  -9.999
    41   2.650   1.420    .496    .311    .193  -9.999  -9.999    .125   7.700
    66   2.650   1.420    .504    .315    .181  -9.999  -9.999    .165   7.400
    97   2.650   1.450    .625    .238    .137  -9.999  -9.999    .151   8.300
   145   2.650   1.350    .573    .334    .093    .475  -9.999    .216   8.500
   185   2.650   1.420    .436    .435    .129    .344  -9.999    .119  -9.999
  4 LEANTO          
     5   2.650   1.490    .813    .091    .096  -9.999  -9.999    .055  -9.999
    15   2.650   1.690    .684    .127    .189    .194  -9.999    .113  -9.999
    28   2.650   1.600    .638    .155    .207  -9.999  -9.999    .109  -9.999
    35   2.650   1.740    .596    .198    .206    .230  -9.999    .120  -9.999
  2 MARCOU          
    48   2.650   1.450    .741    .128    .131  -9.999  -9.999    .102  -9.999
    81   2.650   1.450    .714    .139    .147  -9.999  -9.999    .112  -9.999
  3 MARCOU          
    30   2.650   1.450    .765    .110    .125  -9.999  -9.999    .083  -9.999
    51   2.650   1.450    .786    .090    .124  -9.999  -9.999    .091  -9.999
    89   2.650   1.450    .788    .085    .127  -9.999  -9.999    .088  -9.999
  8 MOHALL          
     8   2.650   1.320    .246    .522    .232  -9.999  -9.999    .157   8.000
    23   2.650   1.550    .433    .328    .239    .273  -9.999    .155   7.700
    46   2.650   1.420    .341    .358    .301  -9.999  -9.999    .153   7.600
    69   2.650   1.640    .413    .286    .301    .325  -9.999    .177   7.600
    81   2.650   1.420    .442    .276    .282  -9.999  -9.999    .149   7.700
   112   2.650   1.810    .473    .289    .238    .233  -9.999    .156   7.700
   137   2.650   1.450    .690    .179    .131  -9.999  -9.999    .094   7.900
   152   2.650   1.450    .758    .150    .092    .149  -9.999    .067   7.900
  9 MOHALL          
     5   2.650   1.490    .833    .107    .060  -9.999  -9.999    .060  -9.999
    10   2.650   1.660    .706    .183    .111    .219  -9.999    .116  -9.999
    15   2.650   1.450    .688    .195    .117  -9.999  -9.999    .096  -9.999
    30   2.650   1.450    .700    .160    .140  -9.999  -9.999    .094  -9.999
    58   2.650   1.630    .529    .201    .270    .266  -9.999    .183  -9.999
    91   2.650   1.420    .386    .364    .250  -9.999  -9.999    .179  -9.999
   122   2.650   1.550    .374    .408    .218    .322  -9.999    .160   7.800
   152   2.650   1.420    .359    .442    .199  -9.999  -9.999    .153   7.800
   168   2.650   1.510    .236    .562    .202    .429  -9.999    .180   7.900
  8 MOHAVE          
     8   2.650   1.600    .561    .217    .222  -9.999  -9.999    .144   7.300
    15   2.650   1.450    .664    .153    .183  -9.999  -9.999    .102   7.600
    28   2.650   1.450    .718    .142    .140  -9.999  -9.999    .090   7.500
    46   2.650   1.450    .588    .219    .193  -9.999  -9.999    .119   8.000
    61   2.650   1.420    .499    .308    .193  -9.999  -9.999    .132   8.100
    81   2.650   1.450    .565    .261    .174  -9.999  -9.999    .120   8.100
   102   2.650   1.600    .469    .273    .258  -9.999  -9.999    .170   8.100
   160   2.650   1.600    .451    .226    .323  -9.999  -9.999    .192   8.200
  7 MOKAAC          
     8   2.650   1.490    .771    .195    .034  -9.999  -9.999    .046   7.100
    25   2.650   1.490    .758    .193    .049  -9.999  -9.999    .042   8.200
    66   2.650   1.490    .830    .120    .050  -9.999  -9.999    .042   7.800
    81   2.650   1.450    .608    .344    .048  -9.999  -9.999    .039   7.700
   104   2.650   1.490    .799    .144    .057  -9.999  -9.999    .052   7.600
   132   2.650   1.420    .507    .345    .148  -9.999  -9.999    .091   7.600
   157   2.650   1.420    .464    .282    .254  -9.999  -9.999    .115   7.500
  4 MOMOLI VARIANT  
     5   2.650   1.450    .702    .257    .041  -9.999  -9.999    .049   7.400
    25   2.650   1.450    .734    .213    .053    .122  -9.999    .052  -9.999
   100   2.650   1.490    .792    .159    .049  -9.999  -9.999    .046  -9.999
   153   2.650   2.100    .820    .131    .049    .132  -9.999    .065   7.800
  6 MOMOLI VARIANT  
     3   2.650   1.420    .486    .399    .115    .229  -9.999    .094   7.400
    10   2.650   1.450    .594    .313    .093  -9.999  -9.999    .078  -9.999
    41   2.650   2.090    .713    .247    .040    .209  -9.999    .069  -9.999
    76   2.650   1.490    .766    .178    .056  -9.999  -9.999    .042   7.800
   109   2.650   1.490    .789    .153    .058  -9.999  -9.999    .042   7.900
   152   2.650   1.610    .427    .437    .136    .274  -9.999    .103   7.800
  4 NAVAJO          
    51   2.650   1.380    .016    .424    .560    .308  -9.999    .255   7.200
    48   2.650   1.390    .029    .381    .590  -9.999  -9.999    .256   7.400
    63   2.650   1.440    .050    .608    .342    .340  -9.999    .167   7.800
   100   2.650   1.480    .062    .629    .309    .330  -9.999    .161   7.900
  9 PADILLA         
     3   2.650   1.450    .776    .128    .096  -9.999  -9.999    .057  -9.999
    15   2.650   1.710    .574    .131    .295    .342  -9.999    .183  -9.999
    33   2.650   1.420    .419    .233    .348  -9.999  -9.999    .162  -9.999
    48   2.650   1.420    .359    .287    .354    .260  -9.999    .170   8.000
    71   2.650   1.420    .318    .331    .351  -9.999  -9.999    .166   8.000
    81   2.650   1.420    .268    .382    .350    .243  -9.999    .163   7.800
   104   2.650   1.420    .227    .500    .273  -9.999  -9.999    .158   7.800
   152   2.650   1.320    .225    .561    .214    .177  -9.999    .141   7.700
   183   2.650   1.320    .118    .726    .156  -9.999  -9.999    .108   7.900
  7 PADILLA         
     5   2.650   1.420    .238    .388    .374  -9.999  -9.999    .166   7.200
    15   2.650   1.390    .275    .274    .451    .292  -9.999    .210  -9.999
    33   2.650   1.390    .122    .395    .483    .324  -9.999    .215  -9.999
    56   2.650   1.380    .110    .452    .438  -9.999  -9.999    .195   8.000
    89   2.650   1.400    .095    .506    .399    .291  -9.999    .183   8.000
   122   2.650   1.400    .108    .511    .381  -9.999  -9.999    .203   8.000
   165   2.650   1.420    .269    .370    .361    .244  -9.999    .179   8.000
  6 PAHAKA          
     8   2.650   1.690    .824    .116    .060    .101  -9.999    .061  -9.999
    33   2.650   1.690    .701    .172    .127    .157  -9.999    .106  -9.999
    51   2.650   1.450    .674    .190    .136  -9.999  -9.999    .090  -9.999
    76   2.650   1.650    .644    .203    .153    .208  -9.999    .114  -9.999
    97   2.650   1.600    .500    .184    .316  -9.999  -9.999    .219   8.000
   114   2.650   1.600    .515    .204    .281    .306  -9.999    .203   8.100
  2 PENZANCE        
    33   2.650   1.420    .399    .248    .353  -9.999  -9.999    .206   7.800
    69   2.650   1.420    .407    .245    .348  -9.999  -9.999    .214   7.900
  9 PINAMT          
     5   2.650   1.420    .461    .385    .154    .253  -9.999    .180  -9.999
    18   2.650   1.420    .516    .302    .182  -9.999  -9.999    .186   7.700
    36   2.650   1.600    .514    .254    .232    .253  -9.999    .205  -9.999
    53   2.650   1.450    .701    .129    .170  -9.999  -9.999    .093   7.600
    66   2.650   1.450    .780    .117    .103  -9.999  -9.999    .086   7.400
    89   2.650   1.490    .806    .113    .081  -9.999  -9.999    .067   7.500
   107   2.650   1.490    .897    .063    .040  -9.999  -9.999    .061   7.800
   135   2.650   1.770    .412    .393    .195    .230  -9.999    .186   7.800
   163   2.650   1.420    .431    .295    .274  -9.999  -9.999    .179   7.800
  3 PURGATORY       
    36   2.650   1.140    .229    .584    .187    .277  -9.999    .251   7.800
    58   2.650   1.310    .188    .719    .093    .326  -9.999    .225   7.900
    79   2.650   1.410    .066    .762    .172    .281  -9.999    .237   8.200
  4 QUILOTOSA       
     5   2.650   1.450    .737    .185    .078  -9.999  -9.999    .055   7.600
    15   2.650   1.450    .726    .196    .078    .146  -9.999    .049   7.900
    35   2.650   1.450    .671    .214    .115  -9.999  -9.999    .090   7.700
    48   2.650   1.490    .792    .147    .061  -9.999  -9.999    .066  -9.999
  7 REDUN           
     8   2.650   1.730    .675    .283    .042    .149  -9.999    .050  -9.999
    18   2.650   1.450    .699    .262    .039  -9.999  -9.999    .041  -9.999
    38   2.650   1.690    .665    .282    .053    .120  -9.999    .051  -9.999
    56   2.650   1.450    .644    .295    .061  -9.999  -9.999    .051   8.800
    91   2.650   1.670    .591    .338    .071    .140  -9.999    .070   8.900
   124   2.650   1.450    .602    .320    .078  -9.999  -9.999    .064   8.600
   152   2.650   1.450    .620    .307    .073  -9.999  -9.999    .061   8.300
  7 REDUN           
     3   2.650   1.520    .622    .330    .048    .141  -9.999    .073   7.500
    10   2.650   1.450    .654    .292    .054  -9.999  -9.999    .068  -9.999
    25   2.650   1.520    .670    .267    .063    .222  -9.999    .074  -9.999
    46   2.650   1.450    .663    .260    .077  -9.999  -9.999    .077   8.800
    81   2.650   1.550    .690    .227    .083    .166  -9.999    .095   8.600
   130   2.650   1.450    .720    .176    .104  -9.999  -9.999    .090   8.100
   152   2.650   1.450    .670    .197    .133  -9.999  -9.999    .106   7.800
  5 RILLITO         
     5   2.650   1.450    .673    .233    .094  -9.999  -9.999    .083  -9.999
    23   2.650   1.340    .634    .284    .082    .233  -9.999    .084   8.500
    56   2.650   1.620    .586    .275    .139    .178  -9.999    .105   7.900
   106   2.650   1.590    .562    .303    .135    .291  -9.999    .105   7.700
   157   2.650   1.450    .705    .173    .122  -9.999  -9.999    .065   7.900
  4 RIVERBEND       
    18   2.650   1.450    .668    .307    .025  -9.999  -9.999    .045   8.200
    58   2.650   1.490    .854    .115    .031  -9.999  -9.999    .046   8.100
    81   2.650   1.490    .793    .153    .054  -9.999  -9.999    .067   7.900
   117   2.650   1.490    .857    .101    .042  -9.999  -9.999    .054   7.900
  7 RUESH           
     5   2.650   1.450    .644    .281    .075  -9.999  -9.999    .064   7.700
    30   2.650   1.450    .530    .366    .104  -9.999  -9.999    .077   7.800
    56   2.650   1.450    .613    .335    .052  -9.999  -9.999    .074   7.600
    74   2.650   1.450    .628    .325    .047  -9.999  -9.999    .070   7.900
    81   2.650   1.320    .368    .552    .080  -9.999  -9.999    .037   7.800
    94   2.650   1.450    .694    .259    .047  -9.999  -9.999    .074   7.900
   152   2.650   1.450    .697    .260    .043  -9.999  -9.999    .158   7.900
  8 SASCO           
     5   2.650   1.190    .302    .585    .113    .315  -9.999    .093   7.500
    23   2.650   1.320    .250    .622    .128  -9.999  -9.999    .104  -9.999
    43   2.650   1.280    .252    .616    .132    .374  -9.999    .102  -9.999
    64   2.650   1.320    .203    .635    .162  -9.999  -9.999    .127   7.900
    99   2.650   1.400    .110    .573    .317  -9.999  -9.999    .263   7.700
   132   2.650   1.380    .108    .599    .293    .453  -9.999    .215   7.600
   152   2.650   1.400    .156    .475    .369  -9.999  -9.999    .339   7.600
   200   2.650   1.380    .021    .562    .417  -9.999  -9.999    .342  -9.999
  2 SHEPPARD        
    28   2.650   1.490    .899    .038    .063  -9.999  -9.999    .042  -9.999
    76   2.650   1.490    .927    .019    .054  -9.999  -9.999    .039  -9.999
  2 SHEPPARD        
    43   2.650   1.490    .961    .012    .027  -9.999  -9.999    .022  -9.999
    86   2.650   1.490    .958    .010    .032  -9.999  -9.999    .028  -9.999
  1 SHEZA           
    38   2.650   1.590    .587    .172    .241    .207  -9.999    .121  -9.999
  8 TATAI           
     3   2.650   1.420    .312    .549    .139    .301  -9.999    .124   7.300
    15   2.650   1.320    .257    .569    .174  -9.999  -9.999    .137   8.200
    28   2.650   1.320    .233    .591    .176    .348  -9.999    .140   8.200
    53   2.650   1.400    .226    .605    .169    .389  -9.999    .143   7.800
    61   2.650   1.320    .199    .635    .166  -9.999  -9.999    .145   7.600
    79   2.650   1.420    .362    .473    .165  -9.999  -9.999    .143   7.500
   104   2.650   1.420    .423    .319    .258  -9.999  -9.999    .169   7.600
   170   2.650   1.420    .372    .329    .299    .302  -9.999    .172   7.600
  2 UBANK           
    21   2.650   1.450    .703    .136    .161    .181  -9.999    .096   8.000
    98   2.650   1.490    .394    .278    .328    .307  -9.999    .116  -9.999
  4 VAIVA           
     3   2.650   1.450    .702    .215    .083    .226  -9.999    .067  -9.999
    20   2.650   1.600    .646    .117    .237    .293  -9.999    .146  -9.999
    43   2.650   1.450    .766    .064    .170    .251  -9.999    .112  -9.999
    64   2.650   2.350    .853    .095    .052    .075  -9.999    .066  -9.999
  7 VALENCIA        
     3   2.650   1.670    .530    .371    .099    .262  -9.999    .097   8.200
    25   2.650   1.670    .697    .214    .089    .132  -9.999    .075  -9.999
    41   2.650   1.450    .713    .177    .110  -9.999  -9.999    .077  -9.999
    64   2.650   1.800    .722    .162    .116    .146  -9.999    .095   8.300
    89   2.650   1.600    .517    .235    .248  -9.999  -9.999    .171   8.500
   119   2.650   1.870    .479    .299    .222    .284  -9.999    .185   8.500
   152   2.650   1.420    .516    .309    .175  -9.999  -9.999    .121   8.500
  9 VECONT          
     5   2.650   1.590    .434    .283    .283    .312  -9.999    .173   7.300
    10   2.650   1.420    .357    .278    .365  -9.999  -9.999    .187  -9.999
    36   2.650   1.660    .320    .293    .387    .373  -9.999    .241   7.600
    46   2.650   1.420    .329    .282    .389  -9.999  -9.999    .219  -9.999
    61   2.650   1.420    .334    .281    .385    .352  -9.999    .229   7.800
    89   2.650   1.420    .342    .284    .374  -9.999  -9.999    .223   7.800
   109   2.650   1.420    .350    .282    .368    .368  -9.999    .220   7.900
   152   2.650   1.420    .439    .239    .322  -9.999  -9.999    .190   7.700
   196   2.650   1.740    .574    .155    .271    .285  -9.999    .191   7.700
  7 WHY             
     5   2.650   1.610    .682    .251    .067    .142  -9.999    .066   7.300
    23   2.650   1.450    .666    .263    .071  -9.999  -9.999    .061  -9.999
    38   2.650   1.660    .644    .273    .083    .118  -9.999    .075  -9.999
    64   2.650   1.450    .686    .251    .063  -9.999  -9.999    .055  -9.999
   102   2.650   1.690    .731    .206    .063    .108  -9.999    .061  -9.999
   140   2.650   1.450    .646    .244    .110  -9.999  -9.999    .080  -9.999
   152   2.650   1.420    .494    .284    .222  -9.999  -9.999    .136   7.900
