  7 ALKO            
    13   2.650   1.490    .907    .077    .016  -9.999  -9.999    .028  -9.999
    33   2.650   1.490    .846    .101    .053  -9.999  -9.999    .048   8.200
    48   2.650   1.450    .702    .206    .092  -9.999  -9.999    .062  -9.999
    81   2.650   1.450    .735    .217    .048  -9.999  -9.999    .054  -9.999
    94   2.650   1.490    .748    .213    .039  -9.999  -9.999    .060   8.900
   145   2.650   1.450    .643    .286    .071  -9.999  -9.999    .084   8.900
   152   2.650   1.490    .772    .181    .047  -9.999  -9.999    .061   8.900
  6 ALTAMONT        
     7   2.650   1.380    .054    .419    .527    .374  -9.999    .254  -9.999
    23   2.650   1.380    .053    .405    .542    .349  -9.999    .261  -9.999
    58   2.650   1.380    .051    .409    .540    .331  -9.999    .264  -9.999
    89   2.650   1.380    .055    .424    .521    .359  -9.999    .272  -9.999
   109   2.650   1.380    .071    .479    .450    .471  -9.999    .264  -9.999
   125   2.650   1.380    .081    .509    .410    .411  -9.999    .250  -9.999
  4 ARMONA PARTIAL  
    53   2.650   1.320    .264    .535    .201  -9.999  -9.999    .259  -9.999
    76   2.650   1.420    .369    .485    .146  -9.999  -9.999    .261  -9.999
   107   2.650   1.420    .430    .413    .157  -9.999  -9.999    .155  -9.999
   157   2.650   1.450    .662    .204    .134  -9.999  -9.999    .107  -9.999
 10 ATESH           
     5   2.650   1.540    .559    .299    .142    .237  -9.999    .114   7.900
    15   2.650   1.550    .587    .284    .129    .254  -9.999    .099   8.000
    36   2.650   1.530    .678    .254    .068    .242  -9.999    .099  -9.999
    58   2.650   1.410    .683    .267    .050    .252  -9.999    .093   8.600
    71   2.650   1.400    .575    .371    .054    .281  -9.999    .092   8.800
    91   2.650   1.680    .651    .307    .042    .222  -9.999    .074   8.700
   109   2.650   1.860    .672    .284    .044    .206  -9.999    .078   8.700
   124   2.650   1.630    .715    .211    .074    .253  -9.999    .114   8.600
   147   2.650   1.790    .503    .385    .112    .274  -9.999    .166   8.400
   180   2.650   1.940    .630    .296    .074    .256  -9.999    .114   8.400
 10 ATESH           
    20   2.650   1.420    .377    .418    .205  -9.999  -9.999    .148   7.900
    46   2.650   1.470    .362    .456    .182    .323  -9.999    .159   8.100
    59   2.650   1.220    .353    .498    .149    .353  -9.999    .143  -9.999
    69   2.650   1.440    .378    .510    .112    .337  -9.999    .144  -9.999
    86   2.650   1.600    .468    .458    .074    .378  -9.999    .163  -9.999
   104   2.650   1.650    .456    .442    .102    .345  -9.999    .140   9.000
   135   2.650   1.470    .486    .405    .109    .300  -9.999    .122   9.100
   170   2.650   1.570    .588    .318    .094    .314  -9.999    .124   9.100
   208   2.650   1.340    .520    .397    .083    .303  -9.999    .094   9.300
   226   2.650   1.300    .478    .462    .060    .373  -9.999    .120   9.300
  2 AVIS            
   102   2.650   1.490    .754    .209    .037  -9.999  -9.999    .089  -9.999
   180   2.650   1.490    .757    .194    .049  -9.999  -9.999    .058  -9.999
  4 BACKCANYON      
     8   2.650   1.450    .576    .260    .164  -9.999  -9.999    .139   7.400
    23   2.650   1.420    .550    .259    .191    .243  -9.999    .143   7.700
    38   2.650   1.450    .589    .273    .138  -9.999  -9.999    .165  -9.999
    58   2.650   1.470    .656    .276    .068    .354  -9.999    .144   7.700
  7 BAKERFIELD      
    24   2.650   1.450    .612    .247    .141    .351  -9.999    .115   6.900
    42   2.650   1.740    .568    .273    .159    .308  -9.999    .155   7.500
    51   2.650   1.690    .521    .351    .128    .321  -9.999    .132   8.000
    73   2.650   1.520    .401    .472    .127    .350  -9.999    .117   8.000
    84   2.650   1.540    .700    .188    .112    .228  -9.999    .095   8.000
   122   2.650   1.490    .907    .068    .025  -9.999  -9.999    .039  -9.999
   153   2.650   1.420    .458    .392    .150  -9.999  -9.999    .135   7.900
  1 BELZAR          
   109   2.650   1.330    .645    .305    .050    .427  -9.999    .153  -9.999
 10 BITCREEK        
     5   2.650   1.480    .442    .386    .172    .315  -9.999    .182   7.000
    20   2.650   1.530    .386    .397    .217    .298  -9.999    .196  -9.999
    38   2.650   1.420    .390    .397    .213    .300  -9.999    .182  -9.999
    56   2.650   1.520    .385    .402    .213    .287  -9.999    .198  -9.999
    92   2.650   1.440    .390    .412    .198    .308  -9.999    .176  -9.999
   122   2.650   1.580    .405    .411    .184    .256  -9.999    .198  -9.999
   140   2.650   1.420    .410    .377    .213    .280  -9.999    .214  -9.999
   160   2.650   1.420    .380    .395    .225    .287  -9.999    .187  -9.999
   188   2.650   1.750    .406    .367    .227    .319  -9.999    .213  -9.999
   203   2.650   1.420    .421    .363    .216    .311  -9.999    .170  -9.999
  7 BRANTEL         
     8   2.650   1.350    .892    .097    .011    .092  -9.999    .065  -9.999
    20   2.650   1.400    .764    .216    .020    .172  -9.999    .046  -9.999
    56   2.650   1.370    .840    .141    .019    .153  -9.999    .056  -9.999
    76   2.650   1.430    .721    .245    .034    .167  -9.999    .053  -9.999
   125   2.650   1.490    .840    .141    .019  -9.999  -9.999    .055  -9.999
   172   2.650   1.500    .862    .125    .013    .137  -9.999    .065  -9.999
   114   2.650   1.490    .776    .204    .020  -9.999  -9.999    .024  -9.999
  1 BROWNSCREEK     
    86   2.650   1.450    .674    .220    .106  -9.999  -9.999    .123  -9.999
  4 BRUBECK         
     5   2.650   1.390    .160    .352    .488  -9.999  -9.999    .359  -9.999
    15   2.650   1.390    .139    .324    .537  -9.999  -9.999    .389  -9.999
    58   2.650   1.390    .143    .309    .548  -9.999  -9.999    .418  -9.999
    81   2.650   1.390    .128    .333    .539  -9.999  -9.999    .457  -9.999
  5 BYINGTON        
    20   2.650   1.320    .186    .650    .164  -9.999  -9.999    .129  -9.999
    32   2.650   1.320    .191    .650    .159  -9.999  -9.999    .144  -9.999
    50   2.650   1.320    .105    .707    .188  -9.999  -9.999    .160  -9.999
    65   2.650   1.320    .095    .651    .254  -9.999  -9.999    .235  -9.999
   105   2.650   1.420    .434    .464    .102  -9.999  -9.999    .131  -9.999
  9 CAJON           
     5   2.650   1.490    .877    .083    .040  -9.999  -9.999    .037   8.400
    20   2.650   1.810    .866    .078    .056    .141  -9.999    .060  -9.999
    51   2.650   1.790    .833    .123    .044    .245    .247    .052  -9.999
    64   2.650   1.610    .776    .143    .081    .208    .274    .071  -9.999
    87   2.650   1.690    .866    .094    .040    .135    .179    .047  -9.999
   114   2.650   1.820    .796    .164    .040    .186    .248    .075  -9.999
   125   2.650   1.490    .856    .124    .020  -9.999  -9.999    .052  -9.999
   137   2.650   1.490    .887    .089    .024  -9.999  -9.999    .075   8.800
   153   2.650   1.490    .911    .073    .016  -9.999  -9.999    .098   8.800
 10 CALICREEK       
    13   2.650   1.650    .833    .113    .054    .188    .243    .056   7.200
    30   2.650   1.780    .850    .105    .045    .162    .210    .055   7.800
    38   2.650   1.730    .908    .072    .020    .128    .144    .038  -9.999
    56   2.650   1.720    .907    .070    .023    .126    .268    .036  -9.999
    58   2.650   1.160    .252    .549    .199    .455    .501    .151   7.900
    66   2.650   1.370    .592    .343    .065    .279    .381    .071   7.800
    89   2.650   1.490    .964    .031    .005  -9.999  -9.999    .022  -9.999
   112   2.650   1.490    .944    .045    .011  -9.999  -9.999    .021  -9.999
   130   2.650   1.430    .721    .242    .037    .292    .362    .053   7.800
   155   2.650   1.660    .907    .075    .018    .105    .131    .035   7.700
  7 CALPINE         
    18   2.650   1.740    .827    .140    .033    .108  -9.999    .068   6.800
    33   2.650   1.800    .822    .132    .046    .086  -9.999    .061  -9.999
    61   2.650   1.750    .811    .138    .051    .119  -9.999    .054  -9.999
    84   2.650   1.720    .848    .108    .044    .131  -9.999    .057  -9.999
    91   2.650   1.760    .837    .118    .045    .123  -9.999    .058  -9.999
   119   2.650   1.730    .830    .122    .048    .147  -9.999    .059  -9.999
   152   2.650   1.740    .813    .138    .049    .104  -9.999    .056  -9.999
  6 CAPAY           
    28   2.650   1.390    .152    .353    .495    .431  -9.999    .261   6.600
    51   2.650   1.390    .147    .352    .501    .418  -9.999    .267   6.700
    76   2.650   1.390    .154    .339    .507    .354  -9.999    .285   6.600
    99   2.650   1.390    .161    .330    .509    .385  -9.999    .272   6.900
   129   2.650   1.390    .180    .347    .473    .354  -9.999    .245   7.800
   152   2.650   1.390    .189    .358    .453    .368  -9.999    .234   7.700
  1 CASUSE          
    31   2.650   1.250    .341    .312    .347    .464    .501    .310   6.300
  7 CERINI          
    18   2.650   1.420    .431    .365    .204  -9.999  -9.999    .146   7.700
    42   2.650   1.420    .419    .379    .202    .280  -9.999    .145   7.800
    63   2.650   1.440    .534    .293    .173    .217  -9.999    .127   7.800
   101   2.650   1.430    .495    .323    .182    .247  -9.999    .119  -9.999
   132   2.650   1.420    .400    .423    .177    .261  -9.999    .114   8.100
   158   2.650   1.490    .353    .418    .229    .386  -9.999    .153   8.100
   170   2.650   1.450    .470    .324    .206    .342  -9.999    .144   8.000
  7 CERROCOSO       
     8   2.650   1.450    .734    .134    .132  -9.999  -9.999    .086  -9.999
    28   2.650   1.600    .591    .110    .299  -9.999  -9.999    .208   8.000
    38   2.650   1.510    .528    .117    .355  -9.999  -9.999    .223   8.000
    53   2.650   1.600    .583    .112    .305  -9.999  -9.999    .219   7.900
    69   2.650   1.450    .681    .162    .157  -9.999  -9.999    .175   7.900
    84   2.650   1.490    .905    .077    .018  -9.999  -9.999    .103   7.700
   152   2.650   1.490    .885    .082    .033  -9.999  -9.999    .077   7.800
  7 CHUCKLES        
     8   2.650   1.450    .669    .255    .076  -9.999  -9.999    .077   8.000
    13   2.650   1.420    .498    .353    .149  -9.999  -9.999    .114   8.300
    28   2.650   1.420    .267    .396    .337  -9.999  -9.999    .291   8.600
    48   2.650   1.420    .247    .381    .372  -9.999  -9.999    .307   9.400
    69   2.650   1.380    .176    .417    .407  -9.999  -9.999    .378   9.500
   124   2.650   1.400    .157    .524    .319  -9.999  -9.999    .403   8.800
   152   2.650   1.400    .176    .497    .327  -9.999  -9.999    .377   8.400
  6 CLEAR LAKE      
    18   2.650   1.380    .059    .428    .513  -9.999  -9.999    .268   6.900
    38   2.650   1.380    .053    .429    .518    .381  -9.999    .279   6.800
    55   2.650   1.380    .053    .433    .514  -9.999  -9.999    .269   7.100
    74   2.650   1.380    .062    .436    .502    .363  -9.999    .262   7.600
    94   2.650   1.380    .073    .434    .493    .397  -9.999    .266   7.800
   107   2.650   1.380    .122    .451    .427  -9.999  -9.999    .262   7.800
  3 COLPIEN-LIKE    
    43   2.650   1.420    .433    .399    .168  -9.999  -9.999    .122  -9.999
    76   2.650   1.420    .411    .406    .183  -9.999  -9.999    .129  -9.999
   130   2.650   1.320    .231    .531    .238  -9.999  -9.999    .150  -9.999
  8 COLUSA          
     5   2.650   1.420    .423    .439    .138    .281  -9.999    .135   7.800
    23   2.650   1.420    .384    .438    .178    .335  -9.999    .162   9.500
    49   2.650   1.610    .443    .396    .161    .361  -9.999    .167  10.000
    64   2.650   1.630    .424    .395    .181    .378  -9.999    .174  10.200
    89   2.650   1.570    .414    .411    .175    .361  -9.999    .179  10.200
   133   2.650   1.580    .440    .394    .166    .374  -9.999    .174  10.200
   162   2.650   1.610    .574    .296    .130    .372  -9.999    .151   9.600
   200   2.650   1.600    .622    .254    .124    .339  -9.999    .139   9.400
  5 COMETA-LIKE     
    61   2.650   1.420    .420    .244    .336    .364  -9.999    .237   6.100
    86   2.650   1.600    .567    .202    .231    .282  -9.999    .230  -9.999
   115   2.650   1.720    .717    .104    .179    .280  -9.999    .187   7.000
   140   2.650   1.610    .772    .068    .160    .324  -9.999    .155   6.900
   165   2.650   1.590    .794    .078    .128    .277  -9.999    .142   6.700
  6 CONTRA COSTA    
     6   2.650   1.580    .473    .345    .182    .302  -9.999    .142  -9.999
    14   2.650   1.420    .442    .345    .213    .253  -9.999    .125  -9.999
    34   2.650   1.390    .342    .249    .409    .311  -9.999    .181  -9.999
    78   2.650   1.390    .351    .242    .407    .300  -9.999    .202  -9.999
   110   2.650   1.390    .202    .278    .520    .363  -9.999    .256  -9.999
   136   2.650   1.380    .104    .475    .421  -9.999  -9.999    .203  -9.999
  4 COPUS           
    21   2.650   1.390    .024    .331    .645  -9.999  -9.999    .346   6.400
    45   2.650   1.390    .025    .335    .640  -9.999  -9.999    .363   6.400
    76   2.650   1.390    .018    .354    .628  -9.999  -9.999    .377   6.400
   102   2.650   1.390    .007    .368    .625  -9.999  -9.999    .379   6.800
  8 CORNING         
     7   2.650   2.000    .463    .412    .125    .238  -9.999    .106   5.600
    27   2.650   1.860    .505    .364    .131    .212  -9.999    .078  -9.999
    43   2.650   1.890    .475    .412    .113    .244  -9.999    .085  -9.999
    70   2.650   1.970    .468    .398    .134    .254  -9.999    .104  -9.999
   107   2.650   1.420    .413    .210    .377  -9.999  -9.999    .203  -9.999
   122   2.650   1.600    .474    .211    .315  -9.999  -9.999    .234  -9.999
   167   2.650   1.600    .593    .189    .218    .352  -9.999    .202  -9.999
   200   2.650   1.600    .537    .170    .293  -9.999  -9.999    .214  -9.999
  9 CORNING         
     5   2.650   1.780    .557    .348    .095    .247  -9.999    .077  -9.999
    18   2.650   1.450    .521    .373    .106    .206  -9.999    .052  -9.999
    31   2.650   1.890    .514    .376    .110    .206  -9.999    .079  -9.999
    51   2.650   1.850    .513    .357    .130    .235  -9.999    .091  -9.999
    81   2.650   1.390    .363    .196    .441    .393  -9.999    .214  -9.999
    99   2.650   1.600    .591    .138    .271    .358  -9.999    .165  -9.999
   122   2.650   1.450    .654    .212    .134  -9.999  -9.999    .151  -9.999
   152   2.650   1.450    .628    .197    .175  -9.999  -9.999    .189  -9.999
   191   2.650   1.450    .616    .192    .192  -9.999  -9.999    .183  -9.999
  3 CORONA PARTIAL  
    23   2.650   1.450    .622    .280    .098  -9.999  -9.999    .068  -9.999
    53   2.650   1.450    .557    .352    .091  -9.999  -9.999    .072  -9.999
   114   2.650   1.420    .486    .285    .229  -9.999  -9.999    .135  -9.999
  1 DANN            
    79   2.650   1.420    .364    .418    .218  -9.999  -9.999    .400  -9.999
  6 DARWASH         
     8   2.650   1.740    .813    .155    .032    .191  -9.999    .047  -9.999
    36   2.650   1.820    .765    .154    .081    .164  -9.999    .060  -9.999
    60   2.650   2.050    .749    .142    .109    .176  -9.999    .088  -9.999
    94   2.650   1.970    .734    .132    .134    .205  -9.999    .118  -9.999
   120   2.650   1.490    .831    .092    .077    .155  -9.999    .072  -9.999
   152   2.650   1.490    .865    .078    .057  -9.999  -9.999    .055  -9.999
  5 DEHY            
    10   2.650   1.060    .697    .200    .103    .376  -9.999    .147   6.100
    30   2.650   1.720    .740    .171    .089    .234  -9.999    .098  -9.999
    48   2.650   1.850    .800    .118    .082    .144  -9.999    .074  -9.999
    84   2.650   1.830    .744    .147    .109    .265  -9.999    .115  -9.999
   127   2.650   1.490    .793    .131    .076    .176  -9.999    .085  -9.999
  1 DEMOGUL         
   124   2.650   1.600    .515    .255    .230    .331  -9.999    .166  -9.999
  5 DEVRIES         
    10   2.650   1.550    .622    .265    .113    .240  -9.999    .077   6.400
    38   2.650   1.650    .613    .266    .121    .229  -9.999    .069  -9.999
    53   2.650   1.690    .592    .277    .131    .213  -9.999    .073  -9.999
    69   2.650   1.810    .589    .275    .136    .203  -9.999    .083  -9.999
   119   2.650   1.950    .574    .355    .071    .216  -9.999    .082  -9.999
  9 DOEL            
     5   2.650   1.450    .672    .266    .062  -9.999  -9.999    .106   7.900
    18   2.650   1.380    .644    .282    .074    .217  -9.999    .108   8.200
    36   2.650   1.410    .675    .251    .074    .197  -9.999    .110   8.200
    53   2.650   1.470    .627    .278    .095    .301  -9.999    .172   8.100
    74   2.650   1.450    .679    .251    .070  -9.999  -9.999    .168   8.000
    86   2.650   1.450    .703    .210    .087  -9.999  -9.999    .236   8.200
    99   2.650   1.450    .649    .281    .070  -9.999  -9.999    .220   8.100
   122   2.650   1.420    .511    .351    .138  -9.999  -9.999    .240  -9.999
   152   2.650   1.490    .977    .007    .016  -9.999  -9.999    .033  -9.999
  1 DOUGCITY        
   145   2.650   1.420    .384    .391    .225  -9.999  -9.999    .152  -9.999
  3 ECLIPSE         
    10   2.650   1.490    .785    .169    .046  -9.999  -9.999    .042  -9.999
    31   2.650   1.490    .782    .165    .053  -9.999  -9.999    .046  -9.999
   115   2.650   1.490    .961    .025    .014  -9.999  -9.999    .027  -9.999
  5 EL SOLYO        
    25   2.650   1.400    .146    .525    .329  -9.999  -9.999    .174   7.800
    43   2.650   1.400    .132    .525    .343    .293  -9.999    .186   7.900
    76   2.650   1.400    .142    .474    .384    .287  -9.999    .186   7.900
   114   2.650   1.400    .116    .516    .368    .305  -9.999    .176   7.800
   152   2.650   1.380    .095    .490    .415    .279  -9.999    .189   7.800
  3 EXCELSIOR       
    36   2.650   1.490    .801    .157    .042  -9.999  -9.999    .052  -9.999
    61   2.650   1.450    .729    .217    .054  -9.999  -9.999    .055  -9.999
   112   2.650   1.450    .655    .300    .045  -9.999  -9.999    .054  -9.999
  9 EXCELSIOR       
    29   2.650   1.450    .520    .377    .103  -9.999  -9.999    .078   7.900
    56   2.650   1.650    .492    .405    .103    .213  -9.999    .087   8.100
    74   2.650   1.690    .555    .354    .091    .184  -9.999    .078   7.900
    94   2.650   1.860    .502    .390    .108    .273  -9.999    .110   7.900
   102   2.650   1.350    .105    .551    .344    .425  -9.999    .176   7.700
   117   2.650   1.380    .538    .418    .044    .103  -9.999    .044   7.900
   137   2.650   1.270    .516    .391    .093    .217  -9.999    .057   7.700
   145   2.650   1.430    .520    .378    .102    .137  -9.999    .066   7.700
   155   2.650   1.800    .489    .361    .150    .176  -9.999    .090   7.600
 10 EXETER          
    15   2.650   1.800    .543    .325    .132    .200  -9.999    .079  -9.999
    23   2.650   1.750    .522    .352    .126    .184  -9.999    .080  -9.999
    41   2.650   1.820    .510    .363    .127    .175  -9.999    .075  -9.999
    53   2.650   1.820    .511    .359    .130    .167  -9.999    .069  -9.999
    66   2.650   2.000    .490    .363    .147    .198  -9.999    .092  -9.999
    71   2.650   1.990    .463    .203    .334    .239  -9.999    .189  -9.999
    81   2.650   1.420    .445    .436    .119    .129  -9.999    .108  -9.999
    89   2.650   1.450    .705    .206    .089    .161  -9.999    .115  -9.999
   117   2.650   1.600    .569    .190    .241    .128  -9.999    .101  -9.999
   142   2.650   1.450    .739    .101    .160    .107  -9.999    .093  -9.999
  9 EXETER          
    13   2.650   1.940    .551    .318    .131    .239  -9.999    .103   7.900
    23   2.650   1.450    .554    .295    .151    .183  -9.999    .091   7.600
    38   2.650   1.830    .496    .318    .186    .262  -9.999    .126   7.600
    51   2.650   1.810    .518    .314    .168    .253  -9.999    .119   7.600
    61   2.650   1.670    .503    .318    .179    .220  -9.999    .112  -9.999
    84   2.650   1.490    .817    .142    .041  -9.999  -9.999    .183  -9.999
   114   2.650   1.800    .617    .349    .034    .225  -9.999    .122  -9.999
   145   2.650   1.870    .561    .412    .027    .245  -9.999    .095  -9.999
   183   2.650   1.770    .435    .483    .082    .234  -9.999    .101  -9.999
  1 FIDDYMENT       
    66   2.650   1.420    .290    .396    .314  -9.999  -9.999    .202  -9.999
  5 FIDDYMENT       
    10   2.650   1.670    .526    .379    .095    .199  -9.999    .073  -9.999
    20   2.650   1.720    .543    .355    .102    .206  -9.999    .065  -9.999
    38   2.650   1.750    .518    .356    .126    .240  -9.999    .077  -9.999
    61   2.650   1.420    .333    .356    .311    .308  -9.999    .172  -9.999
    72   2.650   1.420    .316    .363    .321    .337  -9.999    .193  -9.999
  6 FIDDYMENT       
     4   2.650   1.450    .613    .296    .091  -9.999  -9.999    .091   5.100
    22   2.650   1.830    .611    .291    .098    .201  -9.999    .077  -9.999
    38   2.650   1.450    .605    .288    .107  -9.999  -9.999    .065  -9.999
    51   2.650   1.450    .597    .310    .093  -9.999  -9.999    .070  -9.999
    64   2.650   1.420    .428    .278    .294  -9.999  -9.999    .169  -9.999
    82   2.650   1.420    .443    .249    .308    .261  -9.999    .180  -9.999
  7 FRANCISCAN      
     5   2.650   1.430    .395    .391    .214    .413  -9.999    .174   6.500
    12   2.650   1.420    .389    .391    .220  -9.999  -9.999    .133  -9.999
    30   2.650   1.750    .351    .418    .231    .308  -9.999    .161  -9.999
    40   2.650   1.420    .396    .304    .300  -9.999  -9.999    .145  -9.999
    48   2.650   1.420    .286    .338    .376  -9.999  -9.999    .182  -9.999
    63   2.650   1.420    .312    .336    .352  -9.999  -9.999    .187  -9.999
    79   2.650   1.420    .399    .248    .353  -9.999  -9.999    .185  -9.999
  3 GRAB SAMPLE     
    33   2.650   1.450    .626    .311    .063  -9.999  -9.999    .247  -9.999
    51   2.650   1.450    .533    .360    .107  -9.999  -9.999    .257  -9.999
    76   2.650   1.420    .268    .360    .372  -9.999  -9.999    .329  -9.999
  4 GRAB SAMPLE     
    13   2.650   1.450    .559    .409    .032  -9.999  -9.999    .055  -9.999
    23   2.650   1.420    .441    .488    .071  -9.999  -9.999    .060  -9.999
    28   2.650   1.320    .292    .529    .179  -9.999  -9.999    .255   8.900
    41   2.650   1.420    .398    .461    .141  -9.999  -9.999    .361   9.000
  1 GRAB SAMPLE     
    36   2.650   1.490    .835    .135    .030  -9.999  -9.999    .042  -9.999
  4 GRAB SAMPLES    
    25   2.650   1.400    .048    .664    .288  -9.999  -9.999    .368   7.600
    41   2.650   1.320    .080    .675    .245  -9.999  -9.999    .205   8.300
    71   2.650   1.380    .060    .509    .431  -9.999  -9.999    .363   8.100
    89   2.650   1.380    .035    .438    .527  -9.999  -9.999    .402   8.400
  2 GRAB SAMPLES    
    28   2.650   1.400    .159    .499    .342  -9.999  -9.999    .328  -9.999
    43   2.650   1.400    .129    .516    .355  -9.999  -9.999    .351  -9.999
  2 GRAB SAMPLES    
     3   2.650   1.420    .418    .447    .135  -9.999  -9.999    .189  -9.999
    10   2.650   1.420    .347    .454    .199  -9.999  -9.999    .186  -9.999
  3 GRABSAMPLE      
    23   2.650   1.450    .628    .279    .093  -9.999  -9.999    .064  -9.999
    46   2.650   1.450    .546    .377    .077  -9.999  -9.999    .052  -9.999
    61   2.650   1.420    .410    .270    .320  -9.999  -9.999    .151  -9.999
  3 GRANGEVILLE     
    23   2.650   1.490    .843    .129    .028  -9.999  -9.999    .039  -9.999
    69   2.650   1.320    .212    .678    .110  -9.999  -9.999    .174  -9.999
   170   2.650   1.450    .726    .241    .033  -9.999  -9.999    .051  -9.999
  7 HELENDALE       
    36   2.650   1.490    .895    .080    .025  -9.999  -9.999    .030  -9.999
    64   2.650   1.450    .728    .140    .132  -9.999  -9.999    .078  -9.999
    84   2.650   1.450    .749    .144    .107  -9.999  -9.999    .067  -9.999
   102   2.650   1.450    .701    .175    .124  -9.999  -9.999    .083  -9.999
   137   2.650   1.450    .727    .236    .037  -9.999  -9.999    .106  -9.999
   152   2.650   1.490    .850    .120    .030  -9.999  -9.999    .046  -9.999
    48   2.650   1.390    .283    .161    .556  -9.999  -9.999    .398  -9.999
  8 HERLONG         
     8   2.650   1.510    .528    .389    .083    .217  -9.999    .110   8.400
    15   2.650   1.420    .475    .401    .124  -9.999  -9.999    .121   8.600
    23   2.650   1.680    .400    .413    .187    .309  -9.999    .192   8.400
    30   2.650   1.450    .580    .318    .102  -9.999  -9.999    .096   9.000
    43   2.650   1.450    .762    .124    .114  -9.999  -9.999    .097   8.600
    61   2.650   1.450    .777    .117    .106  -9.999  -9.999    .135   8.600
   117   2.650   1.650    .656    .169    .175    .371  -9.999    .267  10.200
   173   2.650   1.450    .666    .177    .157  -9.999  -9.999    .226   9.300
  3 HI VISTA        
    30   2.650   1.780    .757    .196    .047    .105  -9.999    .052  -9.999
    38   2.650   1.800    .680    .177    .143    .200  -9.999    .112  -9.999
    69   2.650   1.810    .722    .192    .086    .167  -9.999    .090   8.500
  4 HI VISTA        
    15   2.650   1.450    .725    .214    .061  -9.999  -9.999    .055  -9.999
    34   2.650   1.740    .747    .187    .066    .134  -9.999    .068  -9.999
    61   2.650   1.720    .726    .192    .082    .162  -9.999    .074  -9.999
    79   2.650   1.600    .661    .107    .232    .214  -9.999    .136  -9.999
  7 HILLGATE        
     7   2.650   1.560    .433    .388    .179    .376  -9.999    .122   6.200
    28   2.650   1.670    .432    .373    .195    .276  -9.999    .119   5.600
    48   2.650   1.810    .427    .359    .214    .288  -9.999    .141   5.600
    95   2.650   1.390    .304    .271    .425    .302  -9.999    .227   6.200
   133   2.650   1.420    .326    .310    .364    .332  -9.999    .207   7.200
   158   2.650   1.420    .337    .317    .346    .327  -9.999    .219   7.500
   182   2.650   1.420    .361    .298    .341    .352  -9.999    .219   7.400
 10 HILLGATE        
     3   2.650   1.550    .430    .323    .247    .324  -9.999    .169  -9.999
     8   2.650   1.790    .417    .318    .265    .304  -9.999    .200  -9.999
    23   2.650   1.780    .397    .291    .312    .311  -9.999    .219  -9.999
    56   2.650   1.420    .400    .297    .303    .293  -9.999    .192  -9.999
    74   2.650   1.420    .418    .289    .293    .248  -9.999    .193  -9.999
    93   2.650   1.600    .466    .271    .263  -9.999  -9.999    .213  -9.999
   114   2.650   1.420    .437    .311    .252    .250  -9.999    .187  -9.999
   155   2.650   1.420    .366    .346    .288    .258  -9.999    .185  -9.999
   180   2.650   1.420    .418    .285    .297  -9.999  -9.999    .192  -9.999
   193   2.650   1.390    .297    .195    .508  -9.999  -9.999    .275   7.800
  7 HORST           
     4   2.650   1.410    .039    .738    .223    .372  -9.999    .200   6.400
    20   2.650   1.350    .099    .673    .228    .387  -9.999    .176   6.800
    52   2.650   1.320    .137    .652    .211  -9.999  -9.999    .181   6.600
    95   2.650   1.400    .112    .680    .208    .388  -9.999    .196   6.800
   125   2.650   1.420    .103    .691    .206    .399  -9.999    .199   6.900
   160   2.650   1.610    .113    .701    .186    .357  -9.999    .217   7.000
   225   2.650   1.320    .088    .740    .172  -9.999  -9.999    .181   7.100
  8 INLOW           
     8   2.650   1.320    .336    .543    .121  -9.999  -9.999    .103   7.000
    20   2.650   1.320    .338    .534    .128  -9.999  -9.999    .098  -9.999
    33   2.650   1.450    .328    .545    .127    .251  -9.999    .102  -9.999
    58   2.650   1.680    .306    .523    .171    .259  -9.999    .183   8.100
    84   2.650   1.430    .324    .496    .180    .399  -9.999    .174   9.400
   107   2.650   1.450    .543    .366    .091  -9.999  -9.999    .209  10.300
   150   2.650   1.420    .427    .432    .141  -9.999  -9.999    .200  10.300
   175   2.650   1.490    .813    .150    .037  -9.999  -9.999    .088   9.800
 10 JERRYSLU        
     3   2.650   1.420    .465    .447    .088    .246  -9.999    .074   6.900
     8   2.650   1.670    .546    .397    .057    .202  -9.999    .033   7.800
    10   2.650   1.800    .503    .358    .139    .198  -9.999    .086   9.200
    23   2.650   1.760    .480    .269    .251    .243  -9.999    .174  10.100
    31   2.650   1.510    .536    .302    .162    .267  -9.999    .098  10.200
    42   2.650   1.300    .349    .484    .167    .270  -9.999    .096  10.300
    74   2.650   1.330    .336    .491    .173    .355  -9.999    .113  10.300
    89   2.650   1.540    .442    .378    .180    .251  -9.999    .112  10.200
   107   2.650   1.840    .604    .285    .111    .236  -9.999    .098   8.900
   126   2.650   1.800    .575    .285    .140    .194  -9.999    .103   8.100
  6 KLIPSTEIN       
     5   2.650   1.450    .563    .333    .104  -9.999  -9.999    .094   7.200
    18   2.650   2.090    .690    .236    .074    .194  -9.999    .094  -9.999
    43   2.650   1.450    .635    .274    .091  -9.999  -9.999    .077  -9.999
    91   2.650   1.490    .793    .161    .046  -9.999  -9.999    .051   7.900
   112   2.650   1.450    .689    .232    .079  -9.999  -9.999    .081   7.700
   165   2.650   1.490    .845    .121    .034  -9.999  -9.999    .060   7.700
  8 KOHFIELD        
     8   2.650   1.490    .954    .022    .024  -9.999  -9.999    .016   9.100
    20   2.650   1.790    .830    .032    .138    .186  -9.999    .102  10.100
    33   2.650   1.850    .600    .213    .187    .287  -9.999    .144  10.000
    48   2.650   1.450    .589    .280    .131    .373  -9.999    .133   9.900
    61   2.650   1.910    .891    .065    .044    .201    .202    .053   9.500
   109   2.650   1.490    .979    .005    .016  -9.999  -9.999    .018   9.400
   135   2.650   1.450    .761    .126    .113  -9.999  -9.999    .090   8.600
   153   2.650   1.450    .715    .110    .175  -9.999  -9.999    .146   8.700
  1 LAHASH          
   142   2.650   1.490    .816    .161    .023  -9.999  -9.999    .021  -9.999
 10 LAKEVIEW        
    10   2.650   1.420    .422    .388    .190    .349  -9.999    .186   6.600
    23   2.650   1.410    .417    .386    .197    .357  -9.999    .178  -9.999
    36   2.650   1.500    .439    .361    .200    .393  -9.999    .210  -9.999
    53   2.650   1.410    .588    .240    .172    .323  -9.999    .188  -9.999
    58   2.650   1.450    .783    .115    .102  -9.999  -9.999    .142  -9.999
    99   2.650   1.250    .453    .365    .182    .404  -9.999    .195   7.900
   104   2.650   1.450    .777    .143    .080  -9.999  -9.999    .125   8.000
   112   2.650   1.320    .142    .647    .211  -9.999  -9.999    .280   7.900
   122   2.650   1.400    .022    .600    .378  -9.999  -9.999    .400   7.700
   152   2.650   1.320    .066    .734    .200  -9.999  -9.999    .337   7.600
  6 LALOS           
    18   2.650   1.450    .599    .328    .073  -9.999  -9.999    .260   8.600
    33   2.650   1.450    .573    .351    .076  -9.999  -9.999    .249   9.000
    51   2.650   1.030    .387    .417    .196    .418  -9.999    .207   8.900
    76   2.650   1.060    .303    .405    .292    .483  -9.999    .248   9.400
   137   2.650   1.420    .443    .410    .147  -9.999  -9.999    .290  10.200
   165   2.650   1.450    .646    .283    .071  -9.999  -9.999    .219  10.300
  1 LAPINE          
   158   2.650   1.450    .563    .347    .090  -9.999  -9.999    .225  -9.999
  6 LEWKALB         
    30   2.650   1.490    .900    .067    .033  -9.999  -9.999    .034  -9.999
    71   2.650   1.490    .838    .127    .035  -9.999  -9.999    .043  -9.999
    89   2.650   1.450    .728    .216    .056  -9.999  -9.999    .071   8.800
    99   2.650   1.420    .456    .447    .097  -9.999  -9.999    .139   8.700
   124   2.650   1.450    .723    .146    .131  -9.999  -9.999    .122   8.700
   152   2.650   1.490    .902    .059    .039  -9.999  -9.999    .133   9.000
  4 LORELLA         
     8   2.650   1.420    .470    .336    .194  -9.999  -9.999    .187  -9.999
    20   2.650   1.420    .423    .335    .242  -9.999  -9.999    .189  -9.999
    28   2.650   1.420    .369    .322    .309  -9.999  -9.999    .220  -9.999
    41   2.650   1.420    .326    .306    .368  -9.999  -9.999    .248  -9.999
  7 LOSLOBOS        
     8   2.650   1.600    .692    .209    .099    .258  -9.999    .112   7.200
    36   2.650   1.630    .714    .193    .093    .179  -9.999    .086  -9.999
    53   2.650   1.580    .717    .191    .092    .193  -9.999    .093  -9.999
    74   2.650   1.750    .707    .197    .096    .248  -9.999    .130  -9.999
   102   2.650   1.450    .729    .186    .085  -9.999  -9.999    .094  -9.999
   127   2.650   1.490    .823    .134    .043  -9.999  -9.999    .066  -9.999
   160   2.650   1.490    .890    .091    .019  -9.999  -9.999    .031  -9.999
  7 LUBKIN          
    10   2.650   1.970    .749    .209    .042    .179  -9.999    .041  -9.999
    21   2.650   2.050    .677    .260    .063    .201  -9.999    .055  -9.999
    40   2.650   2.120    .668    .198    .134    .167  -9.999    .081  -9.999
    87   2.650   2.200    .720    .192    .088    .139  -9.999    .053  -9.999
   117   2.650   2.090    .751    .203    .046    .201  -9.999    .027  -9.999
   145   2.650   2.010    .965    .007    .028    .167  -9.999    .024  -9.999
   175   2.650   1.490    .959    .032    .009  -9.999  -9.999    .016  -9.999
  7 LUNSFURD        
    10   2.650    .890    .502    .329    .169    .429  -9.999    .217   8.300
    18   2.650   1.070    .518    .319    .163    .480  -9.999    .235   8.400
    33   2.650    .990    .501    .334    .165    .421  -9.999    .219   8.100
    50   2.650    .940    .504    .324    .172    .391  -9.999    .206   8.100
    74   2.650    .910    .512    .344    .144    .413  -9.999    .184  -9.999
    91   2.650    .900    .532    .323    .145    .445  -9.999    .178  -9.999
   152   2.650    .970    .560    .319    .121    .490  -9.999    .197  -9.999
  9 MANTECA         
    17   2.650   1.640    .594    .298    .108    .221  -9.999    .100   7.700
    28   2.650   1.760    .578    .314    .108    .202  -9.999    .107  -9.999
    44   2.650   1.760    .572    .312    .116    .192  -9.999    .109  -9.999
    61   2.650   1.700    .564    .284    .152    .192  -9.999    .112  -9.999
   135   2.650   1.710    .518    .404    .078    .292  -9.999    .111  -9.999
   185   2.650   1.620    .668    .271    .061    .279  -9.999    .073  -9.999
   196   2.650   1.490    .836    .107    .057  -9.999  -9.999    .031  -9.999
   207   2.650   1.420    .499    .358    .143  -9.999  -9.999    .101   8.200
   251   2.650   1.420    .330    .497    .173  -9.999  -9.999    .124   7.700
  8 MANZANAR        
     8   2.650   1.120    .320    .514    .166    .461  -9.999    .142   7.900
    20   2.650   1.320    .338    .473    .189    .451  -9.999    .199   7.200
    43   2.650   1.180    .333    .503    .164    .400  -9.999    .169   7.900
    62   2.650   1.290    .259    .518    .223    .457  -9.999    .210   7.800
    85   2.650   1.290    .273    .439    .288    .457  -9.999    .213   7.800
   104   2.650   1.190    .293    .404    .303    .483  -9.999    .207   7.800
   116   2.650   1.410    .350    .400    .250    .443  -9.999    .219   7.500
   156   2.650   1.640    .519    .403    .078    .272  -9.999    .090  -9.999
  6 MAZOURKA        
     3   2.650   1.490    .888    .084    .028  -9.999  -9.999    .030  -9.999
    10   2.650   1.690    .670    .225    .105    .164  -9.999    .074  -9.999
    28   2.650   1.670    .527    .262    .211    .262  -9.999    .150   8.000
    43   2.650   1.720    .899    .031    .070    .126  -9.999    .064  -9.999
    61   2.650   1.800    .960    .011    .029    .139  -9.999    .032  -9.999
   130   2.650   1.980    .976    .005    .019    .115  -9.999    .026  -9.999
  7 MAZOURKA        
     3   2.650   1.490    .897    .077    .026  -9.999  -9.999    .027  -9.999
    10   2.650   1.800    .736    .171    .093    .153  -9.999    .059  -9.999
    20   2.650   1.960    .742    .084    .174    .192  -9.999    .116   8.300
    38   2.650   1.910    .814    .044    .142    .160  -9.999    .086   8.400
    71   2.650   2.010    .928    .004    .068    .145  -9.999    .062   8.800
   127   2.650   1.940    .957    .006    .037    .089  -9.999    .039   8.500
   160   2.650   2.210    .968    .002    .030    .126  -9.999    .038   8.700
  6 MCVAR           
     3   2.650   1.490    .862    .102    .036  -9.999  -9.999    .036  -9.999
    15   2.650   1.840    .822    .142    .036    .116    .202    .042  -9.999
    36   2.650   1.880    .793    .134    .073    .118    .126    .070  -9.999
    66   2.650   2.140    .802    .121    .077    .146    .180    .068  -9.999
   107   2.650   1.490    .865    .074    .061    .112    .125    .052  -9.999
   152   2.650   1.490    .884    .088    .028  -9.999  -9.999    .030  -9.999
  9 MILAGRO         
    15   2.650   1.450    .706    .225    .069  -9.999  -9.999    .070   7.800
    38   2.650   1.450    .710    .221    .069  -9.999  -9.999    .068   7.800
    58   2.650   1.450    .657    .283    .060  -9.999  -9.999    .070  -9.999
    74   2.650   1.450    .331    .532    .137    .323  -9.999    .133   7.900
    84   2.650   1.360    .620    .315    .065    .158  -9.999    .064  -9.999
    91   2.650   1.430    .747    .202    .051    .167  -9.999    .050  -9.999
   112   2.650   1.470    .479    .381    .140    .268  -9.999    .119   7.800
   147   2.650   1.470    .430    .431    .139    .378  -9.999    .128  -9.999
   165   2.650   1.470    .694    .233    .073    .143  -9.999    .071  -9.999
  8 MILLOX          
    10   2.650   1.420    .270    .394    .336  -9.999  -9.999    .186   7.900
    23   2.650   1.420    .281    .367    .352    .403  -9.999    .274   8.000
    59   2.650   1.420    .251    .373    .376    .435  -9.999    .253   8.200
    86   2.650   1.420    .278    .381    .341    .450  -9.999    .307   8.600
   127   2.650   1.450    .529    .274    .197    .303  -9.999    .165   9.000
   137   2.650   1.320    .265    .513    .222    .297  -9.999    .172   9.100
   158   2.650   1.600    .422    .419    .159    .310  -9.999    .154   9.200
   173   2.650   1.700    .411    .420    .169    .313  -9.999    .162   8.900
  1 MINERSVILLE     
   107   2.650   1.770    .895    .084    .021    .250  -9.999    .069  -9.999
  7 MODOC           
     8   2.650   1.320    .297    .506    .197  -9.999  -9.999    .153   6.300
    30   2.650   1.270    .286    .489    .225    .243  -9.999    .135   7.000
    53   2.650   1.420    .289    .496    .215  -9.999  -9.999    .149   7.300
    86   2.650   1.520    .233    .488    .279    .404  -9.999    .260   7.400
   107   2.650   1.420    .413    .454    .133  -9.999  -9.999    .256   8.000
   140   2.650   1.290    .416    .422    .162    .409  -9.999    .226   7.900
   152   2.650   1.450    .694    .150    .156  -9.999  -9.999    .168   7.800
  8 MOONBEND        
    21   2.650   1.430    .160    .584    .256    .392  -9.999    .173   6.900
    47   2.650   1.410    .065    .636    .299    .420  -9.999    .202   6.700
    85   2.650   1.500    .142    .511    .347    .421  -9.999    .246   6.700
   104   2.650   1.500    .249    .496    .255    .387  -9.999    .203   7.000
   129   2.650   1.400    .196    .554    .250    .386  -9.999    .185   6.800
   160   2.650   1.520    .179    .576    .245    .418  -9.999    .201   7.400
   190   2.650   1.550    .271    .503    .226    .397  -9.999    .189   7.600
   215   2.650   1.420    .358    .462    .180  -9.999  -9.999    .149   7.700
  1 OKIOTA          
    13   2.650   1.390    .147    .312    .541  -9.999  -9.999    .345  -9.999
  2 OKIOTU TAX      
    15   2.650   1.600    .548    .224    .228    .328  -9.999    .208  -9.999
    40   2.650   1.420    .440    .241    .319    .335  -9.999    .213  -9.999
  6 ONEIL           
     7   2.650   1.640    .146    .654    .200    .366  -9.999    .197   7.300
    16   2.650   1.550    .148    .641    .211    .327  -9.999    .214  -9.999
    33   2.650   1.520    .133    .656    .211    .322  -9.999    .179  -9.999
    52   2.650   1.530    .124    .661    .215    .384  -9.999    .188  -9.999
    74   2.650   1.500    .147    .634    .219    .327  -9.999    .183  -9.999
    84   2.650   1.320    .351    .512    .137  -9.999  -9.999    .123  -9.999
  9 ORANGEVALE      
    20   2.650   1.450    .734    .168    .098  -9.999  -9.999    .042   5.700
    38   2.650   1.830    .715    .142    .143    .152  -9.999    .079  -9.999
    51   2.650   1.600    .655    .134    .211  -9.999  -9.999    .109  -9.999
    74   2.650   1.850    .632    .137    .231    .194  -9.999    .135  -9.999
    99   2.650   1.600    .592    .118    .290  -9.999  -9.999    .158  -9.999
   122   2.650   1.850    .582    .118    .300    .290  -9.999    .198  -9.999
   145   2.650   1.600    .640    .107    .253  -9.999  -9.999    .160  -9.999
   183   2.650   1.770    .691    .108    .201    .292  -9.999    .173  -9.999
   203   2.650   1.450    .707    .108    .185  -9.999  -9.999    .122  -9.999
  5 PALLS           
     5   2.650   1.450    .637    .229    .134  -9.999  -9.999    .128   6.000
    20   2.650   1.940    .613    .270    .117    .244  -9.999    .080  -9.999
    53   2.650   1.970    .627    .238    .135    .236  -9.999    .095  -9.999
    74   2.650   1.450    .652    .178    .170  -9.999  -9.999    .096  -9.999
    79   2.650   1.600    .595    .136    .269  -9.999  -9.999    .168  -9.999
  5 PANOCHE         
    15   2.650   1.420    .330    .332    .338    .281  -9.999    .162  -9.999
    41   2.650   1.680    .336    .338    .326    .341  -9.999    .210  -9.999
    58   2.650   1.500    .299    .443    .258    .340  -9.999    .183  -9.999
    91   2.650   1.460    .363    .392    .245    .286  -9.999    .142  -9.999
   119   2.650   1.670    .510    .225    .265    .289  -9.999    .144  -9.999
  1 PARDALOE        
   119   2.650   1.420    .498    .378    .124  -9.999  -9.999    .139  -9.999
  3 PENTLAND        
    10   2.650   1.450    .592    .296    .112  -9.999  -9.999    .086  -9.999
    38   2.650   1.450    .616    .280    .104  -9.999  -9.999    .072   7.900
   112   2.650   1.450    .652    .255    .093  -9.999  -9.999    .067  -9.999
  9 PENTLAND        
     4   2.650   1.490    .791    .143    .066  -9.999  -9.999    .055   7.200
    13   2.650   1.830    .796    .143    .061    .185  -9.999    .062  -9.999
    32   2.650   1.830    .806    .135    .059    .132  -9.999    .060  -9.999
    55   2.650   1.800    .824    .120    .056    .124  -9.999    .065  -9.999
    76   2.650   2.190    .812    .131    .057    .162  -9.999    .074  -9.999
    94   2.650   1.880    .791    .149    .060    .132  -9.999    .073  -9.999
   107   2.650   1.720    .814    .135    .051    .122  -9.999    .062  -9.999
   140   2.650   1.880    .823    .132    .045    .128  -9.999    .060  -9.999
   165   2.650   1.490    .843    .122    .035  -9.999  -9.999    .030  -9.999
  4 PENTZ           
    10   2.650   1.780    .590    .253    .157    .294  -9.999    .132   5.500
    22   2.650   1.800    .591    .248    .161    .245  -9.999    .124  -9.999
    32   2.650   1.450    .588    .243    .169    .194  -9.999    .109  -9.999
    39   2.650   1.450    .576    .241    .183  -9.999  -9.999    .122  -9.999
  5 PILOTWELL       
    13   2.650   1.550    .905    .056    .039    .112  -9.999    .037  -9.999
    36   2.650   1.810    .871    .078    .051    .172  -9.999    .054  -9.999
    63   2.650   1.700    .843    .100    .057    .156  -9.999    .073  -9.999
    68   2.650   1.810    .857    .099    .044    .168  -9.999    .074  -9.999
    75   2.650   2.160    .917    .066    .017    .110  -9.999    .050  -9.999
  4 PINEHURST       
    13   2.650   1.060    .549    .388    .063    .158  -9.999    .096  -9.999
    38   2.650   1.430    .519    .391    .090    .285  -9.999    .123  -9.999
    74   2.650   1.420    .494    .402    .104  -9.999  -9.999    .126  -9.999
   140   2.650   1.420    .342    .483    .175  -9.999  -9.999    .270  -9.999
  9 PLEITO          
    10   2.650   1.810    .612    .234    .154    .293  -9.999    .167   6.700
    20   2.650   1.780    .616    .230    .154    .263  -9.999    .148  -9.999
    46   2.650   1.750    .614    .230    .156    .250  -9.999    .154  -9.999
    63   2.650   1.720    .596    .236    .168    .267  -9.999    .158  -9.999
    81   2.650   1.780    .609    .231    .160    .242  -9.999    .162  -9.999
   117   2.650   1.680    .622    .230    .148    .239  -9.999    .143  -9.999
   142   2.650   1.820    .605    .234    .161    .242  -9.999    .149  -9.999
   163   2.650   1.450    .627    .223    .150    .222  -9.999    .123  -9.999
   203   2.650   1.800    .651    .232    .117    .319  -9.999    .130   7.900
  8 POLYGONS        
     8   2.650   1.380    .063    .421    .516  -9.999  -9.999    .262  -9.999
    24   2.650   1.380    .058    .408    .534  -9.999  -9.999    .258  -9.999
    77   2.650   1.380    .056    .423    .521  -9.999  -9.999    .253  -9.999
   190   2.650   1.320    .149    .585    .266  -9.999  -9.999    .207  -9.999
   103   2.650   1.380    .065    .492    .443  -9.999  -9.999    .255  -9.999
   222   2.650   1.400    .092    .539    .369  -9.999  -9.999    .253  -9.999
   178   2.650   1.380    .060    .426    .514  -9.999  -9.999    .259  -9.999
   200   2.650   1.400    .106    .623    .271  -9.999  -9.999    .230  -9.999
  7 POLYGONS        
   136   2.650   1.400    .071    .599    .330  -9.999  -9.999    .228  -9.999
   190   2.650   1.320    .073    .702    .225  -9.999  -9.999    .199  -9.999
   147   2.650   1.400    .082    .629    .289  -9.999  -9.999    .242  -9.999
   183   2.650   1.320    .155    .594    .251  -9.999  -9.999    .206  -9.999
   109   2.650   1.400    .076    .550    .374  -9.999  -9.999    .249  -9.999
   144   2.650   1.400    .080    .582    .338  -9.999  -9.999    .249  -9.999
   170   2.650   1.320    .142    .645    .213  -9.999  -9.999    .199  -9.999
  2 POLYGONS        
    92   2.650   1.380    .048    .415    .537  -9.999  -9.999    .269  -9.999
   140   2.650   1.400    .064    .559    .377  -9.999  -9.999    .249  -9.999
  2 POLYGONS        
    74   2.650   1.380    .051    .420    .529  -9.999  -9.999    .269  -9.999
    83   2.650   1.380    .053    .407    .540  -9.999  -9.999    .265  -9.999
  2 POLYGONS        
    78   2.650   1.380    .058    .425    .517  -9.999  -9.999    .266  -9.999
    95   2.650   1.380    .060    .433    .507  -9.999  -9.999    .282  -9.999
  2 POLYGONS        
    65   2.650   1.380    .054    .412    .534  -9.999  -9.999    .268  -9.999
    86   2.650   1.380    .062    .432    .506  -9.999  -9.999    .273  -9.999
  3 POLYGONS        
    55   2.650   1.380    .053    .414    .533  -9.999  -9.999    .269  -9.999
    68   2.650   1.380    .052    .421    .527  -9.999  -9.999    .266  -9.999
    80   2.650   1.380    .059    .462    .479  -9.999  -9.999    .269  -9.999
  9 RED BLUFF       
    12   2.650   1.630    .418    .400    .182    .284  -9.999    .114  -9.999
    20   2.650   1.700    .407    .371    .222    .264  -9.999    .126  -9.999
    40   2.650   1.660    .333    .348    .319    .295  -9.999    .168  -9.999
    63   2.650   1.650    .334    .337    .329    .287  -9.999    .186  -9.999
    83   2.650   1.760    .298    .277    .425    .317  -9.999    .238  -9.999
   110   2.650   1.390    .295    .258    .447    .309  -9.999    .200  -9.999
   130   2.650   1.420    .366    .283    .351    .237  -9.999    .196  -9.999
   153   2.650   1.420    .358    .290    .352    .334  -9.999    .202  -9.999
   173   2.650   1.420    .365    .308    .327    .371  -9.999    .210  -9.999
  8 REDDING         
     5   2.650   1.790    .507    .351    .142    .277  -9.999    .104  -9.999
    18   2.650   1.920    .492    .385    .123    .234  -9.999    .079  -9.999
    33   2.650   1.770    .460    .364    .176    .204  -9.999    .090  -9.999
    51   2.650   1.420    .399    .341    .260    .219  -9.999    .114  -9.999
    64   2.650   1.390    .249    .200    .551    .438  -9.999    .246  -9.999
    71   2.650   1.390    .242    .174    .584  -9.999  -9.999    .281  -9.999
   168   2.650   1.490    .848    .085    .067  -9.999  -9.999    .189  -9.999
   190   2.650   1.600    .528    .251    .221  -9.999  -9.999    .189  -9.999
  7 SALADO          
    15   2.650   1.420    .501    .334    .165    .314    .341    .104   7.400
    46   2.650   1.710    .503    .352    .145    .311    .335    .116   7.900
    66   2.650   1.470    .565    .322    .113    .245  -9.999    .087   8.100
    84   2.650   1.450    .529    .354    .117    .278    .377    .083   8.100
   104   2.650   1.510    .495    .383    .122    .242  -9.999    .089   8.100
   122   2.650   1.550    .514    .360    .126    .231  -9.999    .088   8.100
   152   2.650   1.490    .601    .294    .105    .250  -9.999    .086   8.100
  9 SALISBURY       
     5   2.650   1.420    .486    .357    .157  -9.999  -9.999    .190  -9.999
    13   2.650   1.420    .439    .376    .185  -9.999  -9.999    .166  -9.999
    23   2.650   1.420    .422    .353    .225  -9.999  -9.999    .180  -9.999
    38   2.650   1.420    .412    .350    .238  -9.999  -9.999    .189  -9.999
    51   2.650   1.390    .319    .223    .458  -9.999  -9.999    .296  -9.999
    58   2.650   1.390    .311    .236    .453  -9.999  -9.999    .399   7.300
    74   2.650   1.490    .802    .143    .055  -9.999  -9.999    .319  -9.999
   124   2.650   1.490    .771    .170    .059  -9.999  -9.999    .259  -9.999
   152   2.650   1.450    .749    .167    .084  -9.999  -9.999    .229  -9.999
 10 SAN JOAJUIN     
     9   2.650   1.670    .366    .498    .136    .259  -9.999    .114  -9.999
    19   2.650   1.770    .346    .535    .119    .237  -9.999    .076  -9.999
    41   2.650   1.740    .358    .523    .119    .238  -9.999    .082  -9.999
    59   2.650   1.760    .361    .516    .123    .257  -9.999    .102  -9.999
    71   2.650   1.420    .292    .314    .394    .436  -9.999    .229  -9.999
   190   2.650   1.320    .240    .550    .210    .264  -9.999    .182  -9.999
   210   2.650   1.420    .441    .376    .183  -9.999  -9.999    .136  -9.999
   240   2.650   1.420    .414    .282    .304  -9.999  -9.999    .162  -9.999
   290   2.650   1.420    .463    .289    .248  -9.999  -9.999    .186  -9.999
   300   2.650   1.450    .655    .175    .170  -9.999  -9.999    .142  -9.999
  6 SAN JOAQUIN     
    20   2.650   1.780    .398    .464    .138    .271  -9.999    .100  -9.999
    40   2.650   1.730    .385    .473    .142    .215  -9.999    .102  -9.999
    48   2.650   1.730    .385    .407    .208    .227  -9.999    .140  -9.999
    71   2.650   1.420    .317    .354    .329    .261  -9.999    .186  -9.999
   102   2.650   1.420    .317    .491    .192    .189  -9.999    .139  -9.999
   152   2.650   1.420    .464    .389    .147    .186  -9.999    .125  -9.999
  8 SAN JOAQUIN     
    15   2.650   1.530    .303    .563    .134    .275  -9.999    .090   6.200
    25   2.650   1.710    .309    .560    .131    .238  -9.999    .091   5.700
    41   2.650   1.730    .319    .523    .158    .228  -9.999    .112   5.800
    53   2.650   1.420    .284    .338    .378    .325  -9.999    .234   6.000
    66   2.650   1.420    .317    .316    .367    .304  -9.999    .209   6.100
    74   2.650   1.420    .463    .424    .113    .229  -9.999    .132   7.200
   122   2.650   1.860    .464    .373    .163    .286  -9.999    .171   7.800
   152   2.650   1.740    .643    .188    .169    .224  -9.999    .141   7.800
  3 SAN JOAQUIN     
    68   2.650   1.420    .498    .332    .170  -9.999  -9.999    .095  -9.999
    77   2.650   1.390    .352    .220    .428  -9.999  -9.999    .211  -9.999
   104   2.650   1.450    .666    .249    .085    .306  -9.999    .210  -9.999
  6 SORRELL         
    10   2.650   1.370    .739    .176    .085    .237  -9.999    .075   5.800
    28   2.650   1.480    .755    .167    .078    .194  -9.999    .084  -9.999
    51   2.650   1.580    .736    .169    .095    .212  -9.999    .092  -9.999
    66   2.650   1.750    .660    .225    .115    .227  -9.999    .112  -9.999
    91   2.650   1.700    .669    .204    .127    .250  -9.999    .124  -9.999
   100   2.650   1.490    .809    .126    .065  -9.999  -9.999    .097  -9.999
 10 TENNCO          
     3   2.650   1.380    .623    .306    .071    .146  -9.999    .054   7.000
    15   2.650   1.650    .656    .279    .065    .140  -9.999    .054   8.800
    20   2.650   1.580    .634    .251    .115    .205  -9.999    .074   9.400
    28   2.650   1.520    .657    .217    .126    .298  -9.999    .085   9.700
    36   2.650   1.450    .696    .209    .095  -9.999  -9.999    .061   9.900
    43   2.650   1.260    .470    .373    .157    .455  -9.999    .086  10.000
    56   2.650   1.340    .431    .441    .128    .289  -9.999    .079  10.000
    69   2.650   1.310    .344    .532    .124    .296  -9.999    .103   9.900
    95   2.650   1.680    .410    .412    .178    .232  -9.999    .153  10.000
   122   2.650   1.470    .338    .486    .176    .348  -9.999    .150  10.200
  5 TISDALE         
    13   2.650   1.420    .239    .475    .286  -9.999  -9.999    .176   6.000
    38   2.650   1.660    .235    .461    .304    .342  -9.999    .199  -9.999
    66   2.650   1.420    .263    .447    .290  -9.999  -9.999    .166  -9.999
    89   2.650   1.670    .274    .441    .285    .342  -9.999    .204  -9.999
    99   2.650   1.420    .280    .445    .275  -9.999  -9.999    .173  -9.999
  3 TOLLHOUSE       
     8   2.650   1.350    .794    .139    .067    .151  -9.999    .065   6.200
    11   2.650   1.550    .769    .149    .082    .183  -9.999    .079  -9.999
    51   2.650   1.870    .854    .111    .035    .180  -9.999    .060  -9.999
  5 TROSI           
     5   2.650   1.450    .730    .163    .107  -9.999  -9.999    .102  -9.999
    13   2.650   1.630    .587    .218    .195    .279  -9.999    .166  -9.999
    33   2.650   1.600    .578    .150    .272    .328  -9.999    .221  -9.999
    56   2.650   1.490    .764    .198    .038  -9.999  -9.999    .221  -9.999
    74   2.650   1.450    .729    .220    .051  -9.999  -9.999    .257  -9.999
  1 VALCREEK        
    79   2.650   1.490    .915    .068    .017  -9.999  -9.999    .067  -9.999
  1 VALPAC          
    66   2.650   1.320    .142    .624    .234  -9.999  -9.999    .210  -9.999
  9 VERITAS         
    20   2.650   1.790    .633    .322    .045    .181  -9.999    .068  -9.999
    38   2.650   1.740    .648    .299    .053    .165  -9.999    .066  -9.999
    75   2.650   1.720    .586    .357    .057    .210  -9.999    .067  -9.999
   100   2.650   1.450    .594    .357    .049  -9.999  -9.999    .059   7.700
   135   2.650   1.600    .580    .375    .045    .253  -9.999    .069  -9.999
   210   2.650   1.450    .636    .327    .037  -9.999  -9.999    .057  -9.999
   249   2.650   1.490    .764    .220    .016  -9.999  -9.999    .036  -9.999
   275   2.650   1.490    .923    .045    .032  -9.999  -9.999    .022  -9.999
   300   2.650   1.490    .926    .038    .036  -9.999  -9.999    .025  -9.999
  5 VERNALIS        
    25   2.650   1.420    .311    .389    .300    .256    .267    .163   7.300
    50   2.650   1.700    .308    .393    .299    .289  -9.999    .224   7.000
    86   2.650   1.520    .304    .447    .249    .304    .347    .176   7.500
   117   2.650   1.480    .309    .450    .241    .292  -9.999    .163   7.800
   157   2.650   1.570    .287    .468    .245    .317  -9.999    .173   7.800
  5 VIGNOLO         
    10   2.650   1.400    .167    .532    .301  -9.999  -9.999    .175   7.000
    35   2.650   1.400    .167    .544    .289    .302  -9.999    .189   6.700
    61   2.650   1.660    .161    .520    .319    .355  -9.999    .229   7.000
    76   2.650   1.400    .165    .526    .309    .312  -9.999    .192   7.300
    81   2.650   1.420    .262    .481    .257  -9.999  -9.999    .186   7.900
  9 VINELAND        
    10   2.650   1.490    .867    .099    .034  -9.999  -9.999    .040  -9.999
    20   2.650   1.490    .870    .094    .036    .052  -9.999    .037  -9.999
    43   2.650   1.490    .933    .049    .018  -9.999  -9.999    .031  -9.999
    66   2.650   1.420    .882    .091    .027    .119  -9.999    .043  -9.999
    71   2.650   1.550    .694    .222    .084    .296  -9.999    .087  -9.999
   102   2.650   1.710    .852    .110    .038    .128  -9.999    .055  -9.999
   119   2.650   1.420    .369    .456    .175    .390  -9.999    .142  -9.999
   150   2.650   1.620    .897    .069    .034    .110  -9.999    .041  -9.999
   160   2.650   1.450    .656    .211    .133  -9.999  -9.999    .087  -9.999
  3 VISE PARTIAL    
    33   2.650   1.450    .561    .338    .101  -9.999  -9.999    .088  -9.999
    58   2.650   1.450    .614    .319    .067  -9.999  -9.999    .080  -9.999
    97   2.650   1.420    .467    .400    .133  -9.999  -9.999    .131  -9.999
  1 WEAVERVILLE     
   142   2.650   1.420    .356    .253    .391    .317  -9.999    .196  -9.999
  7 WEEDPATCH       
    15   2.650   1.510    .284    .479    .237    .362  -9.999    .168   8.500
    28   2.650   1.320    .212    .523    .265    .313  -9.999    .180   9.500
    51   2.650   1.510    .233    .517    .250    .414  -9.999    .213   9.300
    71   2.650   1.350    .269    .508    .223    .419  -9.999    .162   9.000
    94   2.650   1.480    .290    .474    .236    .392  -9.999    .186   8.700
   125   2.650   1.390    .302    .479    .219    .420  -9.999    .165   8.200
   158   2.650   1.420    .401    .387    .212  -9.999  -9.999    .156   7.900
  8 WELPORT         
     8   2.650   1.620    .594    .280    .126    .316  -9.999    .141   7.600
    26   2.650   1.540    .622    .266    .112    .254  -9.999    .122  -9.999
    40   2.650   1.730    .593    .277    .130    .268  -9.999    .178  -9.999
    61   2.650   1.760    .648    .237    .115    .218  -9.999    .180  -9.999
   104   2.650   1.670    .552    .319    .129    .289  -9.999    .145   7.900
   125   2.650   1.830    .624    .231    .145    .187  -9.999    .137   7.900
   137   2.650   1.640    .497    .312    .191    .290  -9.999    .162   7.700
   170   2.650   1.540    .579    .299    .122    .248  -9.999    .114   7.900
  1 WELPORT         
    40   2.650   1.450    .622    .264    .114  -9.999  -9.999    .116   7.700
  9 WESTFAN         
    10   2.650   1.420    .430    .358    .212    .261  -9.999    .143   6.900
    35   2.650   1.630    .443    .347    .210    .321  -9.999    .158   7.300
    62   2.650   1.420    .355    .401    .244    .311  -9.999    .180   7.500
    83   2.650   1.450    .535    .281    .184    .257  -9.999    .139   7.700
   108   2.650   1.720    .591    .266    .143    .275  -9.999    .143   7.900
   141   2.650   1.610    .581    .277    .142    .288  -9.999    .132   7.900
   175   2.650   1.580    .601    .264    .135    .261  -9.999    .123   8.000
   235   2.650   1.420    .302    .468    .230    .368  -9.999    .212   8.200
   250   2.650   1.400    .095    .528    .377  -9.999  -9.999    .329   8.300
  2 WHITEROCK       
     3   2.650   1.420    .402    .423    .175  -9.999  -9.999    .148   4.800
    20   2.650   1.420    .436    .393    .171  -9.999  -9.999    .091  -9.999
 10 WILLOWS         
    13   2.650   1.380    .026    .476    .498  -9.999  -9.999    .236   7.000
    32   2.650   1.380    .031    .479    .490    .375  -9.999    .250   7.800
    53   2.650   1.380    .031    .447    .522    .381  -9.999    .257   8.000
    77   2.650   1.380    .034    .440    .526    .403  -9.999    .255   7.800
    99   2.650   1.380    .038    .431    .531    .359  -9.999    .259   7.800
   121   2.650   1.380    .045    .430    .525    .367  -9.999    .255   7.900
   170   2.650   1.380    .046    .403    .551    .362  -9.999    .270   7.900
   186   2.650   1.390    .053    .383    .564    .398  -9.999    .292   8.000
   206   2.650   1.380    .076    .453    .471    .413  -9.999    .266   8.000
   220   2.650   1.390    .040    .309    .651    .410  -9.999    .310   8.200
  8 WILLOWS         
    12   2.650   1.380    .029    .451    .520  -9.999  -9.999    .239   7.000
    25   2.650   1.380    .027    .419    .554    .355  -9.999    .253   7.800
    42   2.650   1.380    .035    .416    .549    .319  -9.999    .251   8.100
    62   2.650   1.380    .038    .456    .506    .355  -9.999    .258   7.800
   101   2.650   1.390    .039    .395    .566    .396  -9.999    .271   8.000
   150   2.650   1.380    .041    .419    .540    .422  -9.999    .290   8.000
   187   2.650   1.380    .059    .432    .509    .433  -9.999    .244   8.000
   206   2.650   1.390    .040    .299    .661    .416  -9.999    .307   8.300
  9 WILLOWS         
    12   2.650   1.380    .029    .456    .515  -9.999  -9.999    .244   7.000
    34   2.650   1.380    .029    .438    .533    .359  -9.999    .253   7.900
    50   2.650   1.380    .029    .438    .533    .355  -9.999    .250   8.100
   100   2.650   1.380    .042    .445    .513    .359  -9.999    .255   7.800
   130   2.650   1.380    .045    .462    .493    .353  -9.999    .269   7.900
   150   2.650   1.380    .048    .460    .492    .392  -9.999    .276   8.000
   182   2.650   1.390    .060    .385    .555    .436  -9.999    .289   8.100
   202   2.650   1.380    .060    .465    .475    .415  -9.999    .282   8.000
   220   2.650   1.390    .040    .310    .650    .445  -9.999    .313   8.500
  8 WILLOWS         
    14   2.650   1.380    .037    .470    .493  -9.999  -9.999    .240   7.000
    32   2.650   1.380    .030    .429    .541  -9.999  -9.999    .246   7.700
    52   2.650   1.390    .043    .399    .558    .356  -9.999    .249   8.000
    86   2.650   1.380    .039    .400    .561    .352  -9.999    .248   7.700
   129   2.650   1.390    .039    .374    .587    .389  -9.999    .271   7.900
   144   2.650   1.390    .039    .327    .634    .418  -9.999    .285   8.100
   195   2.650   1.380    .041    .403    .556    .424  -9.999    .301   7.900
   220   2.650   1.390    .039    .306    .655    .473  -9.999    .316   8.500
  4 WILLOWS         
    57   2.650   1.380    .029    .432    .539  -9.999  -9.999    .255   8.200
    79   2.650   1.380    .042    .446    .512  -9.999  -9.999    .254   7.800
   107   2.650   1.380    .037    .401    .562  -9.999  -9.999    .268   7.900
   170   2.650   1.380    .053    .451    .496  -9.999  -9.999    .277   8.000
  5 WILLOWS         
    11   2.650   1.380    .030    .471    .499  -9.999  -9.999    .237   6.900
    25   2.650   1.380    .032    .428    .540  -9.999  -9.999    .247   7.800
    53   2.650   1.380    .033    .422    .545  -9.999  -9.999    .259   8.100
    84   2.650   1.380    .037    .411    .552  -9.999  -9.999    .255   7.700
   147   2.650   1.380    .039    .417    .544  -9.999  -9.999    .283   8.100
  2 WILLOWS         
    86   2.650   1.380    .039    .422    .539  -9.999  -9.999    .253   8.800
   135   2.650   1.380    .038    .402    .560  -9.999  -9.999    .257   7.900
  5 WILLOWS         
    61   2.650   1.380    .037    .437    .526  -9.999  -9.999    .250   8.000
    90   2.650   1.380    .039    .449    .512  -9.999  -9.999    .261   7.800
   155   2.650   1.390    .040    .381    .579  -9.999  -9.999    .282   8.000
   190   2.650   1.390    .055    .399    .546  -9.999  -9.999    .293   8.000
   220   2.650   1.390    .033    .320    .647  -9.999  -9.999    .313   8.200
  9 WINNEDUMAH      
    15   2.650   1.130    .266    .599    .135    .349  -9.999    .113   8.700
    29   2.650   1.000    .410    .477    .113    .395  -9.999    .173   8.800
    52   2.650   1.120    .154    .527    .319    .409  -9.999    .203   8.100
    69   2.650   1.250    .144    .517    .339    .415  -9.999    .206   8.000
    84   2.650   1.280    .133    .499    .368    .479  -9.999    .207   7.400
   115   2.650   1.420    .240    .449    .311    .334  -9.999    .219   7.200
   136   2.650   1.420    .468    .297    .235    .237  -9.999    .114   6.900
   157   2.650   1.900    .637    .224    .139    .234  -9.999    .099  -9.999
   190   2.650   1.720    .387    .468    .145    .306  -9.999    .117  -9.999
 10 WOO             
    10   2.650   1.420    .318    .442    .240  -9.999  -9.999    .155   7.200
    25   2.650   1.420    .302    .463    .235    .271  -9.999    .142   7.200
    46   2.650   1.760    .304    .457    .239    .333  -9.999    .180   7.400
    69   2.650   1.420    .293    .499    .208  -9.999  -9.999    .133  -9.999
    91   2.650   1.540    .149    .606    .245    .368  -9.999    .197   7.800
   119   2.650   1.400    .135    .543    .322  -9.999  -9.999    .189   7.900
   140   2.650   1.420    .297    .493    .210    .290  -9.999    .126   7.800
   183   2.650   1.530    .160    .662    .178    .382  -9.999    .141   7.800
   220   2.650   1.520    .446    .460    .094    .257  -9.999    .088   7.900
   254   2.650   1.320    .205    .692    .103  -9.999  -9.999    .087   7.900
  4 YETTEM PARTIAL  
    23   2.650   1.450    .746    .186    .068  -9.999  -9.999    .075  -9.999
    64   2.650   1.490    .783    .164    .053  -9.999  -9.999    .055  -9.999
   130   2.650   1.490    .817    .158    .025  -9.999  -9.999    .051  -9.999
   160   2.650   1.490    .874    .119    .007  -9.999  -9.999    .042  -9.999
  1 YETTEM PARTIAL  
    33   2.650   1.450    .583    .311    .106  -9.999  -9.999    .083  -9.999
  6 YOLO            
    12   2.650   1.490    .122    .612    .266    .377  -9.999    .195   7.100
    55   2.650   1.570    .120    .610    .270    .396  -9.999    .218   7.100
    70   2.650   1.400    .135    .639    .226    .300  -9.999    .185   7.200
    85   2.650   1.320    .151    .649    .200    .370  -9.999    .160   7.400
   115   2.650   1.300    .276    .538    .186    .309  -9.999    .144   7.800
   130   2.650   1.260    .061    .738    .201    .312  -9.999    .161   8.000
  2 YOUD            
    38   2.650   1.420    .448    .475    .077  -9.999  -9.999    .074  -9.999
    81   2.650   1.320    .237    .679    .084  -9.999  -9.999    .057  -9.999
  7 YUVAS           
    13   2.650   1.420    .431    .362    .207  -9.999  -9.999    .108   6.400
    25   2.650   1.640    .427    .370    .203    .274  -9.999    .120  -9.999
    36   2.650   1.760    .426    .387    .187    .250  -9.999    .118  -9.999
    41   2.650   1.420    .470    .350    .180  -9.999  -9.999    .099  -9.999
    61   2.650   1.390    .330    .223    .447    .363  -9.999    .243  -9.999
    71   2.650   1.420    .496    .358    .146  -9.999  -9.999    .189   7.600
    97   2.650   1.450    .558    .331    .111  -9.999  -9.999    .167   7.500
  6 ZACHARIAS       
    18   2.650   1.420    .443    .270    .287  -9.999  -9.999    .159   6.900
    36   2.650   1.420    .441    .268    .291    .220    .230    .168   6.700
    74   2.650   1.790    .517    .250    .233    .269    .310    .172  -9.999
    99   2.650   1.600    .577    .207    .216    .261    .299    .149  -9.999
   127   2.650   1.630    .516    .297    .187    .228  -9.999    .139  -9.999
   168   2.650   1.810    .282    .438    .280    .310  -9.999    .183   7.400
  8 ZALVIDEA        
    18   2.650   1.640    .671    .207    .122    .161  -9.999    .095   7.400
    36   2.650   1.300    .708    .188    .104    .201  -9.999    .071   7.600
    63   2.650   1.480    .633    .225    .142    .228  -9.999    .065   7.500
    71   2.650   1.340    .655    .243    .102    .248  -9.999    .079   7.500
   100   2.650   1.490    .555    .367    .078    .246  -9.999    .083   7.400
   130   2.650   1.460    .799    .169    .032    .168  -9.999    .036   7.700
   153   2.650   1.550    .669    .291    .040    .180  -9.999    .068   7.700
   160   2.650   1.450    .654    .324    .022  -9.999  -9.999    .078   7.500
