  8 ACACIO          
    10   2.650   1.660    .673    .271    .056    .279  -9.999    .095   7.400
    23   2.650   1.630    .589    .171    .240    .316  -9.999    .186   7.800
    31   2.650   1.700    .622    .172    .206    .280  -9.999    .192   7.900
    53   2.650   1.470    .491    .196    .313    .360  -9.999    .191   8.000
    76   2.650   1.610    .439    .209    .352    .332  -9.999    .217   7.900
    97   2.650   1.710    .471    .255    .274    .347  -9.999    .192   7.800
   127   2.650   1.540    .468    .262    .270    .334  -9.999    .180   7.700
   153   2.650   1.410    .482    .259    .259    .295  -9.999    .171   7.700
  9 ACREE           
    10   2.650   1.250    .393    .444    .163    .242  -9.999    .110   7.300
    20   2.650   1.600    .349    .399    .252    .310  -9.999    .162  -9.999
    30   2.650   1.420    .343    .380    .277  -9.999  -9.999    .162  -9.999
    41   2.650   1.420    .318    .404    .278  -9.999  -9.999    .156  -9.999
    61   2.650   1.420    .297    .358    .345    .331  -9.999    .202  -9.999
    76   2.650   1.420    .292    .357    .351  -9.999  -9.999    .206  -9.999
    99   2.650   1.420    .339    .363    .298  -9.999  -9.999    .175  -9.999
   127   2.650   1.420    .295    .430    .275  -9.999  -9.999    .163  -9.999
   152   2.650   1.540    .313    .416    .271    .306  -9.999    .176  -9.999
  9 ARBOLES         
     3   2.650   1.390    .244    .316    .440  -9.999  -9.999    .215   7.200
    15   2.650   1.390    .239    .300    .461    .353  -9.999    .204  -9.999
    30   2.650   1.390    .207    .318    .475  -9.999  -9.999    .215  -9.999
    58   2.650   1.390    .200    .334    .466  -9.999  -9.999    .221  -9.999
    76   2.650   1.390    .209    .354    .437    .336  -9.999    .222  -9.999
    94   2.650   1.420    .296    .348    .356  -9.999  -9.999    .209   7.700
   117   2.650   1.420    .276    .403    .321  -9.999  -9.999    .197   7.800
   152   2.650   1.670    .428    .290    .282    .342  -9.999    .215   7.800
   234   2.650   1.600    .506    .261    .233  -9.999  -9.999    .222   7.700
 10 BARX            
     5   2.650   1.290    .476    .382    .142    .228  -9.999    .083   7.000
    13   2.650   1.420    .437    .368    .195  -9.999  -9.999    .101  -9.999
    28   2.650   1.620    .469    .290    .241    .256  -9.999    .134  -9.999
    38   2.650   1.600    .548    .207    .245  -9.999  -9.999    .134  -9.999
    58   2.650   1.600    .547    .185    .268  -9.999  -9.999    .160  -9.999
    79   2.650   1.550    .503    .202    .295    .294  -9.999    .167   8.000
    97   2.650   1.420    .445    .196    .359  -9.999  -9.999    .153   8.200
   130   2.650   1.420    .420    .203    .377  -9.999  -9.999    .151   8.300
   152   2.650   1.520    .462    .206    .332    .196  -9.999    .140   8.400
   188   2.650   1.600    .553    .202    .245  -9.999  -9.999    .120   8.400
  8 BAYFIELD        
     5   2.650   1.540    .462    .418    .120    .180  -9.999    .097   6.800
    10   2.650   1.420    .389    .409    .202  -9.999  -9.999    .104  -9.999
    20   2.650   1.730    .199    .464    .337    .336  -9.999    .195  -9.999
    38   2.650   1.400    .153    .506    .341  -9.999  -9.999    .181   8.000
    51   2.650   1.400    .148    .483    .369    .322  -9.999    .189   8.200
    89   2.650   1.380    .100    .474    .426  -9.999  -9.999    .200   7.900
   122   2.650   1.400    .169    .499    .332    .279  -9.999    .172   8.000
   152   2.650   1.400    .144    .486    .370  -9.999  -9.999    .193   8.000
  7 BECKTON         
     7   2.650   1.440    .095    .582    .323    .397  -9.999    .210   8.000
    33   2.650   1.400    .035    .610    .355    .365  -9.999    .245   7.900
    59   2.650   1.380    .051    .531    .418    .436  -9.999    .265   7.900
    92   2.650   1.380    .055    .521    .424  -9.999  -9.999    .258   8.200
   132   2.650   1.400    .061    .547    .392    .322  -9.999    .255   8.200
   150   2.650   1.400    .138    .503    .359    .315  -9.999    .245   8.300
   198   2.650   1.600    .448    .384    .168    .307  -9.999    .146   8.400
  7 BILLINGS        
    14   2.650   1.320    .118    .651    .231  -9.999  -9.999    .125   7.600
    40   2.650   1.320    .136    .624    .240    .220  -9.999    .136   7.600
    55   2.650   1.320    .228    .587    .185  -9.999  -9.999    .104   8.000
    83   2.650   1.510    .277    .541    .182    .255  -9.999    .116   7.900
   123   2.650   1.520    .166    .582    .252    .281  -9.999    .152   7.900
   147   2.650   1.400    .151    .550    .299  -9.999  -9.999    .154   7.900
   210   2.650   1.400    .160    .506    .334  -9.999  -9.999    .183   7.700
  6 BODOT           
     8   2.650   1.450    .559    .256    .185    .209  -9.999    .090  -9.999
    15   2.650   1.450    .688    .114    .198  -9.999  -9.999    .106  -9.999
    28   2.650   1.380    .125    .448    .427  -9.999  -9.999    .224  -9.999
    53   2.650   1.380    .089    .470    .441    .458  -9.999    .265  -9.999
    76   2.650   1.400    .133    .595    .272  -9.999  -9.999    .160  -9.999
   102   2.650   1.390    .087    .329    .584    .461  -9.999    .293  -9.999
  8 CALE            
    15   2.650   1.270    .192    .480    .328    .395    .441    .194   7.300
    23   2.650   1.330    .170    .506    .324    .323  -9.999    .198   7.500
    31   2.650   1.320    .150    .479    .371    .329  -9.999    .216   7.600
    61   2.650   1.380    .097    .486    .417    .351    .378    .226   7.600
    86   2.650   1.400    .093    .521    .386    .344  -9.999    .209   7.800
   129   2.650   1.400    .183    .424    .393  -9.999  -9.999    .206   8.000
   170   2.650   1.270    .138    .384    .478    .370  -9.999    .184   7.800
   216   2.650   1.390    .221    .366    .413  -9.999  -9.999    .177   7.800
  7 CALLAN          
    10   2.650   1.450    .384    .436    .180    .255  -9.999    .119   7.300
    20   2.650   1.590    .310    .407    .283    .347  -9.999    .218  -9.999
    36   2.650   1.420    .259    .427    .314    .301  -9.999    .233   7.500
    56   2.650   1.420    .259    .435    .306  -9.999  -9.999    .256   7.900
    97   2.650   1.420    .253    .445    .302    .312  -9.999    .197   8.200
   122   2.650   1.420    .246    .463    .291  -9.999  -9.999    .179   8.000
   152   2.650   1.420    .265    .430    .305  -9.999  -9.999    .169   7.800
  1 DAILEY          
    30   2.650   1.490    .844    .095    .061  -9.999  -9.999    .043  -9.999
  6 DEGATER         
     8   2.650   1.380    .065    .493    .442    .338  -9.999    .222   7.300
    24   2.650   1.380    .038    .489    .473    .357  -9.999    .224   7.800
    52   2.650   1.380    .019    .486    .495    .363  -9.999    .225   7.400
    82   2.650   1.380    .016    .499    .485    .337  -9.999    .218   8.300
    94   2.650   1.380    .065    .506    .429  -9.999  -9.999    .201   8.300
   130   2.650   1.380    .088    .505    .407    .334  -9.999    .196   7.800
  4 DEGATER         
     5   2.650   1.430    .171    .542    .287    .317  -9.999    .176   7.400
    20   2.650   1.380    .097    .466    .437    .367  -9.999    .254   7.800
    54   2.650   1.380    .020    .484    .496    .359  -9.999    .240   7.700
    76   2.650   1.380    .022    .496    .482  -9.999  -9.999    .233   7.700
  6 DEGATER         
     9   2.650   1.580    .046    .531    .423    .341  -9.999    .240   6.900
    28   2.650   1.380    .023    .494    .483    .315  -9.999    .215   7.600
    48   2.650   1.380    .012    .489    .499    .342  -9.999    .237   7.800
    76   2.650   1.380    .016    .491    .493    .309  -9.999    .224   7.600
   102   2.650   1.380    .006    .528    .466  -9.999  -9.999    .193   7.600
   140   2.650   1.380    .004    .538    .458  -9.999  -9.999    .177   7.800
  3 DEGATER         
     3   2.650   1.370    .043    .528    .429    .356  -9.999    .200   7.300
    18   2.650   1.380    .027    .498    .475    .316  -9.999    .214  -9.999
    36   2.650   1.380    .026    .482    .492    .324  -9.999    .224   8.100
 10 DENVER          
     5   2.650   1.600    .507    .223    .270  -9.999  -9.999    .165   6.900
    14   2.650   1.610    .516    .252    .232    .208  -9.999    .132  -9.999
    20   2.650   1.390    .385    .206    .409  -9.999  -9.999    .213  -9.999
    32   2.650   1.390    .314    .187    .499  -9.999  -9.999    .270  -9.999
    48   2.650   1.390    .315    .202    .483    .420  -9.999    .263   7.300
    66   2.650   1.390    .311    .243    .446    .374  -9.999    .234   7.700
    94   2.650   1.420    .316    .286    .398  -9.999  -9.999    .229   7.800
   152   2.650   1.390    .327    .235    .438    .334  -9.999    .220   7.800
   218   2.650   1.420    .267    .364    .369  -9.999  -9.999    .241   7.700
   264   2.650   1.320    .189    .562    .249  -9.999  -9.999    .235   7.500
  5 FIRSTVIEW       
    15   2.650   1.450    .731    .183    .086  -9.999  -9.999    .061   6.100
    33   2.650   1.450    .732    .142    .126  -9.999  -9.999    .091   7.700
    41   2.650   1.450    .748    .120    .132  -9.999  -9.999    .093   7.800
    68   2.650   1.600    .531    .171    .298  -9.999  -9.999    .211   8.300
   101   2.650   1.420    .411    .206    .383  -9.999  -9.999    .247   8.400
  7 FRUITA          
    12   2.650   1.420    .364    .374    .262  -9.999  -9.999    .149   7.900
    32   2.650   1.420    .362    .371    .267  -9.999  -9.999    .152   7.800
    48   2.650   1.750    .406    .381    .213    .282  -9.999    .166   7.900
    67   2.650   1.420    .350    .457    .193    .241  -9.999    .128   8.100
    97   2.650   1.630    .279    .524    .197    .311  -9.999    .156   8.100
   146   2.650   1.700    .498    .311    .191    .270  -9.999    .114   8.200
   160   2.650   1.420    .394    .381    .225  -9.999  -9.999    .112   8.100
  7 FUERA           
    15   2.650   1.330    .531    .241    .228    .285  -9.999    .133   6.300
    25   2.650   1.780    .384    .174    .442    .315  -9.999    .258  -9.999
    51   2.650   1.390    .276    .164    .560    .335  -9.999    .232  -9.999
    86   2.650   1.390    .153    .361    .486    .263  -9.999    .202  -9.999
   107   2.650   1.420    .230    .437    .333    .233  -9.999    .163  -9.999
   127   2.650   1.400    .185    .447    .368  -9.999  -9.999    .171  -9.999
   157   2.650   1.380    .018    .469    .513    .233  -9.999    .213  -9.999
  8 FUGHES          
     8   2.650   1.420    .250    .425    .325  -9.999    .395    .217   6.200
    30   2.650   1.600    .184    .441    .375    .323  -9.999    .242  -9.999
    46   2.650   1.780    .107    .457    .436    .324  -9.999    .288  -9.999
    74   2.650   1.380    .070    .408    .522    .327  -9.999    .265   7.700
    89   2.650   1.390    .161    .373    .466  -9.999  -9.999    .236   7.800
   102   2.650   1.390    .164    .352    .484  -9.999  -9.999    .249   7.900
   142   2.650   1.700    .113    .439    .448    .340  -9.999    .282   7.600
   155   2.650   1.420    .325    .323    .352  -9.999  -9.999    .185   7.600
  7 GARITA          
     5   2.650   1.750    .561    .330    .109    .278  -9.999    .137   6.800
    18   2.650   1.670    .467    .332    .201    .309  -9.999    .170  -9.999
    33   2.650   1.420    .447    .323    .230  -9.999  -9.999    .197   7.500
    53   2.650   1.420    .450    .339    .211    .348  -9.999    .190  -9.999
    80   2.650   1.420    .441    .328    .231  -9.999  -9.999    .195  -9.999
   112   2.650   1.450    .594    .262    .144  -9.999  -9.999    .161   7.900
   152   2.650   1.450    .676    .187    .137    .233  -9.999    .151   7.700
  4 HANKSVILLE      
    18   2.650   1.460    .083    .486    .431    .369  -9.999    .261   7.600
    31   2.650   1.610    .076    .485    .439    .391  -9.999    .301   7.500
    42   2.650   1.630    .077    .511    .412    .385  -9.999    .225   7.500
    65   2.650   1.400    .143    .492    .365  -9.999  -9.999    .167   7.500
  6 HESPERUS        
    10   2.650   1.520    .383    .396    .221    .292  -9.999    .149  -9.999
    54   2.650   1.420    .420    .317    .263    .310  -9.999    .189  -9.999
    90   2.650   1.450    .549    .319    .132  -9.999  -9.999    .132  -9.999
   112   2.650   1.620    .493    .333    .174    .327  -9.999    .175  -9.999
   132   2.650   1.450    .674    .232    .094  -9.999  -9.999    .094  -9.999
   165   2.650   1.490    .918    .070    .012    .080  -9.999    .040  -9.999
  6 HESPERUS        
    20   2.650   1.430    .436    .348    .216    .219  -9.999    .193  -9.999
    30   2.650   1.420    .439    .313    .248  -9.999  -9.999    .142  -9.999
    58   2.650   1.750    .425    .309    .266    .261  -9.999    .182  -9.999
   101   2.650   1.420    .434    .308    .258  -9.999  -9.999    .139  -9.999
   160   2.650   1.630    .480    .307    .213    .197  -9.999    .137  -9.999
   274   2.650   1.420    .435    .335    .230  -9.999  -9.999    .129  -9.999
  9 LESWILL         
     5   2.650   1.440    .251    .347    .402    .307  -9.999    .190   7.500
    13   2.650   1.660    .203    .352    .445    .373  -9.999    .226   7.900
    36   2.650   1.390    .201    .351    .448    .328  -9.999    .195   7.800
    51   2.650   1.640    .182    .407    .411    .338  -9.999    .253   7.700
    76   2.650   1.400    .180    .536    .284  -9.999  -9.999    .220   7.800
   104   2.650   1.520    .205    .548    .247    .357  -9.999    .222   8.200
   132   2.650   1.420    .226    .393    .381  -9.999  -9.999    .195   8.200
   190   2.650   1.400    .193    .445    .362  -9.999  -9.999    .202   8.000
   203   2.650   1.420    .311    .409    .280  -9.999  -9.999    .143   7.900
  8 MAYSPRINGS      
    20   2.650   1.450    .752    .175    .073  -9.999  -9.999    .048  -9.999
    30   2.650   1.450    .742    .169    .089  -9.999  -9.999    .049  -9.999
    46   2.650   1.650    .666    .212    .122    .104  -9.999    .078  -9.999
    66   2.650   1.450    .802    .084    .114  -9.999  -9.999    .061  -9.999
    86   2.650   1.490    .877    .054    .069  -9.999  -9.999    .046  -9.999
   112   2.650   1.800    .873    .066    .061    .094  -9.999    .050  -9.999
   124   2.650   1.490    .902    .041    .057  -9.999  -9.999    .040  -9.999
   152   2.650   1.630    .852    .062    .086    .140  -9.999    .080  -9.999
  6 MESA            
    13   2.650   1.420    .341    .343    .316    .258  -9.999    .168   7.600
    25   2.650   1.420    .326    .340    .334    .275  -9.999    .177   7.800
    38   2.650   1.420    .286    .327    .387    .307  -9.999    .176   7.700
    58   2.650   1.390    .315    .235    .450    .366  -9.999    .188   7.700
    89   2.650   1.600    .578    .205    .217  -9.999  -9.999    .109   7.900
   112   2.650   1.420    .357    .386    .257  -9.999  -9.999    .114   7.700
  7 MESA            
     3   2.650   1.320    .591    .269    .140    .293  -9.999    .077   7.500
     7   2.650   1.420    .481    .293    .226  -9.999  -9.999    .106  -9.999
    30   2.650   1.750    .376    .277    .347    .329  -9.999    .226   7.900
    43   2.650   1.390    .358    .235    .407  -9.999  -9.999    .203   8.200
    66   2.650   1.710    .277    .240    .483    .303  -9.999    .245   8.100
    96   2.650   1.390    .215    .293    .492  -9.999  -9.999    .185   8.600
   152   2.650   1.420    .324    .288    .388    .251  -9.999    .153   8.500
  6 MIKIM           
     7   2.650   1.590    .350    .426    .224    .308  -9.999    .175   7.300
    23   2.650   1.660    .400    .403    .197    .274  -9.999    .134   7.800
    38   2.650   1.420    .437    .386    .177  -9.999  -9.999    .097   7.800
    48   2.650   1.560    .434    .391    .175    .257  -9.999    .100   7.800
    81   2.650   1.420    .287    .482    .231  -9.999  -9.999    .121   7.700
   152   2.650   1.440    .281    .483    .236    .240  -9.999    .125   7.800
  3 MILREN          
    41   2.650   1.420    .398    .227    .375  -9.999  -9.999    .186   7.400
    51   2.650   1.420    .343    .272    .385  -9.999  -9.999    .190   7.700
    76   2.650   1.420    .360    .292    .348  -9.999  -9.999    .177   7.900
  5 MINNEQUA        
    15   2.650   1.430    .269    .402    .329    .350  -9.999    .163   7.400
    53   2.650   1.520    .158    .413    .429    .340  -9.999    .193   7.400
    67   2.650   1.370    .364    .616    .020    .351  -9.999    .189   7.500
   102   2.650   1.550    .393    .552    .055    .333  -9.999    .270   7.600
   153   2.650   1.320    .343    .598    .059  -9.999  -9.999    .174   7.700
  9 MONOGRAM        
     3   2.650   1.480    .494    .365    .141    .189  -9.999    .089  -9.999
     8   2.650   1.420    .427    .399    .174  -9.999  -9.999    .095  -9.999
    18   2.650   1.420    .415    .339    .246  -9.999  -9.999    .122  -9.999
    36   2.650   1.630    .408    .343    .249    .328  -9.999    .156  -9.999
    51   2.650   1.420    .439    .300    .261  -9.999  -9.999    .151   8.100
    71   2.650   1.570    .427    .331    .242    .382  -9.999    .199   8.400
   107   2.650   1.600    .462    .222    .316  -9.999  -9.999    .232   8.200
   132   2.650   1.390    .375    .215    .410  -9.999  -9.999    .225   8.300
   168   2.650   1.350    .464    .243    .293    .400  -9.999    .154   8.300
  9 MONTICELLO      
     2   2.650   1.420    .503    .335    .162  -9.999  -9.999    .092  -9.999
    23   2.650   1.420    .517    .331    .152  -9.999  -9.999    .097  -9.999
    38   2.650   1.690    .431    .357    .212    .220  -9.999    .149  -9.999
    61   2.650   1.660    .424    .347    .229    .300  -9.999    .159  -9.999
    76   2.650   1.420    .403    .365    .232  -9.999  -9.999    .142  -9.999
    97   2.650   1.650    .415    .362    .223    .309  -9.999    .165  -9.999
   132   2.650   1.420    .426    .402    .172  -9.999  -9.999    .112  -9.999
   152   2.650   1.530    .479    .400    .121    .171  -9.999    .080  -9.999
   188   2.650   1.420    .424    .339    .237  -9.999  -9.999    .156  -9.999
  7 NORKA           
    13   2.650   1.340    .362    .443    .195    .344  -9.999    .138  -9.999
    28   2.650   1.420    .247    .415    .338    .379  -9.999    .239  -9.999
    71   2.650   1.570    .355    .441    .204    .328  -9.999    .196  -9.999
   132   2.650   1.380    .337    .498    .165    .294  -9.999    .134  -9.999
   191   2.650   1.400    .437    .419    .144    .242  -9.999    .109  -9.999
   221   2.650   1.450    .626    .181    .193    .283  -9.999    .126  -9.999
   254   2.650   1.580    .570    .186    .244    .265  -9.999    .183  -9.999
  5 NORTE           
    20   2.650   1.850    .740    .186    .074    .224  -9.999    .130   7.900
    35   2.650   1.450    .756    .166    .078  -9.999  -9.999    .094   7.900
    62   2.650   2.060    .806    .149    .045    .218  -9.999    .111   7.700
    84   2.650   1.490    .849    .119    .032  -9.999  -9.999    .067   7.700
   106   2.650   1.490    .907    .089    .004  -9.999  -9.999    .054  -9.999
  7 NORTEZ          
     5   2.650   1.480    .514    .354    .132    .340  -9.999    .108  -9.999
    15   2.650   1.470    .485    .368    .147    .384  -9.999    .103  -9.999
    25   2.650   1.620    .451    .328    .221    .295  -9.999    .134  -9.999
    33   2.650   1.420    .392    .260    .348  -9.999  -9.999    .204  -9.999
    51   2.650   1.390    .369    .188    .443    .416  -9.999    .240  -9.999
    66   2.650   1.390    .238    .177    .585  -9.999  -9.999    .371  -9.999
    79   2.650   1.390    .378    .095    .527  -9.999  -9.999    .341  -9.999
  3 OBADIA          
    25   2.650   1.420    .337    .317    .346  -9.999  -9.999    .175   7.500
    41   2.650   1.420    .352    .344    .304  -9.999  -9.999    .152   7.800
   107   2.650   1.420    .309    .344    .347  -9.999  -9.999    .166   7.800
  3 OBADIA          
    20   2.650   1.600    .501    .221    .278  -9.999  -9.999    .219   6.600
    53   2.650   1.600    .613    .167    .220  -9.999  -9.999    .173   7.700
   107   2.650   1.600    .536    .263    .201  -9.999  -9.999    .184   7.800
  6 RAVOLA          
     8   2.650   1.420    .308    .488    .204  -9.999  -9.999    .153   7.200
    34   2.650   1.770    .317    .486    .197    .294  -9.999    .150   7.700
    63   2.650   1.640    .216    .577    .207    .244  -9.999    .139   7.800
    88   2.650   1.320    .210    .611    .179  -9.999  -9.999    .090   7.600
   110   2.650   1.570    .170    .620    .210    .262  -9.999    .144   7.600
   160   2.650   1.320    .231    .560    .209  -9.999  -9.999    .117   7.600
  5 RAVOLA          
    15   2.650   1.320    .245    .510    .245  -9.999  -9.999    .123   7.700
    38   2.650   1.320    .248    .506    .246  -9.999  -9.999    .137   7.800
    69   2.650   1.420    .477    .350    .173  -9.999  -9.999    .104   7.900
   110   2.650   1.450    .675    .252    .073  -9.999  -9.999    .059  -9.999
   147   2.650   1.450    .651    .251    .098  -9.999  -9.999    .068  -9.999
  6 RAVOLA          
     5   2.650   1.320    .337    .562    .101  -9.999  -9.999    .079   7.500
    38   2.650   1.320    .202    .581    .217  -9.999  -9.999    .116   8.200
    56   2.650   1.320    .268    .573    .159  -9.999  -9.999    .086   8.300
    84   2.650   1.420    .392    .494    .114  -9.999  -9.999    .080   8.300
   112   2.650   1.320    .194    .604    .202  -9.999  -9.999    .108   8.400
   152   2.650   1.320    .336    .522    .142  -9.999  -9.999    .082   8.300
  7 RAZOR           
     7   2.650   1.620    .166    .351    .483    .382  -9.999    .277   7.400
    24   2.650   1.390    .124    .348    .528    .329  -9.999    .246   7.500
    46   2.650   1.390    .111    .350    .539    .341  -9.999    .240   7.600
    74   2.650   1.390    .079    .387    .534    .334  -9.999    .243   7.600
    84   2.650   1.380    .081    .501    .418    .337  -9.999    .215   7.500
    91   2.650   1.420    .248    .467    .285  -9.999  -9.999    .190   7.500
   120   2.650   1.320    .198    .536    .266    .181  -9.999    .172   7.600
 10 REDLANDS        
     3   2.650   1.450    .660    .242    .098  -9.999  -9.999    .058  -9.999
    10   2.650   1.630    .637    .216    .147    .130  -9.999    .082  -9.999
    18   2.650   1.450    .652    .192    .156  -9.999  -9.999    .068  -9.999
    30   2.650   1.560    .641    .170    .189    .161  -9.999    .090  -9.999
    46   2.650   1.600    .602    .192    .206  -9.999  -9.999    .107  -9.999
    69   2.650   1.700    .566    .224    .210    .258  -9.999    .126  -9.999
    86   2.650   1.690    .493    .245    .262    .211  -9.999    .134   8.600
   117   2.650   1.700    .692    .149    .159    .178  -9.999    .102   9.000
   152   2.650   1.600    .489    .270    .241    .203  -9.999    .112   8.300
   165   2.650   1.900    .590    .218    .192    .211  -9.999    .108   8.400
  6 STUNNER         
     8   2.650   1.600    .709    .254    .037    .216  -9.999    .088   6.600
    13   2.650   1.450    .692    .230    .078  -9.999  -9.999    .071  -9.999
    35   2.650   1.640    .670    .194    .136    .230  -9.999    .123  -9.999
    60   2.650   1.450    .572    .238    .190  -9.999  -9.999    .146  -9.999
   105   2.650   1.420    .351    .299    .350  -9.999  -9.999    .173   7.600
   152   2.650   1.760    .788    .139    .073    .229  -9.999    .090   7.900
  6 TRAG            
    23   2.650   1.600    .652    .199    .149    .194  -9.999    .128   6.800
    34   2.650   1.730    .541    .216    .243    .327  -9.999    .216  -9.999
    51   2.650   1.730    .581    .201    .218    .265  -9.999    .190  -9.999
    91   2.650   1.620    .573    .229    .198    .249  -9.999    .180  -9.999
   147   2.650   1.450    .610    .234    .156  -9.999  -9.999    .145  -9.999
   178   2.650   1.450    .591    .253    .156  -9.999  -9.999    .149  -9.999
  4 TRAVELERS       
     5   2.650   1.490    .815    .140    .045  -9.999  -9.999    .070   7.200
    10   2.650   1.450    .762    .152    .086    .168  -9.999    .078  -9.999
    28   2.650   1.450    .701    .162    .137    .283  -9.999    .142   7.500
    51   2.650   1.420    .418    .301    .281  -9.999  -9.999    .244  -9.999
  7 TRESANO         
     5   2.650   1.400    .349    .470    .181    .284  -9.999    .153   7.400
    15   2.650   1.480    .353    .415    .232    .358  -9.999    .179   7.600
    30   2.650   1.420    .302    .400    .298  -9.999  -9.999    .209   7.600
    58   2.650   1.420    .256    .367    .377  -9.999  -9.999    .207  -9.999
    81   2.650   1.440    .348    .314    .338    .400  -9.999    .212   8.100
   135   2.650   1.420    .441    .304    .255  -9.999  -9.999    .193   8.200
   152   2.650   1.450    .700    .243    .057    .090  -9.999    .075   7.900
  8 UFFENS          
     3   2.650   1.330    .559    .353    .088    .158  -9.999    .081   7.400
    13   2.650   1.530    .445    .429    .126    .220  -9.999    .076   7.800
    18   2.650   1.840    .443    .353    .204    .243  -9.999    .131   8.300
    33   2.650   1.690    .489    .328    .183    .228  -9.999    .132   8.900
    51   2.650   1.560    .510    .323    .167    .206  -9.999    .115   9.700
    69   2.650   1.420    .295    .462    .243  -9.999  -9.999    .143   9.700
    97   2.650   1.450    .542    .315    .143  -9.999  -9.999    .083   8.800
   152   2.650   1.490    .590    .280    .130    .130  -9.999    .077   8.200
  8 UZONA           
     3   2.650   1.420    .356    .313    .331  -9.999  -9.999    .155   7.600
    13   2.650   1.420    .336    .320    .344    .351  -9.999    .166   8.000
    41   2.650   1.390    .269    .311    .420  -9.999  -9.999    .220   8.200
    66   2.650   1.390    .259    .314    .427    .398  -9.999    .232   8.200
    79   2.650   1.390    .233    .287    .480  -9.999  -9.999    .232   7.900
   114   2.650   1.390    .247    .244    .509    .464  -9.999    .249   7.700
   152   2.650   1.390    .317    .258    .425  -9.999  -9.999    .246   7.900
   183   2.650   1.450    .809    .068    .123  -9.999  -9.999    .084   8.500
  7 VILLEGREEN      
     5   2.650   1.420    .250    .496    .254    .354    .408    .166   7.400
    15   2.650   1.580    .177    .459    .364    .288  -9.999    .226   7.600
    23   2.650   1.670    .196    .392    .412    .349  -9.999    .232   7.800
    38   2.650   1.420    .244    .369    .387    .298    .328    .186   8.000
    58   2.650   1.560    .283    .388    .329    .334  -9.999    .207   8.100
    84   2.650   1.310    .313    .585    .102    .327  -9.999    .191   7.700
    91   2.650   1.450    .574    .244    .182  -9.999  -9.999    .100   8.300
  8 WILEY           
    11   2.650   1.380    .237    .585    .178    .337  -9.999    .134   7.600
    22   2.650   1.510    .189    .473    .338    .400  -9.999    .223   7.400
    38   2.650   1.400    .135    .506    .359  -9.999  -9.999    .214   7.600
    66   2.650   1.400    .093    .530    .377    .382  -9.999    .217   7.800
    88   2.650   1.400    .120    .533    .347    .405  -9.999    .196   8.200
   112   2.650   1.450    .163    .479    .358    .445  -9.999    .197   8.300
   127   2.650   1.440    .197    .387    .416    .456  -9.999    .197   8.000
   152   2.650   1.320    .088    .448    .464    .370  -9.999    .178   8.100
  8 WITT            
     3   2.650   1.420    .470    .422    .108  -9.999  -9.999    .085   7.100
     8   2.650   1.640    .463    .303    .234    .307  -9.999    .138  -9.999
    18   2.650   1.420    .392    .358    .250  -9.999  -9.999    .135  -9.999
    48   2.650   1.620    .391    .344    .265    .322  -9.999    .168  -9.999
    79   2.650   1.420    .398    .351    .251  -9.999  -9.999    .141  -9.999
   122   2.650   1.670    .446    .272    .282    .332  -9.999    .190  -9.999
   180   2.650   1.420    .384    .355    .261  -9.999  -9.999    .159   8.300
   208   2.650   1.710    .456    .320    .224    .354  -9.999    .180   8.300
