  3 CHASTAIN        
   124   2.650   1.420    .316    .405    .279  -9.999  -9.999    .199  -9.999
   152   2.650   1.390    .125    .358    .517  -9.999  -9.999    .350  -9.999
   183   2.650   1.450    .694    .176    .130  -9.999  -9.999    .067  -9.999
  1 DAVIDSON        
   183   2.650   1.570    .261    .148    .591    .399  -9.999    .334  -9.999
  3 DAVIDSON        
    85   2.650   1.650    .381    .173    .446    .318  -9.999    .267  -9.999
   120   2.650   1.390    .340    .213    .447    .313  -9.999    .259  -9.999
   180   2.650   1.420    .314    .292    .394    .355  -9.999    .285  -9.999
  2 DAVIDSON        
   150   2.650   1.390    .305    .241    .454    .374  -9.999    .289  -9.999
   187   2.650   1.420    .348    .279    .373  -9.999  -9.999    .268  -9.999
  2 DOTHAN          
    30   2.650   1.750    .789    .121    .090    .119    .144    .060  -9.999
   151   2.650   1.650    .529    .131    .340    .313    .342    .208  -9.999
  3 DOTHAN          
    20   2.650   1.660    .851    .088    .061    .133    .131    .037  -9.999
    76   2.650   1.730    .656    .073    .271    .237    .275    .149  -9.999
   160   2.650   1.910    .669    .057    .274    .237    .260    .183  -9.999
  4 ENON            
    76   2.650   1.390    .165    .201    .634  -9.999  -9.999    .318  -9.999
    94   2.650   1.390    .177    .266    .557  -9.999  -9.999    .385  -9.999
   127   2.650   1.420    .420    .270    .310  -9.999  -9.999    .257  -9.999
   152   2.650   1.450    .558    .285    .157  -9.999  -9.999    .222  -9.999
  3 FUQUAY          
    33   2.650   1.490    .901    .071    .028  -9.999  -9.999    .016  -9.999
   106   2.650   1.730    .817    .074    .109    .100    .145    .064  -9.999
   156   2.650   1.600    .650    .063    .287    .307    .331    .176  -9.999
  3 FUQUAY          
    25   2.650   1.750    .873    .086    .041    .154    .159    .033  -9.999
    82   2.650   1.790    .854    .070    .076    .145    .181    .032  -9.999
   170   2.650   1.910    .709    .029    .262    .201    .250    .164  -9.999
  6 GREENVILLE      
    23   2.650   1.750    .597    .152    .251    .217  -9.999    .142   6.800
    50   2.650   1.630    .428    .142    .430    .287  -9.999    .217   6.600
   125   2.650   1.630    .386    .097    .517    .302  -9.999    .243   5.600
   190   2.650   1.700    .390    .054    .556    .337  -9.999    .292   5.600
   225   2.650   1.660    .420    .046    .534    .335  -9.999    .274   5.400
   300   2.650   1.700    .446    .049    .505    .333  -9.999    .280   5.100
  2 NORFOLK         
    25   2.650   1.490    .845    .119    .036  -9.999  -9.999    .024  -9.999
    61   2.650   1.450    .674    .128    .198  -9.999  -9.999    .102  -9.999
  1 RAINS           
   188   2.650   1.450    .794    .051    .155  -9.999  -9.999    .087  -9.999
  4 TAWCAW          
    18   2.650   1.390    .146    .295    .559  -9.999  -9.999    .329  -9.999
    25   2.650   1.390    .073    .259    .668  -9.999  -9.999    .360  -9.999
   203   2.650   1.420    .435    .299    .266    .365  -9.999    .186  -9.999
   229   2.650   1.390    .204    .365    .431  -9.999  -9.999    .336  -9.999
  3 TIFTON          
    29   2.650   1.820    .747    .162    .091    .173    .248    .066  -9.999
    78   2.650   1.790    .604    .087    .309    .276    .317    .204  -9.999
   138   2.650   1.770    .596    .096    .308    .297    .329    .219  -9.999
