  1 KAWAIHAE        
   100   2.650   1.580    .221    .570    .209    .359    .359    .283  -9.999
  4 KAWAIHAE        
     5   2.650   1.420    .509    .409    .082  -9.999  -9.999    .260  -9.999
    40   2.650   1.420    .464    .459    .077  -9.999  -9.999    .105  -9.999
    60   2.650   1.420    .428    .383    .189  -9.999  -9.999    .119  -9.999
    83   2.650   1.420    .364    .373    .263  -9.999  -9.999    .106  -9.999
  3 KEAHUA          
    82   2.650   1.460    .039    .379    .582    .400  -9.999    .320  -9.999
   130   2.650   1.390    .038    .395    .567    .371  -9.999    .311  -9.999
   156   2.650   1.380    .051    .407    .542    .395  -9.999    .319  -9.999
  3 MOLOKAI         
    62   2.650   1.310    .312    .475    .213    .411  -9.999    .287  -9.999
    95   2.650   1.370    .269    .441    .290    .423  -9.999    .316  -9.999
   130   2.650   1.350    .319    .459    .222    .429  -9.999    .302  -9.999
  5 MOLOKAI         
    11   2.650   1.420    .258    .382    .360  -9.999  -9.999    .304  -9.999
    32   2.650   1.320    .163    .415    .422    .418    .457    .286   6.900
    56   2.650   1.360    .409    .236    .355    .435    .475    .322   6.900
    84   2.650   1.380    .471    .263    .266    .411    .435    .277   6.900
   120   2.650   1.400    .338    .340    .322    .396    .430    .298   6.700
  5 MOLOKAI         
    18   2.650   1.380    .190    .408    .402  -9.999  -9.999    .297   6.900
    29   2.650   1.380    .121    .412    .467    .408    .437    .320   6.900
    61   2.650   1.390    .179    .388    .433    .392    .411    .307   6.900
    89   2.650   1.380    .213    .393    .394    .439    .475    .304   6.800
   125   2.650   1.420    .223    .433    .344  -9.999  -9.999    .305   6.500
  2 PAAUHAU         
    89   2.650   1.240    .672    .246    .082    .527  -9.999    .377  -9.999
   140   2.650   1.130    .707    .170    .123    .485  -9.999    .351  -9.999
  2 WAIAKOA         
    26   2.650   1.320    .179    .477    .344    .374  -9.999    .239  -9.999
    52   2.650   1.420    .315    .474    .211  -9.999  -9.999    .222  -9.999
