  1 ARISPE          
    15   2.650   1.400    .029    .617    .354  -9.999  -9.999    .235  -9.999
  1 ARMSTRONG       
     8   2.650   1.420    .356    .362    .282  -9.999  -9.999    .166  -9.999
  1 BODE            
   183   2.650   1.420    .361    .358    .281    .281  -9.999    .169  -9.999
  9 BODE            
    10   2.650   1.450    .551    .257    .192  -9.999  -9.999    .149  -9.999
    30   2.650   1.450    .610    .239    .151  -9.999  -9.999    .132  -9.999
    46   2.650   1.450    .548    .298    .154  -9.999  -9.999    .129  -9.999
   152   2.650   1.450    .602    .281    .117  -9.999  -9.999    .104  -9.999
   102   2.650   1.420    .340    .404    .256  -9.999  -9.999    .168  -9.999
   152   2.650   1.420    .340    .397    .263  -9.999  -9.999    .170  -9.999
   102   2.650   1.420    .374    .381    .245  -9.999  -9.999    .149  -9.999
   122   2.650   1.420    .356    .375    .269  -9.999  -9.999    .202  -9.999
   152   2.650   1.420    .354    .380    .266  -9.999  -9.999    .203  -9.999
  3 CALRION         
    10   2.650   1.450    .562    .261    .177  -9.999  -9.999    .126  -9.999
    71   2.650   1.420    .486    .371    .143  -9.999  -9.999    .111  -9.999
   102   2.650   1.450    .533    .345    .122  -9.999  -9.999    .099  -9.999
  5 CALRION         
    18   2.650   1.420    .508    .293    .199  -9.999  -9.999    .155  -9.999
    46   2.650   1.420    .491    .309    .200  -9.999  -9.999    .138  -9.999
    61   2.650   1.420    .465    .367    .168  -9.999  -9.999    .124  -9.999
    76   2.650   1.420    .472    .379    .149  -9.999  -9.999    .118  -9.999
    86   2.650   1.420    .468    .372    .160  -9.999  -9.999    .119  -9.999
  1 CHEQUEST        
   109   2.650   1.380    .054    .540    .406    .381    .396    .257   4.700
  2 CLARINDA        
    97   2.650   1.390    .110    .301    .589  -9.999  -9.999    .349  -9.999
   140   2.650   1.380    .054    .485    .461  -9.999  -9.999    .265  -9.999
  2 CLARINDA        
     8   2.650   1.380    .027    .497    .476  -9.999  -9.999    .270  -9.999
    58   2.650   1.380    .044    .507    .449  -9.999  -9.999    .264  -9.999
  4 CLARION         
    10   2.650   1.420    .509    .297    .194  -9.999  -9.999    .145  -9.999
    61   2.650   1.420    .483    .297    .220  -9.999  -9.999    .139  -9.999
    79   2.650   1.420    .503    .292    .205  -9.999  -9.999    .136  -9.999
   104   2.650   1.420    .445    .389    .166  -9.999  -9.999    .121  -9.999
  1 CLARION         
    91   2.650   1.450    .530    .315    .155  -9.999  -9.999    .110  -9.999
  4 CLARION         
    66   2.650   1.550    .542    .285    .173    .284  -9.999    .153  -9.999
    92   2.650   1.530    .504    .347    .149    .309  -9.999    .132  -9.999
   132   2.650   1.570    .500    .356    .144    .352  -9.999    .129  -9.999
   152   2.650   1.730    .511    .355    .134    .296  -9.999    .140  -9.999
  3 CLARION         
    18   2.650   1.450    .557    .264    .179  -9.999  -9.999    .132  -9.999
    36   2.650   1.450    .544    .274    .182  -9.999  -9.999    .122  -9.999
    97   2.650   1.420    .510    .340    .150  -9.999  -9.999    .108  -9.999
  4 CLARION         
    46   2.650   1.420    .334    .456    .210  -9.999  -9.999    .138  -9.999
    76   2.650   1.420    .314    .488    .198  -9.999  -9.999    .136  -9.999
    91   2.650   1.420    .326    .482    .192  -9.999  -9.999    .133  -9.999
   102   2.650   1.420    .309    .490    .201  -9.999  -9.999    .139  -9.999
  2 CLARION         
    76   2.650   1.420    .325    .479    .196  -9.999  -9.999    .129  -9.999
   102   2.650   1.420    .322    .489    .189  -9.999  -9.999    .136  -9.999
  2 CLARION         
    74   2.650   1.420    .435    .397    .168  -9.999  -9.999    .129  -9.999
    89   2.650   1.420    .425    .423    .152  -9.999  -9.999    .122  -9.999
  3 CLARION         
    30   2.650   1.420    .375    .372    .253  -9.999  -9.999    .170  -9.999
    79   2.650   1.420    .430    .359    .211  -9.999  -9.999    .143  -9.999
    94   2.650   1.420    .498    .345    .157  -9.999  -9.999    .116  -9.999
  5 CLARION         
    46   2.650   1.420    .379    .363    .258  -9.999  -9.999    .165  -9.999
    61   2.650   1.420    .402    .360    .238  -9.999  -9.999    .151  -9.999
    69   2.650   1.420    .397    .402    .201  -9.999  -9.999    .135  -9.999
    84   2.650   1.420    .374    .414    .212  -9.999  -9.999    .139  -9.999
    99   2.650   1.420    .455    .369    .176  -9.999  -9.999    .124  -9.999
  4 CLARION         
    69   2.650   1.450    .547    .287    .166  -9.999  -9.999    .126  -9.999
    76   2.650   1.420    .363    .431    .206  -9.999  -9.999    .135  -9.999
    84   2.650   1.420    .261    .476    .263  -9.999  -9.999    .170  -9.999
    91   2.650   1.420    .334    .448    .218  -9.999  -9.999    .135  -9.999
  4 CLARION         
    61   2.650   1.420    .402    .335    .263  -9.999  -9.999    .149  -9.999
    76   2.650   1.420    .401    .377    .222  -9.999  -9.999    .138  -9.999
    79   2.650   1.450    .570    .283    .147  -9.999  -9.999    .113  -9.999
    91   2.650   1.420    .393    .391    .216  -9.999  -9.999    .138  -9.999
  6 CLARION         
    15   2.650   1.420    .422    .375    .203  -9.999  -9.999    .162  -9.999
    46   2.650   1.450    .710    .179    .111  -9.999  -9.999    .071  -9.999
    61   2.650   1.450    .610    .266    .124  -9.999  -9.999    .084  -9.999
    71   2.650   1.450    .558    .315    .127  -9.999  -9.999    .088  -9.999
    86   2.650   1.450    .524    .330    .146  -9.999  -9.999    .100  -9.999
   102   2.650   1.420    .517    .333    .150  -9.999  -9.999    .102  -9.999
  2 CLARION         
    81   2.650   1.420    .379    .383    .238  -9.999  -9.999    .152  -9.999
   152   2.650   1.420    .445    .362    .193  -9.999  -9.999    .116  -9.999
  2 CLARION         
    91   2.650   1.450    .586    .279    .135  -9.999  -9.999    .102  -9.999
   152   2.650   1.450    .591    .288    .121  -9.999  -9.999    .091  -9.999
  2 CLARION         
    81   2.650   1.420    .503    .356    .141  -9.999  -9.999    .132  -9.999
   102   2.650   1.420    .501    .370    .129  -9.999  -9.999    .124  -9.999
  4 CLARION         
    76   2.650   1.420    .444    .370    .186  -9.999  -9.999    .116  -9.999
    91   2.650   1.420    .460    .374    .166  -9.999  -9.999    .111  -9.999
   107   2.650   1.420    .454    .376    .170  -9.999  -9.999    .106  -9.999
   122   2.650   1.420    .513    .357    .130  -9.999  -9.999    .098  -9.999
  1 CLARION         
   102   2.650   1.450    .731    .217    .052  -9.999  -9.999    .062  -9.999
  2 CLARION         
    15   2.650   1.420    .514    .283    .203  -9.999  -9.999    .128  -9.999
   122   2.650   1.420    .455    .370    .175  -9.999  -9.999    .121  -9.999
  4 CLARION         
    58   2.650   1.450    .576    .256    .168  -9.999  -9.999    .103  -9.999
    74   2.650   1.450    .579    .264    .157  -9.999  -9.999    .106  -9.999
    89   2.650   1.420    .350    .360    .290  -9.999  -9.999    .088  -9.999
    97   2.650   1.420    .494    .320    .186  -9.999  -9.999    .124  -9.999
  5 CLARION         
    15   2.650   1.820    .574    .253    .173    .291  -9.999    .149  -9.999
    32   2.650   1.650    .526    .270    .204    .307  -9.999    .157  -9.999
    43   2.650   1.570    .527    .269    .204    .278  -9.999    .149  -9.999
    60   2.650   1.630    .549    .262    .189    .282  -9.999    .142  -9.999
    76   2.650   1.600    .551    .274    .175    .258  -9.999    .134  -9.999
  4 CLARION         
    12   2.650   1.550    .607    .231    .162    .236  -9.999    .127  -9.999
    29   2.650   1.720    .582    .240    .178    .299  -9.999    .144  -9.999
    54   2.650   1.600    .545    .262    .193    .267  -9.999    .139  -9.999
    73   2.650   1.620    .566    .264    .170    .230  -9.999    .130  -9.999
  4 CLARION         
    25   2.650   1.620    .600    .245    .155    .224  -9.999    .118  -9.999
    42   2.650   1.700    .580    .241    .179    .245  -9.999    .134  -9.999
    59   2.650   1.620    .552    .269    .179    .288  -9.999    .126  -9.999
    84   2.650   1.850    .531    .321    .148    .270  -9.999    .128  -9.999
  9 CLARION         
    15   2.650   1.420    .480    .349    .171  -9.999  -9.999    .106  -9.999
    30   2.650   1.450    .588    .277    .135  -9.999  -9.999    .081  -9.999
    46   2.650   1.420    .508    .372    .120  -9.999  -9.999    .077  -9.999
    61   2.650   1.420    .508    .370    .122  -9.999  -9.999    .081  -9.999
    81   2.650   1.420    .504    .372    .124  -9.999  -9.999    .084  -9.999
   102   2.650   1.420    .463    .396    .141  -9.999  -9.999    .092  -9.999
   122   2.650   1.420    .465    .369    .166  -9.999  -9.999    .104  -9.999
   137   2.650   1.420    .419    .338    .243  -9.999  -9.999    .177  -9.999
   152   2.650   1.420    .461    .331    .208  -9.999  -9.999    .141  -9.999
  6 CLARION         
    15   2.650   1.420    .515    .285    .200  -9.999  -9.999    .116  -9.999
    51   2.650   1.420    .352    .298    .350  -9.999  -9.999    .204  -9.999
    69   2.650   1.390    .243    .303    .454  -9.999  -9.999    .256  -9.999
    86   2.650   1.420    .470    .344    .186  -9.999  -9.999    .122  -9.999
   102   2.650   1.450    .525    .338    .137  -9.999  -9.999    .099  -9.999
   122   2.650   1.450    .531    .331    .138  -9.999  -9.999    .102  -9.999
  3 CLARION         
    84   2.650   1.420    .485    .328    .187  -9.999  -9.999    .124  -9.999
   112   2.650   1.420    .443    .400    .157  -9.999  -9.999    .114  -9.999
   152   2.650   1.420    .456    .378    .166  -9.999  -9.999    .111  -9.999
  3 CLARION         
   104   2.650   1.420    .341    .496    .163  -9.999  -9.999    .136  -9.999
   117   2.650   1.420    .353    .489    .158  -9.999  -9.999    .126  -9.999
   152   2.650   1.420    .359    .480    .161  -9.999  -9.999    .126  -9.999
  3 CLARION         
    99   2.650   1.320    .316    .512    .172  -9.999  -9.999    .121  -9.999
   127   2.650   1.320    .333    .510    .157  -9.999  -9.999    .114  -9.999
   152   2.650   1.420    .343    .499    .158  -9.999  -9.999    .121  -9.999
  7 CLARION         
    15   2.650   1.420    .489    .321    .190  -9.999  -9.999    .138  -9.999
    30   2.650   1.420    .420    .353    .227  -9.999  -9.999    .160  -9.999
    61   2.650   1.420    .384    .360    .256  -9.999  -9.999    .163  -9.999
    76   2.650   1.420    .367    .461    .172  -9.999  -9.999    .116  -9.999
    91   2.650   1.420    .343    .492    .165  -9.999  -9.999    .126  -9.999
   107   2.650   1.420    .341    .480    .179  -9.999  -9.999    .132  -9.999
   122   2.650   1.420    .322    .468    .210  -9.999  -9.999    .148  -9.999
  5 CLARION         
    48   2.650   1.420    .452    .354    .194  -9.999  -9.999    .138  -9.999
    64   2.650   1.420    .497    .347    .156  -9.999  -9.999    .109  -9.999
    84   2.650   1.420    .463    .384    .153  -9.999  -9.999    .111  -9.999
   107   2.650   1.420    .518    .339    .143  -9.999  -9.999    .112  -9.999
   122   2.650   1.420    .453    .357    .190  -9.999  -9.999    .126  -9.999
  3 CLARION         
    53   2.650   1.450    .616    .253    .131  -9.999  -9.999    .099  -9.999
    94   2.650   1.450    .615    .271    .114  -9.999  -9.999    .094  -9.999
   122   2.650   1.450    .613    .275    .112  -9.999  -9.999    .091  -9.999
  3 CLARION         
    76   2.650   1.450    .585    .291    .124  -9.999  -9.999    .103  -9.999
   109   2.650   1.450    .582    .297    .121  -9.999  -9.999    .097  -9.999
   122   2.650   1.450    .577    .297    .126  -9.999  -9.999    .107  -9.999
  3 CLARION         
    20   2.650   1.420    .395    .361    .244  -9.999  -9.999    .163  -9.999
    36   2.650   1.420    .312    .426    .262  -9.999  -9.999    .175  -9.999
   112   2.650   1.420    .428    .392    .180  -9.999  -9.999    .146  -9.999
  2 DINSDALE        
    18   2.650   1.320    .058    .677    .265  -9.999  -9.999    .165  -9.999
    91   2.650   1.450    .578    .257    .165  -9.999  -9.999    .100  -9.999
  4 DINSDALE        
    20   2.650   1.400    .065    .647    .288  -9.999  -9.999    .176  -9.999
    86   2.650   1.600    .491    .272    .237  -9.999  -9.999    .157  -9.999
   104   2.650   1.420    .468    .302    .230  -9.999  -9.999    .141  -9.999
   153   2.650   1.420    .461    .333    .206  -9.999  -9.999    .138  -9.999
  3 DUBUQUE         
    74   2.650   1.380    .100    .419    .481  -9.999  -9.999    .326  -9.999
   107   2.650   1.420    .290    .484    .226    .293  -9.999    .122  -9.999
   120   2.650   1.420    .303    .464    .233  -9.999  -9.999    .136  -9.999
  3 EVERLY          
    66   2.650   1.420    .375    .329    .296  -9.999  -9.999    .170  -9.999
    91   2.650   1.420    .299    .421    .280  -9.999  -9.999    .173  -9.999
   117   2.650   1.420    .270    .423    .307  -9.999  -9.999    .190  -9.999
  1 EVERLY          
    89   2.650   1.420    .268    .400    .332  -9.999  -9.999    .196  -9.999
  3 EVERLY          
    64   2.650   1.420    .246    .461    .293  -9.999  -9.999    .187  -9.999
    79   2.650   1.420    .289    .461    .250  -9.999  -9.999    .159  -9.999
    94   2.650   1.420    .274    .476    .250  -9.999  -9.999    .156  -9.999
  6 EVERLY          
    58   2.650   1.420    .290    .433    .277  -9.999  -9.999    .156  -9.999
    69   2.650   1.420    .279    .444    .277  -9.999  -9.999    .162  -9.999
    79   2.650   1.420    .258    .447    .295  -9.999  -9.999    .166  -9.999
    91   2.650   1.420    .301    .450    .249  -9.999  -9.999    .148  -9.999
   107   2.650   1.420    .295    .450    .255  -9.999  -9.999    .149  -9.999
   122   2.650   1.420    .238    .484    .278  -9.999  -9.999    .166  -9.999
  6 EVERLY          
    46   2.650   1.420    .323    .368    .309  -9.999  -9.999    .172  -9.999
    64   2.650   1.420    .360    .402    .238  -9.999  -9.999    .139  -9.999
    76   2.650   1.420    .511    .337    .152  -9.999  -9.999    .098  -9.999
    91   2.650   1.420    .324    .431    .245  -9.999  -9.999    .151  -9.999
   107   2.650   1.420    .279    .448    .273  -9.999  -9.999    .168  -9.999
   122   2.650   1.420    .283    .445    .272  -9.999  -9.999    .170  -9.999
  2 EVERLY          
   107   2.650   1.420    .310    .373    .317  -9.999  -9.999    .197  -9.999
   122   2.650   1.420    .313    .423    .264  -9.999  -9.999    .170  -9.999
  2 EVERLY          
    94   2.650   1.420    .431    .332    .237  -9.999  -9.999    .132  -9.999
   122   2.650   1.420    .338    .400    .262  -9.999  -9.999    .151  -9.999
  2 EXETTE          
    69   2.650   1.320    .009    .808    .183  -9.999  -9.999    .112  -9.999
    84   2.650   1.320    .009    .818    .173  -9.999  -9.999    .108  -9.999
  6 FAYETTE         
    18   2.650   1.420    .439    .347    .214  -9.999  -9.999    .148  -9.999
    33   2.650   1.420    .414    .401    .185  -9.999  -9.999    .133  -9.999
    48   2.650   1.420    .414    .402    .184  -9.999  -9.999    .132  -9.999
    64   2.650   1.420    .415    .408    .177  -9.999  -9.999    .133  -9.999
    79   2.650   1.420    .412    .400    .188  -9.999  -9.999    .139  -9.999
    94   2.650   1.420    .413    .395    .192  -9.999  -9.999    .143  -9.999
  2 GALVA           
    69   2.650   1.320    .052    .714    .234  -9.999  -9.999    .145  -9.999
    89   2.650   1.320    .064    .739    .197  -9.999  -9.999    .125  -9.999
  4 GALVA           
    66   2.650   1.320    .062    .705    .233  -9.999  -9.999    .141  -9.999
    86   2.650   1.320    .064    .718    .218  -9.999  -9.999    .136  -9.999
    97   2.650   1.320    .076    .707    .217  -9.999  -9.999    .143  -9.999
   107   2.650   1.320    .097    .692    .211  -9.999  -9.999    .128  -9.999
  1 GRUNDY          
    66   2.650   1.400    .008    .608    .384  -9.999  -9.999    .246  -9.999
  1 GUCKEEN         
   183   2.650   1.530    .261    .428    .311    .421  -9.999    .211   7.600
  1 HUMESTON        
   114   2.650   1.400    .065    .566    .369  -9.999  -9.999    .249   4.600
  6 IDA             
    13   2.650   1.400    .078    .646    .276  -9.999  -9.999    .174  -9.999
    28   2.650   1.320    .057    .742    .201  -9.999  -9.999    .143  -9.999
    41   2.650   1.320    .070    .736    .194  -9.999  -9.999    .133  -9.999
    53   2.650   1.320    .078    .736    .186  -9.999  -9.999    .139  -9.999
    64   2.650   1.320    .048    .752    .200  -9.999  -9.999    .145  -9.999
    89   2.650   1.320    .047    .749    .204  -9.999  -9.999    .148  -9.999
  6 IDA             
    18   2.650   1.320    .046    .711    .243  -9.999  -9.999    .162  -9.999
    36   2.650   1.320    .046    .728    .226  -9.999  -9.999    .148  -9.999
    53   2.650   1.320    .044    .731    .225  -9.999  -9.999    .144  -9.999
    71   2.650   1.320    .034    .749    .217  -9.999  -9.999    .143  -9.999
    86   2.650   1.320    .038    .759    .203  -9.999  -9.999    .139  -9.999
   104   2.650   1.320    .023    .767    .210  -9.999  -9.999    .144  -9.999
  6 IDA             
    18   2.650   1.320    .062    .712    .226  -9.999  -9.999    .150  -9.999
    33   2.650   1.320    .037    .744    .219  -9.999  -9.999    .144  -9.999
    51   2.650   1.320    .041    .739    .220  -9.999  -9.999    .141  -9.999
    66   2.650   1.320    .046    .726    .228  -9.999  -9.999    .144  -9.999
    79   2.650   1.320    .044    .729    .227  -9.999  -9.999    .141  -9.999
    99   2.650   1.320    .032    .747    .221  -9.999  -9.999    .143  -9.999
  1 KENYON          
    94   2.650   1.420    .419    .358    .223  -9.999  -9.999    .146  -9.999
  1 KILLDUFF        
   107   2.650   1.320    .015    .788    .197  -9.999  -9.999    .133  -9.999
  7 KILLDUFF        
    15   2.650   1.400    .030    .671    .299  -9.999  -9.999    .186  -9.999
    30   2.650   1.320    .036    .723    .241  -9.999  -9.999    .149  -9.999
    43   2.650   1.320    .037    .745    .218  -9.999  -9.999    .135  -9.999
    64   2.650   1.320    .016    .775    .209  -9.999  -9.999    .125  -9.999
   104   2.650   1.320    .032    .725    .243  -9.999  -9.999    .168  -9.999
   127   2.650   1.320    .033    .737    .230  -9.999  -9.999    .150  -9.999
   152   2.650   1.320    .032    .724    .244  -9.999  -9.999    .158  -9.999
  1 KNIFFIN         
   114   2.650   1.400    .006    .674    .320  -9.999  -9.999    .230   5.600
  2 LAMONI          
    20   2.650   1.400    .093    .573    .334  -9.999  -9.999    .207  -9.999
    94   2.650   1.420    .340    .318    .342  -9.999  -9.999    .193  -9.999
  3 LAMONI          
    10   2.650   1.400    .178    .450    .372  -9.999  -9.999    .225  -9.999
   112   2.650   1.390    .281    .314    .405  -9.999  -9.999    .284  -9.999
   152   2.650   1.420    .345    .309    .346  -9.999  -9.999    .202  -9.999
  1 LAURDES         
   102   2.650   1.420    .321    .342    .337  -9.999  -9.999    .180  -9.999
  3 LISCOMB         
    18   2.650   1.420    .379    .400    .221  -9.999  -9.999    .168  -9.999
   107   2.650   1.420    .400    .384    .216  -9.999  -9.999    .116  -9.999
   109   2.650   1.420    .447    .312    .241  -9.999  -9.999    .138  -9.999
  2 LOURDES         
    13   2.650   1.420    .281    .481    .238  -9.999  -9.999    .142  -9.999
    97   2.650   1.420    .321    .340    .339  -9.999  -9.999    .182  -9.999
  5 LOURDES         
    17   2.650   1.320    .238    .564    .198  -9.999  -9.999    .120  -9.999
   102   2.650   1.420    .331    .335    .334  -9.999  -9.999    .180  -9.999
   107   2.650   1.420    .351    .325    .324  -9.999  -9.999    .187  -9.999
   132   2.650   1.420    .359    .335    .306  -9.999  -9.999    .182  -9.999
   152   2.650   1.420    .353    .343    .304  -9.999  -9.999    .186  -9.999
  3 LOURDES         
   112   2.650   1.420    .321    .352    .327  -9.999  -9.999    .210  -9.999
   127   2.650   1.420    .392    .300    .308  -9.999  -9.999    .173  -9.999
   152   2.650   1.420    .321    .346    .333  -9.999  -9.999    .202  -9.999
  3 LOURDES         
   114   2.650   1.420    .340    .331    .329  -9.999  -9.999    .193  -9.999
   140   2.650   1.420    .331    .337    .332  -9.999  -9.999    .202  -9.999
   152   2.650   1.420    .339    .344    .317  -9.999  -9.999    .197  -9.999
  1 MARNA           
   155   2.650   1.420    .285    .421    .294    .335  -9.999    .170  -9.999
  3 MARSHALL        
    64   2.650   1.320    .011    .772    .217  -9.999  -9.999    .156  -9.999
    76   2.650   1.320    .009    .779    .212  -9.999  -9.999    .152  -9.999
    89   2.650   1.320    .014    .780    .206  -9.999  -9.999    .148  -9.999
  2 MARSHALL        
    66   2.650   1.400    .025    .650    .325  -9.999  -9.999    .220  -9.999
   104   2.650   1.320    .107    .683    .210  -9.999  -9.999    .129  -9.999
  2 MARSHALL        
    86   2.650   1.400    .085    .585    .330  -9.999  -9.999    .204  -9.999
   104   2.650   1.320    .049    .683    .268  -9.999  -9.999    .182  -9.999
  3 MARSHALL        
    84   2.650   1.320    .032    .728    .240  -9.999  -9.999    .164  -9.999
   104   2.650   1.320    .029    .706    .265  -9.999  -9.999    .178  -9.999
   152   2.650   1.320    .028    .715    .257  -9.999  -9.999    .176  -9.999
  4 MONONA          
    15   2.650   1.400    .045    .654    .301  -9.999  -9.999    .192  -9.999
    76   2.650   1.320    .062    .732    .206  -9.999  -9.999    .149  -9.999
    91   2.650   1.320    .065    .741    .194  -9.999  -9.999    .139  -9.999
   107   2.650   1.320    .063    .745    .192  -9.999  -9.999    .136  -9.999
  4 MONONA          
    46   2.650   1.320    .044    .730    .226  -9.999  -9.999    .144  -9.999
    58   2.650   1.320    .052    .722    .226  -9.999  -9.999    .144  -9.999
    76   2.650   1.320    .041    .725    .234  -9.999  -9.999    .152  -9.999
    97   2.650   1.320    .056    .734    .210  -9.999  -9.999    .139  -9.999
  3 MONONA          
    61   2.650   1.320    .049    .708    .243  -9.999  -9.999    .160  -9.999
    76   2.650   1.320    .044    .731    .225  -9.999  -9.999    .144  -9.999
    94   2.650   1.320    .056    .729    .215  -9.999  -9.999    .135  -9.999
  7 MONONA          
    15   2.650   1.320    .042    .690    .268  -9.999  -9.999    .174  -9.999
    36   2.650   1.320    .050    .693    .257  -9.999  -9.999    .170  -9.999
    48   2.650   1.320    .072    .684    .244  -9.999  -9.999    .164  -9.999
    58   2.650   1.320    .048    .729    .223  -9.999  -9.999    .156  -9.999
    71   2.650   1.320    .049    .746    .205  -9.999  -9.999    .154  -9.999
    81   2.650   1.320    .046    .732    .222  -9.999  -9.999    .160  -9.999
    97   2.650   1.320    .056    .736    .208  -9.999  -9.999    .156  -9.999
 10 MONONA          
    20   2.650   1.320    .051    .748    .201  -9.999  -9.999    .135   7.300
    29   2.650   1.530    .055    .741    .204    .378  -9.999    .162   7.300
    41   2.650   1.370    .049    .766    .185    .355  -9.999    .140  -9.999
    72   2.650   1.370    .054    .749    .197    .325  -9.999    .145  -9.999
   103   2.650   1.360    .046    .739    .215    .335  -9.999    .159  -9.999
   140   2.650   1.300    .075    .744    .181    .303  -9.999    .135  -9.999
   170   2.650   1.290    .083    .773    .144    .308  -9.999    .116  -9.999
   195   2.650   1.360    .108    .757    .135    .302  -9.999    .120  -9.999
   225   2.650   1.320    .087    .778    .135  -9.999  -9.999    .114  -9.999
   285   2.650   1.320    .083    .775    .142  -9.999  -9.999    .123  -9.999
  4 MONONA          
    18   2.650   1.320    .050    .748    .202  -9.999  -9.999    .137  -9.999
    30   2.650   1.490    .045    .762    .193    .347  -9.999    .146  -9.999
    48   2.650   1.370    .046    .785    .169    .325  -9.999    .126  -9.999
    70   2.650   1.440    .053    .780    .167    .318  -9.999    .131  -9.999
  4 MONONA          
    17   2.650   1.320    .052    .750    .198  -9.999  -9.999    .136  -9.999
    30   2.650   1.410    .062    .735    .203    .340  -9.999    .149  -9.999
    65   2.650   1.300    .067    .752    .181    .300  -9.999    .125  -9.999
    90   2.650   1.410    .054    .779    .167    .317  -9.999    .130  -9.999
  4 MONONA          
    15   2.650   1.320    .055    .720    .225  -9.999  -9.999    .152   7.100
    25   2.650   1.460    .052    .723    .225    .401  -9.999    .168   6.700
    54   2.650   1.290    .053    .753    .194    .337  -9.999    .139  -9.999
    73   2.650   1.240    .071    .774    .155    .308  -9.999    .113  -9.999
  7 MORCONICK       
    18   2.650   1.610    .724    .171    .105    .230  -9.999    .089  -9.999
    32   2.650   1.540    .380    .389    .231    .320  -9.999    .148  -9.999
    46   2.650   1.490    .897    .090    .013    .155  -9.999    .028  -9.999
    58   2.650   1.490    .974    .026    .000    .082  -9.999    .016  -9.999
    72   2.650   1.530    .956    .035    .009    .050  -9.999    .031  -9.999
   142   2.650   1.410    .892    .082    .026    .152  -9.999    .034  -9.999
   233   2.650   1.490    .980    .020    .000    .069  -9.999    .015  -9.999
  1 PALMS           
   152   2.650   1.320    .043    .757    .200  -9.999  -9.999    .220  -9.999
  3 ROCKTON         
    69   2.650   1.450    .661    .156    .183  -9.999  -9.999    .099  -9.999
    89   2.650   1.320    .204    .602    .194  -9.999  -9.999    .099  -9.999
    97   2.650   1.490    .889    .034    .077  -9.999  -9.999    .037  -9.999
  7 SAC             
    99   2.650   1.420    .342    .315    .343    .275  -9.999    .183  -9.999
   123   2.650   1.420    .360    .324    .316    .244  -9.999    .165   7.600
   144   2.650   1.420    .366    .327    .307    .253  -9.999    .163  -9.999
   169   2.650   1.420    .352    .332    .316  -9.999  -9.999    .168  -9.999
   188   2.650   1.420    .351    .329    .320    .251  -9.999    .173  -9.999
   223   2.650   1.420    .340    .343    .317  -9.999  -9.999    .172  -9.999
   260   2.650   1.420    .342    .334    .324    .280  -9.999    .190  -9.999
  7 SAC             
   109   2.650   1.420    .497    .308    .195  -9.999  -9.999    .122   7.300
   142   2.650   1.820    .338    .403    .259    .304  -9.999    .220  -9.999
   170   2.650   1.420    .333    .402    .265    .237  -9.999    .163  -9.999
   199   2.650   1.420    .329    .404    .267    .231  -9.999    .162  -9.999
   250   2.650   1.420    .345    .399    .256    .239  -9.999    .166  -9.999
   289   2.650   1.420    .330    .406    .264    .258  -9.999    .182  -9.999
   300   2.650   1.420    .343    .412    .245    .270  -9.999    .177  -9.999
  4 SAC             
    84   2.650   1.420    .343    .417    .240  -9.999  -9.999    .132  -9.999
   102   2.650   1.420    .326    .437    .237  -9.999  -9.999    .139  -9.999
   122   2.650   1.420    .363    .395    .242  -9.999  -9.999    .143  -9.999
   152   2.650   1.420    .314    .428    .258  -9.999  -9.999    .162  -9.999
  2 SAC             
    91   2.650   1.420    .348    .403    .249  -9.999  -9.999    .145  -9.999
   104   2.650   1.420    .342    .414    .244  -9.999  -9.999    .142  -9.999
  2 SAC             
    86   2.650   1.420    .395    .358    .247  -9.999  -9.999    .139  -9.999
   109   2.650   1.420    .363    .396    .241  -9.999  -9.999    .148  -9.999
  3 SAC             
    81   2.650   1.420    .345    .407    .248  -9.999  -9.999    .141  -9.999
    97   2.650   1.420    .335    .418    .247  -9.999  -9.999    .148  -9.999
   102   2.650   1.420    .351    .403    .246  -9.999  -9.999    .139  -9.999
  4 SAC             
    48   2.650   1.400    .139    .562    .299  -9.999  -9.999    .183  -9.999
    61   2.650   1.420    .245    .490    .265  -9.999  -9.999    .159  -9.999
    81   2.650   1.420    .345    .409    .246  -9.999  -9.999    .138  -9.999
   102   2.650   1.420    .352    .408    .240  -9.999  -9.999    .142  -9.999
  4 SAC             
    41   2.650   1.400    .192    .508    .300  -9.999  -9.999    .181  -9.999
    61   2.650   1.420    .324    .405    .271  -9.999  -9.999    .151  -9.999
    79   2.650   1.420    .340    .408    .252  -9.999  -9.999    .145  -9.999
    97   2.650   1.420    .347    .413    .240  -9.999  -9.999    .143  -9.999
  4 SAC             
    86   2.650   1.420    .332    .411    .257  -9.999  -9.999    .155  -9.999
    99   2.650   1.320    .292    .503    .205  -9.999  -9.999    .161  -9.999
   104   2.650   1.420    .360    .414    .226  -9.999  -9.999    .145  -9.999
   122   2.650   1.420    .392    .422    .186  -9.999  -9.999    .121  -9.999
  3 SAC             
    81   2.650   1.420    .391    .374    .235  -9.999  -9.999    .149  -9.999
    97   2.650   1.420    .359    .429    .212  -9.999  -9.999    .148  -9.999
   122   2.650   1.420    .351    .414    .235  -9.999  -9.999    .159  -9.999
  5 SAC             
    56   2.650   1.420    .234    .484    .282  -9.999  -9.999    .169  -9.999
    74   2.650   1.420    .334    .428    .238  -9.999  -9.999    .141  -9.999
    91   2.650   1.420    .336    .419    .245  -9.999  -9.999    .148  -9.999
   107   2.650   1.420    .332    .420    .248  -9.999  -9.999    .153  -9.999
   122   2.650   1.420    .334    .414    .252  -9.999  -9.999    .152  -9.999
  2 SAC             
    99   2.650   1.420    .341    .408    .251  -9.999  -9.999    .153  -9.999
   122   2.650   1.420    .336    .406    .258  -9.999  -9.999    .153  -9.999
  1 SEYMOUR         
    15   2.650   1.400    .047    .644    .309  -9.999  -9.999    .206  -9.999
  1 SHARPSBURG      
    13   2.650   1.400    .058    .637    .305  -9.999  -9.999    .203  -9.999
  2 SHELBY          
    76   2.650   1.420    .377    .368    .255  -9.999  -9.999    .162  -9.999
   137   2.650   1.420    .357    .414    .229  -9.999  -9.999    .149  -9.999
  3 SHELBY          
    69   2.650   1.420    .399    .322    .279  -9.999  -9.999    .152  -9.999
    81   2.650   1.420    .397    .331    .272  -9.999  -9.999    .153  -9.999
    97   2.650   1.420    .389    .341    .270  -9.999  -9.999    .153  -9.999
  4 SHELBY          
    79   2.650   1.420    .403    .321    .276  -9.999  -9.999    .149  -9.999
    84   2.650   1.420    .346    .345    .309  -9.999  -9.999    .176  -9.999
    95   2.650   1.420    .384    .340    .276  -9.999  -9.999    .151  -9.999
    99   2.650   1.420    .340    .353    .307  -9.999  -9.999    .182  -9.999
  3 SHELBY          
    61   2.650   1.420    .405    .314    .281  -9.999  -9.999    .149  -9.999
    71   2.650   1.420    .391    .332    .277  -9.999  -9.999    .151  -9.999
    84   2.650   1.420    .398    .322    .280  -9.999  -9.999    .151  -9.999
  2 SHELBY          
    76   2.650   1.420    .402    .308    .290  -9.999  -9.999    .155  -9.999
    91   2.650   1.420    .396    .323    .281  -9.999  -9.999    .151  -9.999
  2 SHELBY          
    84   2.650   1.420    .345    .332    .323  -9.999  -9.999    .192  -9.999
    91   2.650   1.420    .330    .347    .323  -9.999  -9.999    .190  -9.999
  3 SHELBY          
    71   2.650   1.420    .318    .372    .310  -9.999  -9.999    .202  -9.999
   107   2.650   1.420    .312    .386    .302  -9.999  -9.999    .189  -9.999
   152   2.650   1.420    .307    .380    .313  -9.999  -9.999    .197  -9.999
  5 SHELBY          
    15   2.650   1.420    .349    .330    .321  -9.999  -9.999    .195  -9.999
    46   2.650   1.420    .306    .392    .302  -9.999  -9.999    .186  -9.999
    84   2.650   1.420    .308    .389    .303  -9.999  -9.999    .196  -9.999
   119   2.650   1.420    .320    .379    .301  -9.999  -9.999    .203  -9.999
   152   2.650   1.420    .325    .372    .303  -9.999  -9.999    .213  -9.999
  2 SHELBY          
    15   2.650   1.420    .284    .480    .236  -9.999  -9.999    .143  -9.999
   152   2.650   1.420    .332    .395    .273  -9.999  -9.999    .176  -9.999
  3 SHELBY          
    56   2.650   1.420    .377    .293    .330  -9.999  -9.999    .187  -9.999
   107   2.650   1.420    .346    .322    .332  -9.999  -9.999    .203  -9.999
   152   2.650   1.420    .349    .319    .332  -9.999  -9.999    .209  -9.999
  1 SOUTHRIDGE      
   146   2.650   1.600    .531    .248    .221  -9.999  -9.999    .160  -9.999
  1 SPILLVILLE      
   114   2.650   1.550    .382    .419    .199    .412  -9.999    .183   5.700
  8 STEINAUER       
     8   2.650   1.680    .423    .326    .251    .348  -9.999    .198  -9.999
    19   2.650   1.420    .380    .353    .267    .219  -9.999    .142   7.400
    45   2.650   1.860    .362    .366    .272    .249  -9.999    .182  -9.999
    63   2.650   1.420    .327    .376    .297    .200  -9.999    .152   7.600
   106   2.650   1.420    .331    .368    .301    .199  -9.999    .165  -9.999
   151   2.650   1.420    .321    .372    .307    .231  -9.999    .180   7.700
   207   2.650   1.420    .334    .369    .297    .258  -9.999    .199  -9.999
   238   2.650   1.420    .331    .371    .298    .240  -9.999    .193  -9.999
  4 STEINAUER       
    13   2.650   1.420    .347    .367    .286  -9.999  -9.999    .165  -9.999
    25   2.650   1.420    .352    .359    .289  -9.999  -9.999    .159  -9.999
    56   2.650   1.420    .295    .395    .310  -9.999  -9.999    .169  -9.999
    89   2.650   1.420    .306    .365    .329  -9.999  -9.999    .189  -9.999
 10 STORDEN         
    17   2.650   1.630    .425    .380    .195    .336  -9.999    .173  -9.999
    30   2.650   1.630    .375    .422    .203    .323  -9.999    .147   7.400
    51   2.650   1.670    .356    .423    .221    .321  -9.999    .155  -9.999
    79   2.650   1.420    .354    .421    .225  -9.999  -9.999    .146   7.800
   108   2.650   1.420    .340    .434    .226    .264  -9.999    .159   7.700
   141   2.650   1.420    .347    .426    .227    .275  -9.999    .162   7.700
   180   2.650   1.420    .356    .414    .230  -9.999  -9.999    .168  -9.999
   221   2.650   1.420    .363    .416    .221    .274  -9.999    .159   7.700
   251   2.650   1.420    .350    .411    .239  -9.999  -9.999    .158  -9.999
   285   2.650   1.420    .350    .412    .238    .263  -9.999    .168   7.700
  6 STORDEN         
    18   2.650   1.420    .469    .325    .206  -9.999  -9.999    .138  -9.999
    33   2.650   1.420    .432    .369    .199  -9.999  -9.999    .133  -9.999
    51   2.650   1.420    .411    .397    .192  -9.999  -9.999    .138  -9.999
    64   2.650   1.420    .420    .388    .192  -9.999  -9.999    .138  -9.999
    79   2.650   1.420    .401    .400    .199  -9.999  -9.999    .146  -9.999
    94   2.650   1.420    .388    .429    .183  -9.999  -9.999    .136  -9.999
  4 STORDEN         
    48   2.650   1.420    .307    .428    .265  -9.999  -9.999    .175  -9.999
    64   2.650   1.320    .218    .545    .237  -9.999  -9.999    .160  -9.999
    79   2.650   1.320    .272    .516    .212  -9.999  -9.999    .145  -9.999
    95   2.650   1.420    .295    .494    .211  -9.999  -9.999    .163  -9.999
  6 STORDEN         
    18   2.650   1.420    .446    .369    .185  -9.999  -9.999    .135  -9.999
    33   2.650   1.420    .453    .371    .176  -9.999  -9.999    .128  -9.999
    48   2.650   1.420    .377    .452    .171  -9.999  -9.999    .125  -9.999
    64   2.650   1.420    .358    .459    .183  -9.999  -9.999    .145  -9.999
    79   2.650   1.420    .348    .459    .193  -9.999  -9.999    .142  -9.999
    94   2.650   1.420    .415    .405    .180  -9.999  -9.999    .145  -9.999
  5 STORDEN         
    36   2.650   1.420    .416    .336    .248  -9.999  -9.999    .162  -9.999
    48   2.650   1.420    .417    .363    .220  -9.999  -9.999    .151  -9.999
    64   2.650   1.420    .409    .381    .210  -9.999  -9.999    .143  -9.999
    79   2.650   1.420    .426    .393    .181  -9.999  -9.999    .136  -9.999
    94   2.650   1.420    .389    .419    .192  -9.999  -9.999    .132  -9.999
  6 STORDEN         
    15   2.650   1.420    .453    .323    .224  -9.999  -9.999    .151  -9.999
    28   2.650   1.420    .431    .335    .234  -9.999  -9.999    .155  -9.999
    43   2.650   1.420    .464    .375    .161  -9.999  -9.999    .118  -9.999
    58   2.650   1.420    .467    .414    .119  -9.999  -9.999    .105  -9.999
    74   2.650   1.420    .402    .406    .192  -9.999  -9.999    .145  -9.999
    89   2.650   1.420    .412    .393    .195  -9.999  -9.999    .152  -9.999
  5 STORDEN         
    15   2.650   1.420    .311    .464    .225  -9.999  -9.999    .146  -9.999
    30   2.650   1.320    .153    .581    .266  -9.999  -9.999    .164  -9.999
    46   2.650   1.400    .080    .634    .286  -9.999  -9.999    .190  -9.999
    61   2.650   1.320    .196    .571    .233  -9.999  -9.999    .152  -9.999
    76   2.650   1.450    .549    .307    .144  -9.999  -9.999    .119  -9.999
  5 STORDEN         
    15   2.650   1.420    .390    .360    .250  -9.999  -9.999    .149  -9.999
    30   2.650   1.420    .391    .388    .221  -9.999  -9.999    .143  -9.999
    46   2.650   1.420    .376    .405    .219  -9.999  -9.999    .141  -9.999
    61   2.650   1.420    .399    .391    .210  -9.999  -9.999    .139  -9.999
    76   2.650   1.420    .418    .380    .202  -9.999  -9.999    .133  -9.999
  5 STORDEN         
    18   2.650   1.420    .387    .357    .256  -9.999  -9.999    .163  -9.999
    30   2.650   1.420    .403    .343    .254  -9.999  -9.999    .141  -9.999
    46   2.650   1.420    .416    .388    .196  -9.999  -9.999    .126  -9.999
    61   2.650   1.420    .385    .398    .217  -9.999  -9.999    .146  -9.999
    76   2.650   1.420    .362    .394    .244  -9.999  -9.999    .148  -9.999
  1 STORDEN         
     8   2.650   1.420    .507    .284    .209  -9.999  -9.999    .129  -9.999
  6 STORDEN         
    18   2.650   1.450    .566    .272    .162  -9.999  -9.999    .106  -9.999
    30   2.650   1.450    .544    .326    .130  -9.999  -9.999    .096  -9.999
    46   2.650   1.420    .467    .302    .231  -9.999  -9.999    .091  -9.999
    61   2.650   1.450    .566    .328    .106  -9.999  -9.999    .094  -9.999
    76   2.650   1.450    .569    .316    .115  -9.999  -9.999    .094  -9.999
    91   2.650   1.450    .566    .330    .104  -9.999  -9.999    .093  -9.999
  6 STORDEN         
    18   2.650   1.450    .578    .276    .146  -9.999  -9.999    .103  -9.999
    33   2.650   1.450    .559    .332    .109  -9.999  -9.999    .090  -9.999
    48   2.650   1.450    .566    .326    .108  -9.999  -9.999    .087  -9.999
    64   2.650   1.450    .542    .362    .096  -9.999  -9.999    .086  -9.999
    79   2.650   1.320    .411    .506    .083  -9.999  -9.999    .051  -9.999
    94   2.650   1.420    .466    .435    .099  -9.999  -9.999    .027  -9.999
  6 STORDEN         
    15   2.650   1.420    .481    .306    .213  -9.999  -9.999    .043  -9.999
    30   2.650   1.420    .433    .381    .186  -9.999  -9.999    .125  -9.999
    46   2.650   1.420    .444    .374    .182  -9.999  -9.999    .128  -9.999
    61   2.650   1.420    .445    .370    .185  -9.999  -9.999    .131  -9.999
    76   2.650   1.420    .441    .373    .186  -9.999  -9.999    .133  -9.999
    91   2.650   1.420    .450    .370    .180  -9.999  -9.999    .133  -9.999
  6 STORDEN         
    15   2.650   1.420    .419    .431    .150  -9.999  -9.999    .135  -9.999
    30   2.650   1.420    .388    .454    .158  -9.999  -9.999    .141  -9.999
    46   2.650   1.320    .361    .501    .138  -9.999  -9.999    .117  -9.999
    61   2.650   1.320    .329    .529    .142  -9.999  -9.999    .131  -9.999
    76   2.650   1.320    .363    .511    .126  -9.999  -9.999    .123  -9.999
    91   2.650   1.320    .303    .548    .149  -9.999  -9.999    .137  -9.999
  6 STORDEN         
    15   2.650   1.420    .463    .357    .180  -9.999  -9.999    .128  -9.999
    30   2.650   1.420    .431    .396    .173  -9.999  -9.999    .135  -9.999
    46   2.650   1.420    .441    .380    .179  -9.999  -9.999    .135  -9.999
    61   2.650   1.420    .448    .383    .169  -9.999  -9.999    .133  -9.999
    76   2.650   1.420    .425    .401    .174  -9.999  -9.999    .142  -9.999
    91   2.650   1.420    .442    .382    .176  -9.999  -9.999    .136  -9.999
  7 STORDEN         
    20   2.650   1.420    .446    .311    .243  -9.999  -9.999    .148  -9.999
    41   2.650   1.420    .449    .319    .232  -9.999  -9.999    .145  -9.999
    61   2.650   1.420    .442    .349    .209  -9.999  -9.999    .176  -9.999
    76   2.650   1.420    .420    .377    .203  -9.999  -9.999    .143  -9.999
    91   2.650   1.420    .380    .403    .217  -9.999  -9.999    .156  -9.999
   107   2.650   1.420    .396    .390    .214  -9.999  -9.999    .160  -9.999
   127   2.650   1.420    .392    .385    .223  -9.999  -9.999    .162  -9.999
  3 STORDEN         
    18   2.650   1.420    .434    .304    .262  -9.999  -9.999    .149  -9.999
    51   2.650   1.420    .380    .344    .276  -9.999  -9.999    .163  -9.999
   122   2.650   1.420    .428    .365    .207  -9.999  -9.999    .168  -9.999
  8 STORDEN         
    20   2.650   1.420    .445    .349    .206  -9.999  -9.999    .138  -9.999
    36   2.650   1.320    .273    .546    .181  -9.999  -9.999    .135  -9.999
    51   2.650   1.320    .264    .557    .179  -9.999  -9.999    .132  -9.999
    66   2.650   1.320    .232    .593    .175  -9.999  -9.999    .136  -9.999
    81   2.650   1.420    .329    .487    .184  -9.999  -9.999    .158  -9.999
    97   2.650   1.420    .418    .389    .193  -9.999  -9.999    .133  -9.999
   112   2.650   1.420    .403    .396    .201  -9.999  -9.999    .185  -9.999
   122   2.650   1.420    .388    .425    .187  -9.999  -9.999    .182  -9.999
  5 SUNBURG         
    18   2.650   1.450    .630    .248    .122  -9.999  -9.999    .086  -9.999
    41   2.650   1.450    .628    .287    .085  -9.999  -9.999    .071  -9.999
    64   2.650   1.450    .636    .281    .083  -9.999  -9.999    .070  -9.999
    86   2.650   1.450    .651    .273    .076  -9.999  -9.999    .068  -9.999
   102   2.650   1.450    .641    .276    .083  -9.999  -9.999    .070  -9.999
  6 SUNBURG         
    13   2.650   1.450    .568    .295    .137  -9.999  -9.999    .099  -9.999
    25   2.650   1.450    .570    .310    .120  -9.999  -9.999    .094  -9.999
    41   2.650   1.450    .545    .357    .098  -9.999  -9.999    .081  -9.999
    56   2.650   1.450    .529    .350    .121  -9.999  -9.999    .099  -9.999
    74   2.650   1.420    .516    .370    .114  -9.999  -9.999    .095  -9.999
    91   2.650   1.450    .552    .350    .098  -9.999  -9.999    .086  -9.999
  6 SUNBURG         
     8   2.650   1.450    .544    .318    .138  -9.999  -9.999    .126  -9.999
    25   2.650   1.450    .531    .365    .104  -9.999  -9.999    .102  -9.999
    43   2.650   1.450    .532    .355    .113  -9.999  -9.999    .119  -9.999
    61   2.650   1.420    .501    .373    .126  -9.999  -9.999    .122  -9.999
    74   2.650   1.420    .437    .406    .157  -9.999  -9.999    .142  -9.999
    89   2.650   1.420    .461    .395    .144  -9.999  -9.999    .136  -9.999
  5 SUNBURG         
    15   2.650   1.420    .505    .375    .120  -9.999  -9.999    .098  -9.999
    36   2.650   1.420    .473    .406    .121  -9.999  -9.999    .099  -9.999
    53   2.650   1.420    .428    .439    .133  -9.999  -9.999    .118  -9.999
    86   2.650   1.420    .405    .431    .164  -9.999  -9.999    .125  -9.999
   122   2.650   1.420    .417    .442    .141  -9.999  -9.999    .122  -9.999
  3 TAMA            
    15   2.650   1.400    .018    .674    .308  -9.999  -9.999    .193  -9.999
   127   2.650   1.320    .068    .701    .231  -9.999  -9.999    .165  -9.999
   152   2.650   1.320    .070    .719    .211  -9.999  -9.999    .129  -9.999
  1 TMATAMA         
    94   2.650   1.320    .016    .818    .166  -9.999  -9.999    .110  -9.999
  1 WAUKEE          
    81   2.650   1.570    .683    .204    .113    .195    .231    .068   5.100
  1 WELLER          
   109   2.650   1.400    .008    .594    .398  -9.999  -9.999    .262   4.200
  4 WINNESHIEK      
    58   2.650   1.420    .347    .281    .372  -9.999  -9.999    .189  -9.999
    74   2.650   1.390    .252    .322    .426  -9.999  -9.999    .235  -9.999
    79   2.650   1.390    .279    .295    .426  -9.999  -9.999    .265  -9.999
    91   2.650   1.320    .312    .607    .081  -9.999  -9.999    .050  -9.999
