  3 ADEK            
    15   2.650   1.420    .289    .485    .226  -9.999  -9.999    .240  -9.999
    69   2.650   1.420    .342    .434    .224  -9.999  -9.999    .166  -9.999
   137   2.650   1.420    .429    .445    .126  -9.999  -9.999    .088  -9.999
  1 BANBURY         
    41   2.650   1.420    .454    .350    .196  -9.999  -9.999    .139  -9.999
  1 BAUSCHER        
   124   2.650   1.720    .580    .289    .131    .236  -9.999    .110   6.200
  5 BAYHOOK         
     5   2.650   1.310    .380    .461    .159    .297  -9.999    .121   8.100
    25   2.650   1.330    .366    .509    .125    .344  -9.999    .126   8.000
    36   2.650   1.350    .189    .706    .105    .424  -9.999    .132   8.100
    71   2.650   1.400    .208    .674    .118    .419  -9.999    .112   8.500
   153   2.650   1.270    .128    .816    .056    .512  -9.999    .098   8.600
  4 BLUESPRIN       
    18   2.650   1.420    .340    .483    .177  -9.999  -9.999    .175   5.900
    43   2.650   1.420    .296    .473    .231  -9.999  -9.999    .195   6.500
    64   2.650   1.320    .241    .508    .251  -9.999  -9.999    .191   6.600
    79   2.650   1.420    .268    .460    .272  -9.999  -9.999    .229   6.900
  7 BRIABBIT        
     7   2.650   1.710    .676    .279    .045    .178  -9.999    .109  -9.999
    15   2.650   1.890    .684    .259    .057    .163  -9.999    .123  -9.999
    31   2.650   1.670    .582    .331    .087    .187  -9.999    .144  -9.999
    51   2.650   1.770    .596    .338    .066    .232  -9.999    .158  -9.999
    96   2.650   1.900    .692    .279    .029    .190  -9.999    .144  -9.999
   147   2.650   1.780    .663    .262    .075    .237  -9.999    .167   8.100
   175   2.650   1.490    .770    .180    .050  -9.999  -9.999    .116   7.600
  6 BRIABBIT        
    13   2.650   1.660    .642    .270    .088    .214  -9.999    .156  -9.999
    31   2.650   1.640    .667    .250    .083    .210  -9.999    .149  -9.999
    66   2.650   1.830    .695    .226    .079    .234  -9.999    .167   8.000
    92   2.650   1.840    .709    .199    .092    .248  -9.999    .171   7.900
   122   2.650   1.780    .746    .192    .062    .242  -9.999    .158   8.100
   152   2.650   1.820    .711    .217    .072    .246  -9.999    .169   8.000
  6 BRIFOX          
    20   2.650   1.400    .019    .582    .399  -9.999  -9.999    .231  -9.999
    38   2.650   1.380    .021    .576    .403  -9.999  -9.999    .262  -9.999
    53   2.650   1.380    .013    .580    .407  -9.999  -9.999    .251  -9.999
    81   2.650   1.380    .007    .541    .452  -9.999  -9.999    .221  -9.999
   102   2.650   1.380    .002    .514    .484  -9.999  -9.999    .239  -9.999
   152   2.650   1.380    .003    .448    .549  -9.999  -9.999    .244  -9.999
  8 BRIFOX          
     8   2.650   1.390    .208    .373    .419  -9.999  -9.999    .277   7.600
    20   2.650   1.390    .199    .346    .455  -9.999  -9.999    .299   7.600
    53   2.650   1.390    .178    .339    .483  -9.999  -9.999    .464   7.800
    76   2.650   1.390    .191    .394    .415  -9.999  -9.999    .297   8.000
    97   2.650   1.390    .344    .250    .406  -9.999  -9.999    .282   7.700
   112   2.650   1.390    .202    .316    .482  -9.999  -9.999    .324   7.800
   137   2.650   1.420    .242    .474    .284  -9.999  -9.999    .190   7.900
   170   2.650   1.400    .141    .574    .285  -9.999  -9.999    .176   7.600
  7 BRINNUM         
    15   2.650   1.320    .125    .646    .229  -9.999  -9.999    .172   8.500
    63   2.650   1.320    .129    .644    .227  -9.999  -9.999    .223   8.700
    81   2.650   1.400    .138    .467    .395  -9.999  -9.999    .280   8.300
   124   2.650   1.320    .121    .697    .182  -9.999  -9.999    .133   8.100
   132   2.650   1.420    .453    .427    .120  -9.999  -9.999    .112   8.000
   142   2.650   1.400    .046    .592    .362  -9.999  -9.999    .290   8.300
   152   2.650   1.380    .029    .449    .522  -9.999  -9.999    .371   8.200
  8 BROADAX         
    10   2.650   1.320    .155    .700    .145  -9.999  -9.999    .120  -9.999
    25   2.650   1.320    .153    .705    .142  -9.999  -9.999    .123  -9.999
    33   2.650   1.320    .148    .734    .118  -9.999  -9.999    .098  -9.999
    53   2.650   1.320    .114    .700    .186  -9.999  -9.999    .116  -9.999
    71   2.650   1.320    .106    .704    .190  -9.999  -9.999    .104   8.300
   114   2.650   1.320    .130    .705    .165  -9.999  -9.999    .100   8.600
   132   2.650   1.320    .126    .731    .143  -9.999  -9.999    .116   8.700
   157   2.650   1.320    .246    .590    .164  -9.999  -9.999    .137   8.800
  8 BROADAX         
    10   2.650   1.320    .109    .696    .195  -9.999  -9.999    .149  -9.999
    23   2.650   1.320    .111    .690    .199  -9.999  -9.999    .152  -9.999
    41   2.650   1.320    .119    .707    .174  -9.999  -9.999    .143  -9.999
    66   2.650   1.320    .071    .669    .260  -9.999  -9.999    .153  -9.999
    84   2.650   1.320    .086    .676    .238  -9.999  -9.999    .137  -9.999
    94   2.650   1.320    .082    .696    .222  -9.999  -9.999    .137  -9.999
   104   2.650   1.320    .087    .647    .266  -9.999  -9.999    .162  -9.999
   165   2.650   1.320    .089    .659    .252  -9.999  -9.999    .161   8.000
  7 BROADAX         
    36   2.650   1.420    .049    .647    .304    .354  -9.999    .222  -9.999
    53   2.650   1.400    .055    .620    .325    .356  -9.999    .235  -9.999
    84   2.650   1.400    .065    .642    .293    .374  -9.999    .231  -9.999
    99   2.650   1.420    .085    .678    .237    .426  -9.999    .227   7.700
   112   2.650   1.270    .130    .793    .077    .405  -9.999    .178   8.000
   130   2.650   1.440    .075    .689    .236    .454  -9.999    .219   8.100
   188   2.650   1.310    .057    .704    .239    .428  -9.999    .193   8.100
  1 BROADHEAD       
    56   2.650   1.400    .060    .596    .344    .309  -9.999    .196  -9.999
  4 BRYDEN          
    18   2.650   1.320    .109    .754    .137  -9.999  -9.999    .120   7.300
    36   2.650   1.320    .142    .812    .046  -9.999  -9.999    .201   8.100
    64   2.650   1.320    .081    .726    .193  -9.999  -9.999    .198   8.500
    89   2.650   1.420    .343    .490    .167  -9.999  -9.999    .239   8.800
  6 BRYDEN          
    33   2.650   1.320    .116    .678    .206    .384  -9.999    .219  -9.999
    47   2.650   1.430    .109    .638    .253    .402  -9.999    .226   7.700
    63   2.650   1.490    .114    .662    .224    .362  -9.999    .222   7.900
    78   2.650   1.440    .137    .621    .242    .389  -9.999    .200   8.000
    95   2.650   1.320    .304    .529    .167  -9.999  -9.999    .186   8.100
   121   2.650   1.450    .704    .223    .073    .125  -9.999    .132   9.000
  6 CALOUSE         
    41   2.650   1.410    .104    .683    .213    .333  -9.999    .166  -9.999
    60   2.650   1.370    .118    .695    .187    .310  -9.999    .149  -9.999
    81   2.650   1.390    .114    .710    .176    .306  -9.999    .150  -9.999
   100   2.650   1.370    .143    .725    .132    .344  -9.999    .134   8.100
   145   2.650   1.460    .193    .731    .076    .371  -9.999    .133   8.600
   172   2.650   1.450    .138    .757    .105    .418  -9.999    .152   8.700
  1 CALOUSE         
   145   2.650   1.320    .195    .616    .189  -9.999  -9.999    .140   8.300
  2 CHARD           
    66   2.650   1.320    .404    .525    .071  -9.999  -9.999    .087  -9.999
    81   2.650   1.450    .457    .475    .068  -9.999  -9.999    .091  -9.999
  8 CHAYSON         
     5   2.650   1.630    .340    .559    .101    .279  -9.999    .122   7.000
    23   2.650   1.470    .351    .523    .126    .266  -9.999    .110  -9.999
    46   2.650   1.320    .283    .529    .188    .290  -9.999    .135  -9.999
    66   2.650   1.500    .218    .625    .157    .403  -9.999    .148  -9.999
    96   2.650   1.300    .279    .638    .083    .283  -9.999    .110  -9.999
   122   2.650   1.470    .517    .479    .004    .298  -9.999    .112   8.400
   137   2.650   1.500    .574    .414    .012    .253  -9.999    .111   8.400
   168   2.650   1.520    .340    .606    .054    .313  -9.999    .135   8.100
  9 CHIJER          
     5   2.650   1.520    .582    .345    .073    .313  -9.999    .105   6.800
    15   2.650   1.540    .558    .339    .103    .310  -9.999    .091  -9.999
    28   2.650   1.370    .430    .443    .127    .306  -9.999    .111  -9.999
    41   2.650   1.460    .361    .475    .164    .315  -9.999    .099  -9.999
    48   2.650   1.420    .367    .498    .135  -9.999  -9.999    .074  -9.999
    61   2.650   1.590    .400    .509    .091    .320  -9.999    .108  -9.999
    73   2.650   1.450    .478    .491    .031  -9.999  -9.999    .084  -9.999
   122   2.650   1.450    .627    .351    .022    .215  -9.999    .084   8.200
   155   2.650   1.510    .476    .493    .031    .219  -9.999    .095  -9.999
  4 CHIJER          
    12   2.650   1.680    .509    .366    .125    .306  -9.999    .126  -9.999
    21   2.650   1.660    .506    .345    .149    .292  -9.999    .138  -9.999
    26   2.650   1.620    .538    .323    .139    .303  -9.999    .138  -9.999
    30   2.650   1.450    .533    .332    .135  -9.999  -9.999    .122  -9.999
  8 CHILCOTT        
     8   2.650   1.260    .259    .607    .134    .290  -9.999    .097   6.400
    17   2.650   1.320    .243    .621    .136  -9.999  -9.999    .103  -9.999
    28   2.650   1.320    .216    .556    .228  -9.999  -9.999    .154  -9.999
    51   2.650   1.320    .196    .539    .265    .333  -9.999    .170   6.300
    67   2.650   1.420    .302    .464    .234  -9.999  -9.999    .202   7.100
    86   2.650   1.420    .324    .392    .284  -9.999  -9.999    .241   7.800
   122   2.650   1.810    .765    .144    .091    .259  -9.999    .205   8.100
   160   2.650   1.450    .746    .193    .061  -9.999  -9.999    .158   8.600
  4 CHILCOTT        
     8   2.650   1.320    .275    .611    .114  -9.999  -9.999    .116   6.600
    46   2.650   1.320    .219    .549    .232  -9.999  -9.999    .158  -9.999
   122   2.650   1.490    .785    .157    .058  -9.999  -9.999    .191   8.200
   230   2.650   1.450    .462    .496    .042  -9.999  -9.999    .189   8.000
  3 CHILCOTT        
     8   2.650   1.320    .289    .591    .120  -9.999  -9.999    .103   6.200
    51   2.650   1.320    .210    .530    .260  -9.999  -9.999    .168   6.300
   122   2.650   1.450    .762    .161    .077  -9.999  -9.999    .165   8.200
  3 CLEAVAGE        
     5   2.650   1.910    .599    .287    .114    .267  -9.999    .174  -9.999
    13   2.650   1.670    .488    .325    .187    .311  -9.999    .199  -9.999
    40   2.650   1.600    .496    .277    .227  -9.999  -9.999    .290  -9.999
  7 COALBANK        
     5   2.650   1.170    .582    .290    .128    .242  -9.999    .118   6.900
    13   2.650   1.230    .564    .315    .121    .181  -9.999    .100  -9.999
    25   2.650   1.210    .562    .309    .129    .163  -9.999    .096  -9.999
    51   2.650   1.300    .565    .316    .119    .172  -9.999    .100  -9.999
    86   2.650   1.480    .577    .325    .098    .253  -9.999    .101  -9.999
   109   2.650   1.280    .627    .311    .062    .216  -9.999    .093  -9.999
   152   2.650   1.490    .754    .201    .045  -9.999  -9.999    .110   8.500
  4 CRAMONT         
    25   2.650   1.280    .126    .716    .158    .378  -9.999    .131  -9.999
   112   2.650   1.400    .104    .555    .341    .367  -9.999    .224  -9.999
   165   2.650   1.400    .117    .542    .341    .365  -9.999    .228  -9.999
   190   2.650   1.520    .151    .529    .320    .409  -9.999    .254  -9.999
  7 DAVEY           
     9   2.650   1.490    .848    .111    .041  -9.999  -9.999    .054  -9.999
    20   2.650   1.710    .870    .098    .032    .067  -9.999    .051  -9.999
    37   2.650   1.490    .826    .133    .041  -9.999  -9.999    .057  -9.999
    58   2.650   1.770    .805    .097    .098    .136  -9.999    .087  -9.999
    83   2.650   1.490    .832    .123    .045  -9.999  -9.999    .066  -9.999
   130   2.650   1.690    .852    .120    .028    .093  -9.999    .057  -9.999
   165   2.650   1.490    .897    .099    .004  -9.999  -9.999    .037  -9.999
  8 DECLO           
     8   2.650   1.320    .266    .655    .079  -9.999  -9.999    .106   8.200
    20   2.650   1.460    .226    .643    .131    .266  -9.999    .133   8.400
    41   2.650   1.320    .242    .662    .096  -9.999  -9.999    .114   7.900
    66   2.650   1.320    .198    .712    .090    .407  -9.999    .119   7.700
    94   2.650   1.320    .199    .734    .067  -9.999  -9.999    .090   8.000
   117   2.650   1.320    .284    .627    .089  -9.999  -9.999    .107   7.900
   137   2.650   1.420    .390    .452    .158  -9.999  -9.999    .163   7.700
   170   2.650   1.450    .564    .290    .146  -9.999  -9.999    .232   7.800
  8 DECLO           
     8   2.650   1.100    .720    .193    .087    .194  -9.999    .123   6.600
    19   2.650   1.460    .623    .236    .141    .177  -9.999    .098  -9.999
    34   2.650   1.410    .529    .339    .132    .179  -9.999    .100  -9.999
    61   2.650   1.660    .366    .469    .165    .352  -9.999    .153  -9.999
    86   2.650   1.640    .350    .500    .150    .362  -9.999    .133  -9.999
   115   2.650   1.460    .364    .518    .118    .279  -9.999    .104  -9.999
   145   2.650   1.380    .489    .445    .066    .214  -9.999    .086  -9.999
   175   2.650   1.430    .410    .525    .065    .243  -9.999    .086   8.200
  4 DECLO           
     9   2.650   1.450    .737    .183    .080  -9.999  -9.999    .080  -9.999
    25   2.650   1.480    .763    .151    .086    .151  -9.999    .081  -9.999
    50   2.650   1.470    .532    .342    .126    .176  -9.999    .104  -9.999
    66   2.650   1.610    .398    .471    .131    .343  -9.999    .122  -9.999
  1 DEMAST          
   104   2.650   1.590    .380    .356    .264    .383  -9.999    .267  -9.999
  7 DUTCHCANYON     
    10   2.650   1.370    .251    .512    .237    .406  -9.999    .166   7.600
    25   2.650   1.490    .240    .504    .256    .371  -9.999    .197   7.900
    63   2.650   1.390    .253    .429    .318    .409  -9.999    .222   7.900
    79   2.650   1.360    .257    .461    .282    .373  -9.999    .194  -9.999
   119   2.650   1.410    .339    .476    .185    .320  -9.999    .117  -9.999
   142   2.650   1.420    .351    .489    .160  -9.999  -9.999    .116  -9.999
   168   2.650   1.450    .681    .182    .137  -9.999  -9.999    .094  -9.999
  6 EEP             
     5   2.650   1.450    .672    .232    .096  -9.999  -9.999    .109  -9.999
    84   2.650   1.450    .557    .296    .147  -9.999  -9.999    .136  -9.999
   102   2.650   1.700    .608    .302    .090    .224  -9.999    .127  -9.999
   127   2.650   1.490    .788    .196    .016  -9.999  -9.999    .060  -9.999
   163   2.650   1.490    .758    .238    .004  -9.999  -9.999    .060  -9.999
   186   2.650   1.390    .657    .323    .020    .293  -9.999    .090  -9.999
  6 ELIJAH          
     8   2.650   1.430    .505    .369    .126    .160  -9.999    .099  -9.999
    18   2.650   1.420    .411    .413    .176  -9.999  -9.999    .116  -9.999
    26   2.650   1.420    .394    .411    .195  -9.999  -9.999    .135  -9.999
    50   2.650   1.420    .394    .444    .162  -9.999  -9.999    .118  -9.999
    60   2.650   1.420    .436    .425    .139  -9.999  -9.999    .128   7.700
   125   2.650   1.490    .879    .077    .044  -9.999  -9.999    .077  -9.999
  6 ENDICOTT        
    18   2.650   1.320    .105    .745    .150  -9.999  -9.999    .121   6.200
    36   2.650   1.320    .110    .804    .086  -9.999  -9.999    .129   7.500
    61   2.650   1.320    .122    .778    .100  -9.999  -9.999    .132   8.000
    86   2.650   1.320    .376    .536    .088  -9.999  -9.999    .169   8.800
    97   2.650   1.450    .451    .480    .069  -9.999  -9.999    .204   8.900
   152   2.650   1.450    .687    .281    .032  -9.999  -9.999    .225   8.900
  7 ENDICOTT        
    13   2.650   1.360    .121    .693    .186    .322  -9.999    .165   6.300
    23   2.650   1.430    .112    .705    .183    .340  -9.999    .172  -9.999
    30   2.650   1.450    .126    .685    .189    .363  -9.999    .168  -9.999
    51   2.650   1.360    .140    .692    .168    .328  -9.999    .155  -9.999
    76   2.650   1.340    .136    .691    .173    .303  -9.999    .143  -9.999
    91   2.650   1.320    .241    .563    .196    .461  -9.999    .168   8.200
   107   2.650   2.100    .675    .248    .077    .197  -9.999    .206   8.700
  5 ENKO            
     8   2.650   1.480    .770    .182    .048    .141  -9.999    .061   6.600
    20   2.650   1.680    .718    .211    .071    .178  -9.999    .077  -9.999
    43   2.650   1.780    .774    .124    .102    .166  -9.999    .107  -9.999
    64   2.650   1.490    .841    .091    .068  -9.999  -9.999    .063  -9.999
   140   2.650   1.490    .930    .050    .020  -9.999  -9.999    .039   8.100
  6 FANDOW          
     8   2.650   1.420    .364    .499    .137  -9.999  -9.999    .158   7.800
    23   2.650   1.320    .349    .502    .149  -9.999  -9.999    .169   7.900
    31   2.650   1.420    .397    .408    .195  -9.999  -9.999    .177   8.100
    45   2.650   1.450    .721    .189    .090  -9.999  -9.999    .075   8.500
    66   2.650   1.490    .819    .122    .059  -9.999  -9.999    .049   8.800
   170   2.650   1.490    .787    .147    .066  -9.999  -9.999    .055   8.700
  6 FRENCHOLLOW     
    13   2.650   1.400    .156    .482    .362  -9.999  -9.999    .186   6.800
    30   2.650   1.400    .145    .483    .372  -9.999  -9.999    .210   6.400
    51   2.650   1.400    .133    .478    .389  -9.999  -9.999    .217   6.400
    74   2.650   1.380    .114    .472    .414  -9.999  -9.999    .225   6.700
   132   2.650   1.380    .150    .428    .422  -9.999  -9.999    .225   6.700
   157   2.650   1.380    .176    .410    .414  -9.999  -9.999    .221   7.700
  6 GARBUTT         
    18   2.650   1.360    .304    .556    .140    .211  -9.999    .101   8.200
    30   2.650   1.420    .369    .483    .148  -9.999  -9.999    .111  -9.999
    48   2.650   1.380    .454    .402    .144    .226  -9.999    .105   8.300
    75   2.650   1.420    .509    .372    .119  -9.999  -9.999    .105   8.400
   109   2.650   1.410    .610    .321    .069    .192  -9.999    .089   8.200
   183   2.650   1.450    .493    .445    .062  -9.999  -9.999    .100   7.900
  4 GEM             
     8   2.650   1.160    .446    .331    .223    .189  -9.999    .131  -9.999
    43   2.650   1.420    .398    .300    .302    .324  -9.999    .230  -9.999
    58   2.650   1.420    .378    .306    .316    .334  -9.999    .233  -9.999
    89   2.650   1.990    .637    .284    .079    .239  -9.999    .195  -9.999
  8 GENOLA          
     5   2.650   1.320    .233    .543    .224  -9.999  -9.999    .147   7.700
    28   2.650   1.210    .240    .587    .173    .321  -9.999    .145   7.700
    40   2.650   1.400    .145    .540    .315  -9.999  -9.999    .279   7.400
    64   2.650   1.300    .075    .591    .334    .455  -9.999    .269   7.400
    81   2.650   1.360    .125    .606    .269    .438  -9.999    .211   7.500
    99   2.650   1.400    .084    .570    .346  -9.999  -9.999    .297   7.600
   130   2.650   1.050    .058    .597    .345    .519  -9.999    .309   7.800
   165   2.650   1.400    .080    .527    .393  -9.999  -9.999    .356   7.900
  3 GRADCO          
    36   2.650   1.450    .747    .185    .068  -9.999  -9.999    .151  -9.999
    61   2.650   1.490    .797    .161    .042  -9.999  -9.999    .118  -9.999
    84   2.650   1.420    .495    .350    .155  -9.999  -9.999    .207  -9.999
  3 GREYS           
    41   2.650   1.320    .184    .666    .150  -9.999  -9.999    .084  -9.999
   208   2.650   1.420    .397    .492    .111  -9.999  -9.999    .089  -9.999
   244   2.650   1.320    .216    .615    .169  -9.999  -9.999    .106  -9.999
  1 GWIN            
    10   2.650   1.320    .240    .572    .188  -9.999  -9.999    .158  -9.999
  6 HARDISTER       
    10   2.650   1.140    .717    .208    .075    .119  -9.999    .064  -9.999
    23   2.650   1.250    .688    .209    .103    .142  -9.999    .084  -9.999
    36   2.650   1.160    .670    .223    .107    .113  -9.999    .079  -9.999
    61   2.650   1.190    .678    .219    .103    .140  -9.999    .088  -9.999
   109   2.650   1.270    .607    .273    .120    .222  -9.999    .094  -9.999
   165   2.650   1.220    .692    .222    .086    .142  -9.999    .079  -9.999
  7 HATWAI          
    26   2.650   1.320    .161    .672    .167  -9.999  -9.999    .129  -9.999
    45   2.650   1.320    .179    .722    .099  -9.999  -9.999    .071  -9.999
    55   2.650   1.320    .119    .686    .195  -9.999  -9.999    .128   8.200
    90   2.650   1.320    .123    .735    .142  -9.999  -9.999    .107   9.000
   102   2.650   1.320    .174    .753    .073  -9.999  -9.999    .112   8.900
   130   2.650   1.320    .235    .652    .113  -9.999  -9.999    .132   9.100
   185   2.650   1.320    .141    .783    .076  -9.999  -9.999    .100   8.800
  5 HATWAI          
    15   2.650   1.320    .146    .691    .163  -9.999  -9.999    .120  -9.999
    28   2.650   1.320    .139    .687    .174  -9.999  -9.999    .133  -9.999
    36   2.650   1.320    .167    .702    .131  -9.999  -9.999    .112  -9.999
    58   2.650   1.320    .114    .663    .223  -9.999  -9.999    .144  -9.999
    79   2.650   1.320    .112    .698    .190  -9.999  -9.999    .121   8.700
  4 HATWAI          
    25   2.650   1.320    .133    .685    .182  -9.999  -9.999    .127  -9.999
    38   2.650   1.320    .131    .746    .123  -9.999  -9.999    .078   8.000
    53   2.650   1.400    .091    .623    .286  -9.999  -9.999    .267   8.100
    79   2.650   1.400    .090    .592    .318  -9.999  -9.999    .319   8.800
  4 HATWAI          
    10   2.650   1.320    .102    .679    .219  -9.999  -9.999    .161  -9.999
    33   2.650   1.320    .097    .695    .208  -9.999  -9.999    .161  -9.999
    53   2.650   1.320    .141    .739    .120  -9.999  -9.999    .091  -9.999
    66   2.650   1.320    .073    .670    .257  -9.999  -9.999    .177  -9.999
  7 HEGLAR          
    13   2.650   1.390    .192    .706    .102    .306  -9.999    .106   7.500
    27   2.650   1.370    .179    .706    .115    .274  -9.999    .114   7.700
    33   2.650   1.320    .213    .675    .112  -9.999  -9.999    .119   7.400
    43   2.650   1.320    .189    .723    .088  -9.999  -9.999    .114   8.100
    69   2.650   1.630    .127    .749    .124    .357  -9.999    .140   8.400
    92   2.650   1.320    .102    .849    .049  -9.999  -9.999    .083   8.800
   153   2.650   1.470    .153    .820    .027    .378  -9.999    .085   8.700
  5 HONEYJONES      
     5   2.650   1.320    .222    .748    .030  -9.999  -9.999    .327  -9.999
    21   2.650   1.320    .238    .745    .017  -9.999  -9.999    .263  -9.999
    48   2.650   1.320    .244    .742    .014  -9.999  -9.999    .248  -9.999
   107   2.650   1.320    .282    .649    .069  -9.999  -9.999    .131  -9.999
   155   2.650   1.450    .710    .265    .025  -9.999  -9.999    .030  -9.999
  1 HOTCREEK        
    18   2.650   1.450    .577    .241    .182  -9.999  -9.999    .149  -9.999
  8 IPHIL           
     5   2.650   1.320    .177    .661    .162  -9.999  -9.999    .174  -9.999
    13   2.650   1.320    .175    .677    .148  -9.999  -9.999    .173  -9.999
    20   2.650   1.320    .187    .664    .149  -9.999  -9.999    .183  -9.999
    46   2.650   1.320    .188    .642    .170  -9.999  -9.999    .234  -9.999
    79   2.650   1.420    .269    .484    .247  -9.999  -9.999    .196  -9.999
   114   2.650   1.320    .252    .584    .164  -9.999  -9.999    .117  -9.999
   124   2.650   1.320    .279    .564    .157  -9.999  -9.999    .104  -9.999
   152   2.650   1.320    .028    .734    .238  -9.999  -9.999    .174  -9.999
  1 JACKET          
    69   2.650   1.400    .077    .576    .347  -9.999  -9.999    .217  -9.999
  3 JESTRICK        
    15   2.650   1.630    .821    .085    .094    .212  -9.999    .086  -9.999
    35   2.650   1.660    .797    .096    .107    .222    .290    .103  -9.999
    51   2.650   1.450    .779    .133    .088  -9.999  -9.999    .078  -9.999
  1 KETCHUM         
    20   2.650   1.230    .505    .430    .065    .477  -9.999    .086  -9.999
  1 KETTENBACH      
    10   2.650   1.320    .132    .651    .217  -9.999  -9.999    .162  -9.999
  4 KETTENBACH      
    20   2.650   1.320    .287    .509    .204  -9.999  -9.999    .164   7.000
    43   2.650   1.320    .216    .527    .257  -9.999  -9.999    .211   6.800
    74   2.650   1.320    .268    .580    .152  -9.999  -9.999    .162   7.000
    91   2.650   1.320    .225    .568    .207  -9.999  -9.999    .169   6.800
  7 KUCERA          
    18   2.650   1.590    .307    .532    .161    .329  -9.999    .142  -9.999
    28   2.650   1.480    .313    .515    .172    .252  -9.999    .132  -9.999
    58   2.650   1.420    .316    .525    .159    .244  -9.999    .118  -9.999
    97   2.650   1.310    .290    .545    .165    .271  -9.999    .124   7.700
   112   2.650   1.280    .468    .426    .106    .388  -9.999    .173   7.800
   127   2.650   1.220    .500    .394    .106    .346  -9.999    .168   8.000
   155   2.650   1.240    .392    .547    .061    .332  -9.999    .128  -9.999
  3 KUCERA          
    66   2.650   1.320    .227    .650    .123  -9.999  -9.999    .106  -9.999
    89   2.650   1.320    .220    .662    .118  -9.999  -9.999    .103  -9.999
   119   2.650   1.320    .193    .682    .125  -9.999  -9.999    .114  -9.999
  3 LANKTREE        
    15   2.650   1.470    .137    .577    .286    .381  -9.999    .200  -9.999
    31   2.650   1.400    .162    .512    .326  -9.999  -9.999    .203  -9.999
    76   2.650   1.600    .502    .193    .305  -9.999  -9.999    .237  -9.999
  1 LANOAK          
   165   2.650   1.320    .205    .712    .083  -9.999  -9.999    .141  -9.999
  1 LANTONIA        
   140   2.650   1.320    .229    .605    .166  -9.999  -9.999    .099  -9.999
  1 LANTONIA        
   127   2.650   1.320    .120    .732    .148  -9.999  -9.999    .112  -9.999
 10 LANTONIA        
    23   2.650   1.490    .152    .694    .154    .344  -9.999    .139   6.300
    43   2.650   1.250    .131    .707    .162    .250  -9.999    .115  -9.999
    56   2.650   1.420    .152    .686    .162    .271  -9.999    .126  -9.999
    74   2.650   1.480    .152    .674    .174    .240  -9.999    .127  -9.999
    99   2.650   1.380    .161    .700    .139    .258  -9.999    .113  -9.999
   114   2.650   1.390    .147    .688    .165    .313  -9.999    .120   7.900
   150   2.650   1.480    .151    .724    .125    .340  -9.999    .117  -9.999
   203   2.650   1.460    .196    .706    .098    .372  -9.999    .108  -9.999
   241   2.650   1.260    .343    .528    .129    .357  -9.999    .154  -9.999
   265   2.650   1.440    .236    .712    .052    .363  -9.999    .125  -9.999
 10 LANTONIA        
    15   2.650   1.290    .175    .666    .159    .270  -9.999    .116   7.400
    36   2.650   1.380    .165    .667    .168    .254  -9.999    .116   7.400
    71   2.650   1.400    .165    .669    .166    .259  -9.999    .115  -9.999
    97   2.650   1.440    .163    .684    .153    .289  -9.999    .115  -9.999
   147   2.650   1.310    .161    .692    .147    .233  -9.999    .110  -9.999
   183   2.650   1.470    .205    .681    .114    .301  -9.999    .159  -9.999
   203   2.650   1.410    .197    .682    .121    .264  -9.999    .123  -9.999
   246   2.650   1.430    .132    .720    .148    .303  -9.999    .132  -9.999
   290   2.650   1.320    .126    .719    .155  -9.999  -9.999    .127  -9.999
   300   2.650   1.450    .118    .691    .191    .338  -9.999    .160  -9.999
  4 LAPWAI          
    40   2.650   1.320    .241    .564    .195  -9.999  -9.999    .189  -9.999
    70   2.650   1.420    .398    .493    .109  -9.999  -9.999    .146  -9.999
    93   2.650   1.420    .512    .418    .070  -9.999  -9.999    .126  -9.999
   152   2.650   1.450    .663    .299    .038  -9.999  -9.999    .117  -9.999
  7 LEATHERMAN      
     8   2.650   1.180    .438    .419    .143    .373  -9.999    .171   6.800
    20   2.650   1.380    .418    .435    .147    .408  -9.999    .153   7.400
    33   2.650   1.450    .562    .285    .153  -9.999  -9.999    .151   7.200
    48   2.650   1.490    .804    .131    .065  -9.999  -9.999    .063   7.700
    96   2.650   1.490    .806    .136    .058  -9.999  -9.999    .031   7.800
    68   2.650   1.490    .792    .147    .061  -9.999  -9.999    .025   7.900
   160   2.650   1.490    .793    .119    .088  -9.999  -9.999    .036   7.700
  7 LETHA           
    31   2.650   1.450    .562    .392    .046  -9.999  -9.999    .057  -9.999
    41   2.650   1.670    .591    .365    .044    .256  -9.999    .060  -9.999
    51   2.650   1.450    .563    .305    .132    .365  -9.999    .131   9.400
    68   2.650   1.450    .554    .336    .110    .396  -9.999    .120   9.800
    85   2.650   1.420    .470    .425    .105    .419  -9.999    .128   9.700
   110   2.650   1.450    .572    .341    .087    .386  -9.999    .115   9.100
   120   2.650   1.490    .836    .151    .013  -9.999  -9.999    .024  -9.999
  4 LETHA           
    13   2.650   1.570    .169    .716    .115    .360  -9.999    .151   9.200
    66   2.650   1.320    .221    .676    .103  -9.999  -9.999    .172   9.500
    91   2.650   1.550    .284    .653    .063    .401  -9.999    .184   8.500
   125   2.650   1.320    .286    .642    .072  -9.999  -9.999    .129   8.300
  1 LOSTINE         
   114   2.650   1.420    .438    .455    .107  -9.999  -9.999    .146  -9.999
  3 LOSTINE         
    20   2.650   1.630    .199    .639    .162    .347  -9.999    .150  -9.999
    36   2.650   1.500    .188    .643    .169    .318  -9.999    .137  -9.999
    81   2.650   1.500    .185    .649    .166    .313  -9.999    .127  -9.999
  1 MALONEY         
    46   2.650   1.320    .207    .601    .192  -9.999  -9.999    .133  -9.999
  5 MANILA          
    25   2.650   1.560    .315    .468    .217    .335  -9.999    .167  -9.999
    84   2.650   1.390    .254    .326    .420    .352  -9.999    .245  -9.999
    94   2.650   1.420    .293    .416    .291    .349  -9.999    .217  -9.999
   127   2.650   1.750    .491    .417    .092    .334  -9.999    .199  -9.999
   157   2.650   1.810    .480    .338    .182    .291  -9.999    .165  -9.999
  3 MARLEY          
    97   2.650   1.400    .186    .457    .357  -9.999  -9.999    .246  -9.999
   114   2.650   1.390    .144    .359    .497  -9.999  -9.999    .278  -9.999
   130   2.650   1.390    .145    .369    .486  -9.999  -9.999    .263  -9.999
  3 MARLEY          
    51   2.650   1.400    .195    .428    .377  -9.999  -9.999    .272  -9.999
    58   2.650   1.380    .163    .407    .430  -9.999  -9.999    .293  -9.999
    69   2.650   1.390    .133    .371    .496  -9.999  -9.999    .247  -9.999
  6 MAZUMA          
    20   2.650   1.480    .564    .298    .138    .244  -9.999    .120   7.500
    30   2.650   1.420    .518    .320    .162  -9.999  -9.999    .136   7.900
    51   2.650   1.530    .477    .341    .182    .252  -9.999    .139   7.900
    73   2.650   1.520    .615    .278    .107    .277  -9.999    .108   8.100
   106   2.650   1.500    .431    .316    .253    .351  -9.999    .168   7.900
   200   2.650   1.490    .918    .005    .077  -9.999  -9.999    .036   8.200
  7 MAZUMA          
    10   2.650   1.380    .606    .304    .090    .193  -9.999    .075   8.700
    19   2.650   1.450    .632    .266    .102  -9.999  -9.999    .081   8.800
    35   2.650   1.490    .557    .296    .147    .167  -9.999    .106   8.100
    64   2.650   1.420    .449    .444    .107  -9.999  -9.999    .094   7.700
   105   2.650   1.600    .666    .260    .074    .197  -9.999    .096   7.800
   117   2.650   1.420    .505    .290    .205  -9.999  -9.999    .126   7.800
   152   2.650   1.480    .516    .346    .138    .281  -9.999    .157   7.700
  3 MEEGERNOT       
    71   2.650   1.420    .500    .359    .141  -9.999  -9.999    .114  -9.999
   104   2.650   1.450    .571    .325    .104  -9.999  -9.999    .084  -9.999
   147   2.650   1.420    .425    .262    .313  -9.999  -9.999    .139  -9.999
  1 MELAND          
    64   2.650   1.420    .244    .481    .275  -9.999  -9.999    .244  -9.999
  6 MISSION         
    63   2.650   1.560    .009    .713    .278    .404  -9.999    .184  -9.999
    84   2.650   1.490    .039    .841    .120    .407  -9.999    .088  -9.999
   102   2.650   1.480    .177    .761    .062    .367  -9.999    .047  -9.999
   119   2.650   1.600    .183    .801    .016    .368  -9.999    .029  -9.999
   147   2.650   1.320    .031    .796    .173    .359  -9.999    .099  -9.999
   160   2.650   1.320    .140    .754    .106  -9.999  -9.999    .071  -9.999
  5 MONASTERIO      
    10   2.650   1.080    .622    .250    .128    .201  -9.999    .168  -9.999
    20   2.650   1.410    .655    .216    .129    .125  -9.999    .100  -9.999
    28   2.650   1.440    .607    .256    .137    .176  -9.999    .107  -9.999
    43   2.650   1.450    .563    .260    .177    .223  -9.999    .117  -9.999
    64   2.650   1.450    .525    .282    .193    .265  -9.999    .131  -9.999
  5 MOUNTAINBOY     
    15   2.650   1.320    .363    .522    .115  -9.999  -9.999    .193   7.900
    29   2.650   1.420    .404    .463    .133  -9.999  -9.999    .193   8.000
    39   2.650   1.420    .467    .388    .145  -9.999  -9.999    .166   8.100
    58   2.650   1.450    .689    .245    .066  -9.999  -9.999    .102   8.800
   175   2.650   1.490    .802    .142    .056  -9.999  -9.999    .036   8.700
  8 NEWDALE         
     5   2.650   1.470    .228    .645    .127    .298  -9.999    .126   6.700
    20   2.650   1.320    .208    .634    .158    .227  -9.999    .115   7.200
    36   2.650   1.530    .219    .636    .145    .329  -9.999    .135   7.400
    41   2.650   1.560    .240    .627    .133    .337  -9.999    .140   7.700
    58   2.650   1.510    .247    .665    .088    .376  -9.999    .131  -9.999
    86   2.650   1.510    .298    .650    .052    .328  -9.999    .098  -9.999
   109   2.650   1.410    .314    .643    .043    .244  -9.999    .086  -9.999
   195   2.650   1.390    .311    .669    .020    .229  -9.999    .074  -9.999
  2 NEZ PERCE       
    46   2.650   1.380    .025    .554    .421  -9.999  -9.999    .261  -9.999
    76   2.650   1.380    .027    .518    .455  -9.999  -9.999    .280  -9.999
  1 NICHOLIA        
     5   2.650   1.420    .416    .446    .138  -9.999  -9.999    .236   6.800
  8 NITER           
     5   2.650   1.400    .140    .487    .373  -9.999  -9.999    .283  -9.999
    15   2.650   1.400    .156    .448    .396  -9.999  -9.999    .361  -9.999
    30   2.650   1.380    .103    .489    .408  -9.999  -9.999    .355  -9.999
    58   2.650   1.380    .126    .400    .474  -9.999  -9.999    .302  -9.999
    69   2.650   1.400    .131    .474    .395  -9.999  -9.999    .434   7.400
   117   2.650   1.390    .146    .260    .594  -9.999  -9.999    .352   7.600
   145   2.650   1.390    .098    .390    .512  -9.999  -9.999    .425   7.700
   155   2.650   1.390    .139    .385    .476  -9.999  -9.999    .307   7.900
  8 OLA             
     8   2.650   1.700    .713    .192    .095    .184  -9.999    .090  -9.999
    33   2.650   1.570    .707    .177    .116    .199  -9.999    .102  -9.999
    53   2.650   1.630    .725    .164    .111    .184  -9.999    .111  -9.999
    66   2.650   1.780    .745    .153    .102    .153  -9.999    .089  -9.999
    86   2.650   2.220    .876    .071    .053    .084  -9.999    .091  -9.999
   117   2.650   2.140    .898    .074    .028    .188  -9.999    .073  -9.999
   162   2.650   2.330    .899    .073    .028    .089  -9.999    .082  -9.999
   188   2.650   2.440    .917    .063    .020    .046  -9.999    .059  -9.999
  7 OLA             
     5   2.650   1.450    .841    .101    .058    .309  -9.999    .087  -9.999
    13   2.650   1.510    .738    .166    .096    .159  -9.999    .104  -9.999
    41   2.650   1.590    .711    .169    .120    .145  -9.999    .121  -9.999
    50   2.650   1.610    .747    .117    .136    .164  -9.999    .108  -9.999
    68   2.650   1.990    .889    .070    .041    .181  -9.999    .070  -9.999
    92   2.650   2.000    .868    .083    .049    .192  -9.999    .076  -9.999
   152   2.650   1.490    .913    .067    .020    .060  -9.999    .036  -9.999
  5 OLIPHANT        
    43   2.650   1.320    .121    .801    .078  -9.999  -9.999    .128  -9.999
    64   2.650   1.320    .143    .809    .048  -9.999  -9.999    .132  -9.999
    74   2.650   1.320    .102    .763    .135  -9.999  -9.999    .125  -9.999
    94   2.650   1.320    .123    .727    .150  -9.999  -9.999    .143  -9.999
   152   2.650   1.320    .135    .736    .129  -9.999  -9.999    .147  -9.999
  6 OXHEAD          
     8   2.650   1.600    .382    .437    .181    .342  -9.999    .168   7.400
    22   2.650   1.480    .401    .420    .179    .326  -9.999    .189   7.700
    34   2.650   1.420    .404    .365    .231    .389  -9.999    .241   7.900
    52   2.650   1.420    .427    .353    .220    .393  -9.999    .261   8.100
    75   2.650   1.430    .606    .301    .093    .452  -9.999    .216   8.400
   140   2.650   1.450    .564    .307    .129    .261  -9.999    .174   8.200
  3 OXHEAD          
    92   2.650   1.400    .596    .272    .132    .273  -9.999    .214   8.000
   152   2.650   1.450    .618    .286    .096    .265  -9.999    .174   8.200
   190   2.650   1.450    .561    .322    .117  -9.999  -9.999    .183   8.200
  8 PANCHERI        
     7   2.650   1.310    .159    .686    .155    .296  -9.999    .123   7.500
    13   2.650   1.380    .155    .684    .161    .297  -9.999    .132   7.500
    46   2.650   1.320    .117    .726    .157    .339  -9.999    .125   8.000
    56   2.650   1.510    .127    .729    .144    .346  -9.999    .124   8.100
    74   2.650   1.570    .160    .731    .109    .382  -9.999    .110   8.300
    91   2.650   1.550    .210    .740    .050    .338  -9.999    .118   8.500
   127   2.650   1.340    .192    .656    .152    .371  -9.999    .145   8.600
   158   2.650   1.320    .141    .673    .186    .429  -9.999    .161   8.600
  2 PANCHERI        
    23   2.650   1.320    .139    .701    .160  -9.999  -9.999    .123   7.700
    36   2.650   1.320    .127    .723    .150  -9.999  -9.999    .133   7.900
  8 PANCHERI        
     5   2.650   1.170    .138    .753    .109    .296  -9.999    .087   6.800
    10   2.650   1.290    .139    .744    .117    .301  -9.999    .090  -9.999
    30   2.650   1.240    .145    .738    .117    .288  -9.999    .092  -9.999
    43   2.650   1.210    .143    .779    .078    .290  -9.999    .090   7.700
    71   2.650   1.530    .132    .759    .109    .395  -9.999    .122   8.400
    96   2.650   1.540    .172    .786    .042    .371  -9.999    .091   8.700
   112   2.650   1.390    .140    .830    .030    .406  -9.999    .085   8.700
   162   2.650   1.320    .135    .826    .039  -9.999  -9.999    .070   8.500
  3 PAREHAT         
    20   2.650   1.420    .395    .475    .130  -9.999  -9.999    .152   7.700
   102   2.650   1.420    .401    .421    .178  -9.999  -9.999    .168   7.800
   152   2.650   1.320    .142    .635    .223  -9.999  -9.999    .222   8.400
  5 PATTEE          
    10   2.650   1.460    .363    .525    .112    .223  -9.999    .101   7.100
    25   2.650   1.420    .395    .507    .098    .200  -9.999    .084   7.500
    64   2.650   1.470    .414    .455    .131    .325  -9.999    .109   7.300
    76   2.650   1.340    .409    .453    .138    .257  -9.999    .092   7.300
   102   2.650   1.390    .362    .500    .138    .310  -9.999    .096   7.500
  4 PEEVYWELL       
    86   2.650   1.490    .864    .057    .079    .343  -9.999    .282  -9.999
   112   2.650   1.450    .760    .140    .100  -9.999  -9.999    .294  -9.999
   165   2.650   1.450    .683    .235    .082  -9.999  -9.999    .270  -9.999
   178   2.650   1.450    .615    .241    .144  -9.999  -9.999    .225  -9.999
  4 PERREAU         
    20   2.650   1.420    .316    .500    .184  -9.999  -9.999    .121   7.800
    46   2.650   1.420    .282    .414    .304  -9.999  -9.999    .170   7.800
    53   2.650   1.320    .297    .510    .193  -9.999  -9.999    .140   7.800
    71   2.650   1.420    .405    .419    .176  -9.999  -9.999    .133   7.500
  7 PICABO          
    13   2.650   1.320    .220    .670    .110  -9.999  -9.999    .401   8.800
    28   2.650   1.320    .198    .679    .123  -9.999  -9.999    .364   8.500
    53   2.650   1.320    .232    .615    .153  -9.999  -9.999    .399   8.300
    79   2.650   1.420    .295    .443    .262  -9.999  -9.999    .426   8.000
   102   2.650   1.400    .192    .463    .345  -9.999  -9.999    .396   7.900
   130   2.650   1.400    .150    .499    .351  -9.999  -9.999    .311   7.900
   155   2.650   1.320    .160    .713    .127  -9.999  -9.999    .108   8.000
  9 PICABO          
     5   2.650   1.350    .108    .471    .421    .479  -9.999    .309   7.500
    28   2.650   1.440    .104    .468    .428    .428  -9.999    .302   7.600
    51   2.650   1.290    .096    .430    .474    .391  -9.999    .283   7.900
    66   2.650   1.550    .139    .477    .384    .321  -9.999    .259   8.100
    86   2.650   1.730    .161    .555    .284    .330  -9.999    .202   8.200
   102   2.650   1.700    .423    .427    .150    .229  -9.999    .095  -9.999
   124   2.650   1.550    .712    .194    .094    .411  -9.999    .054  -9.999
   150   2.650   1.720    .732    .185    .083    .222  -9.999    .057  -9.999
   157   2.650   1.490    .843    .105    .052  -9.999  -9.999    .031  -9.999
  8 PICABO          
    18   2.650   1.320    .258    .549    .193  -9.999  -9.999    .335  -9.999
    53   2.650   1.400    .146    .456    .398  -9.999  -9.999    .374  -9.999
    76   2.650   1.380    .120    .465    .415  -9.999  -9.999    .051  -9.999
    99   2.650   1.400    .073    .596    .331  -9.999  -9.999    .035  -9.999
   142   2.650   1.400    .144    .530    .326  -9.999  -9.999    .050  -9.999
   150   2.650   1.400    .173    .499    .328  -9.999  -9.999    .015  -9.999
   157   2.650   1.320    .191    .561    .248  -9.999  -9.999    .058  -9.999
   173   2.650   1.380    .096    .427    .477  -9.999  -9.999    .073  -9.999
  8 PORTNEUF        
    28   2.650   1.480    .134    .664    .202    .340  -9.999    .160  -9.999
    58   2.650   1.450    .078    .710    .212    .377  -9.999    .164  -9.999
   102   2.650   1.320    .161    .798    .041  -9.999  -9.999    .092  -9.999
   137   2.650   1.420    .177    .811    .012    .288  -9.999    .087  -9.999
   165   2.650   1.210    .154    .809    .037    .241  -9.999    .077  -9.999
   183   2.650   1.460    .303    .672    .025    .378  -9.999    .093  -9.999
   216   2.650   1.210    .362    .572    .066    .229  -9.999    .102  -9.999
   254   2.650   1.450    .470    .467    .063  -9.999  -9.999    .160  -9.999
  6 PORTNEUF        
    25   2.650   1.550    .128    .684    .188    .332  -9.999    .163  -9.999
    43   2.650   1.400    .114    .766    .120    .386  -9.999    .132  -9.999
    91   2.650   1.320    .216    .755    .029  -9.999  -9.999    .091  -9.999
   137   2.650   1.320    .201    .778    .021  -9.999  -9.999    .088  -9.999
   198   2.650   1.320    .173    .778    .049  -9.999  -9.999    .095  -9.999
   244   2.650   1.350    .270    .680    .050    .320  -9.999    .099  -9.999
  5 PORTNEUF        
     8   2.650   1.320    .215    .674    .111  -9.999  -9.999    .110   7.700
    20   2.650   1.380    .160    .730    .110    .341  -9.999    .119   7.700
    38   2.650   1.380    .324    .646    .030    .327  -9.999    .086  -9.999
    99   2.650   1.360    .266    .716    .018    .324  -9.999    .082  -9.999
   160   2.650   1.360    .276    .694    .030    .317  -9.999    .083  -9.999
  7 POWER           
     8   2.650   1.390    .247    .609    .144    .291  -9.999    .125   6.600
    15   2.650   1.400    .186    .533    .281    .353  -9.999    .197  -9.999
    25   2.650   1.520    .248    .474    .278    .409  -9.999    .237  -9.999
    40   2.650   1.450    .260    .679    .061    .344  -9.999    .145  -9.999
    60   2.650   1.380    .433    .539    .028    .342  -9.999    .126  -9.999
   128   2.650   1.400    .417    .541    .042    .301  -9.999    .141   8.400
   150   2.650   1.480    .406    .478    .116    .302  -9.999    .172   7.600
  8 REAM            
     8   2.650   1.420    .399    .378    .223  -9.999  -9.999    .183   7.400
    33   2.650   1.420    .398    .385    .217  -9.999  -9.999    .153   7.700
    48   2.650   1.420    .368    .348    .284  -9.999  -9.999    .165  -9.999
    61   2.650   1.420    .361    .333    .306  -9.999  -9.999    .149  -9.999
    74   2.650   1.450    .584    .255    .161  -9.999  -9.999    .091  -9.999
    86   2.650   1.490    .794    .145    .061  -9.999  -9.999    .048  -9.999
   127   2.650   1.490    .962    .021    .017  -9.999  -9.999    .019  -9.999
   155   2.650   1.490    .951    .030    .019  -9.999  -9.999    .019  -9.999
  2 REDMORE         
    46   2.650   1.400    .063    .618    .319  -9.999  -9.999    .266   7.900
    84   2.650   1.400    .143    .521    .336  -9.999  -9.999    .273   8.500
  4 REHFIELD        
    84   2.650   1.660    .575    .257    .168    .186  -9.999    .116  -9.999
   107   2.650   1.450    .603    .246    .151  -9.999  -9.999    .091  -9.999
   135   2.650   1.450    .603    .246    .151  -9.999  -9.999    .096  -9.999
   152   2.650   1.720    .648    .192    .160    .212  -9.999    .124  -9.999
  4 REXBURG         
    30   2.650   1.320    .298    .563    .139  -9.999  -9.999    .100  -9.999
   249   2.650   1.320    .312    .612    .076  -9.999  -9.999    .136  -9.999
   264   2.650   1.320    .329    .596    .075  -9.999  -9.999    .114  -9.999
   300   2.650   1.450    .612    .334    .054  -9.999  -9.999    .141  -9.999
  7 REXBURG         
    20   2.650   1.320    .242    .588    .170  -9.999  -9.999    .104  -9.999
    71   2.650   1.320    .188    .633    .179  -9.999  -9.999    .137  -9.999
   142   2.650   1.320    .220    .661    .119  -9.999  -9.999    .102  -9.999
   163   2.650   1.320    .412    .509    .079  -9.999  -9.999    .094  -9.999
   203   2.650   1.320    .244    .656    .100  -9.999  -9.999    .100  -9.999
   213   2.650   1.320    .263    .663    .074  -9.999  -9.999    .095  -9.999
   279   2.650   1.320    .271    .563    .166  -9.999  -9.999    .116  -9.999
  2 REXBURG         
    30   2.650   1.320    .342    .525    .133  -9.999  -9.999    .088  -9.999
   127   2.650   1.320    .312    .630    .058  -9.999  -9.999    .083  -9.999
  8 REXBURG         
    20   2.650   1.400    .216    .661    .123    .291  -9.999    .119   7.500
    44   2.650   1.300    .180    .680    .140    .244  -9.999    .103   7.900
    61   2.650   1.340    .161    .669    .170    .334  -9.999    .127   8.000
    76   2.650   1.330    .139    .693    .168    .379  -9.999    .116   8.100
   102   2.650   1.420    .155    .716    .129    .319  -9.999    .095  -9.999
   117   2.650   1.320    .222    .709    .069  -9.999  -9.999    .083  -9.999
   165   2.650   1.390    .276    .708    .016    .236  -9.999    .082   8.700
   185   2.650   1.320    .262    .717    .021  -9.999  -9.999    .075   8.000
  8 REXBURG         
     7   2.650   1.460    .134    .714    .152    .299  -9.999    .134   7.300
    15   2.650   1.320    .131    .710    .159  -9.999  -9.999    .131   7.400
    27   2.650   1.510    .134    .706    .160    .368  -9.999    .146   7.500
    41   2.650   1.320    .124    .717    .159    .363  -9.999    .149   8.000
    51   2.650   1.540    .147    .723    .130    .410  -9.999    .171   8.200
    76   2.650   1.320    .131    .790    .079  -9.999  -9.999    .096   8.100
    97   2.650   1.320    .170    .809    .021  -9.999  -9.999    .078   8.100
   153   2.650   1.380    .177    .771    .052    .288  -9.999    .076   8.100
  6 REXBURG         
    17   2.650   1.400    .172    .663    .165    .305  -9.999    .133   6.700
    31   2.650   1.320    .157    .639    .204  -9.999  -9.999    .153  -9.999
    43   2.650   1.470    .160    .664    .176    .392  -9.999    .159   7.800
    59   2.650   1.480    .190    .689    .121    .406  -9.999    .154   8.300
   102   2.650   1.450    .143    .801    .056    .371  -9.999    .096   8.800
   153   2.650   1.320    .278    .715    .007  -9.999  -9.999    .078   8.900
 10 REXBURG         
     8   2.650   1.290    .136    .696    .168    .237  -9.999    .102   7.200
    15   2.650   1.510    .126    .696    .178    .291  -9.999    .130  -9.999
    25   2.650   1.340    .120    .681    .199    .287  -9.999    .127  -9.999
    30   2.650   1.480    .108    .665    .227    .355  -9.999    .154  -9.999
    35   2.650   1.570    .113    .671    .216    .402  -9.999    .171  -9.999
    43   2.650   1.550    .103    .683    .214    .389  -9.999    .169  -9.999
    66   2.650   1.620    .108    .692    .200    .382  -9.999    .165   7.400
    76   2.650   1.600    .108    .685    .207    .378  -9.999    .163   7.700
   112   2.650   1.390    .103    .698    .199    .320  -9.999    .129  -9.999
   157   2.650   1.390    .129    .675    .196    .297  -9.999    .136  -9.999
  8 REXBURG         
     5   2.650   1.200    .113    .718    .169    .258  -9.999    .145   6.500
    20   2.650   1.330    .135    .688    .177    .285  -9.999    .125  -9.999
    30   2.650   1.390    .128    .679    .193    .309  -9.999    .132  -9.999
    48   2.650   1.320    .117    .669    .214    .343  -9.999    .143  -9.999
    89   2.650   1.610    .107    .694    .199    .386  -9.999    .161  -9.999
   102   2.650   1.550    .115    .697    .188    .369  -9.999    .152  -9.999
   127   2.650   1.340    .126    .708    .166    .315  -9.999    .146  -9.999
   163   2.650   1.360    .134    .710    .156    .294  -9.999    .150   8.100
  7 REXBURG         
     5   2.650   1.320    .210    .647    .143  -9.999  -9.999    .104  -9.999
    18   2.650   1.320    .206    .639    .155  -9.999  -9.999    .107  -9.999
    25   2.650   1.320    .170    .645    .185  -9.999  -9.999    .120  -9.999
    46   2.650   1.320    .144    .623    .233  -9.999  -9.999    .148  -9.999
    69   2.650   1.320    .147    .636    .217  -9.999  -9.999    .137  -9.999
   107   2.650   1.320    .143    .671    .186  -9.999  -9.999    .123  -9.999
   152   2.650   1.320    .127    .700    .173  -9.999  -9.999    .111  -9.999
  7 RICETON         
    18   2.650   1.590    .777    .190    .033    .116  -9.999    .064  -9.999
    36   2.650   1.690    .725    .214    .061    .106  -9.999    .074  -9.999
    58   2.650   1.450    .738    .213    .049  -9.999  -9.999    .062  -9.999
    84   2.650   1.780    .787    .176    .037    .101  -9.999    .061  -9.999
   112   2.650   1.780    .781    .166    .053    .126  -9.999    .061  -9.999
   150   2.650   1.490    .771    .184    .045  -9.999  -9.999    .052  -9.999
   178   2.650   1.740    .732    .182    .086    .190  -9.999    .101  -9.999
  3 RIN             
    41   2.650   1.320    .117    .703    .180  -9.999  -9.999    .120  -9.999
   157   2.650   1.320    .128    .674    .198  -9.999  -9.999    .141  -9.999
   218   2.650   1.320    .177    .753    .070  -9.999  -9.999    .078  -9.999
  6 RIRIE           
    18   2.650   1.360    .255    .631    .114    .254  -9.999    .107   7.300
    33   2.650   1.340    .191    .673    .136    .330  -9.999    .106   7.800
    58   2.650   1.210    .202    .673    .125    .304  -9.999    .100   7.900
    89   2.650   1.220    .164    .713    .123    .254  -9.999    .093  -9.999
   130   2.650   1.290    .197    .729    .074    .388  -9.999    .086  -9.999
   152   2.650   1.330    .263    .717    .020    .362  -9.999    .081  -9.999
  9 ROBANA          
    20   2.650   1.610    .164    .676    .160    .354  -9.999    .127  -9.999
    43   2.650   1.460    .154    .690    .156    .302  -9.999    .111  -9.999
    51   2.650   1.580    .149    .683    .168    .314  -9.999    .123  -9.999
    81   2.650   1.580    .158    .640    .202    .333  -9.999    .147  -9.999
    94   2.650   1.610    .161    .639    .200    .369  -9.999    .151  -9.999
   117   2.650   1.320    .161    .583    .256    .338  -9.999    .158  -9.999
   145   2.650   1.600    .175    .555    .270    .387  -9.999    .200  -9.999
   168   2.650   1.320    .191    .548    .261    .376  -9.999    .166  -9.999
   183   2.650   1.550    .273    .525    .202    .367  -9.999    .175  -9.999
 10 ROBANA          
    20   2.650   1.550    .167    .674    .159    .352  -9.999    .130  -9.999
    43   2.650   1.420    .165    .667    .168    .270  -9.999    .118  -9.999
    58   2.650   1.500    .158    .682    .160    .299  -9.999    .111  -9.999
    81   2.650   1.430    .209    .633    .158    .245  -9.999    .123  -9.999
    97   2.650   1.500    .186    .604    .210    .328  -9.999    .156  -9.999
   132   2.650   1.380    .189    .647    .164    .346  -9.999    .149  -9.999
   157   2.650   1.330    .277    .659    .064    .323  -9.999    .130  -9.999
   175   2.650   1.280    .333    .551    .116    .385  -9.999    .195  -9.999
   234   2.650   1.510    .351    .601    .048    .371  -9.999    .148  -9.999
   254   2.650   1.450    .465    .472    .063    .310  -9.999    .139  -9.999
  4 SARILDA         
    36   2.650   1.320    .356    .540    .104  -9.999  -9.999    .099  -9.999
    51   2.650   1.320    .348    .516    .136  -9.999  -9.999    .115  -9.999
   124   2.650   1.380    .045    .509    .446  -9.999  -9.999    .277  -9.999
   155   2.650   1.400    .028    .598    .374  -9.999  -9.999    .255  -9.999
  2 SHILLA          
    61   2.650   1.430    .278    .573    .149    .368  -9.999    .169  -9.999
    79   2.650   1.520    .340    .501    .159    .389  -9.999    .217  -9.999
  2 SIMONTON        
   107   2.650   1.450    .602    .316    .082  -9.999  -9.999    .204  -9.999
   152   2.650   1.450    .545    .333    .122  -9.999  -9.999    .175  -9.999
  2 SMELTER         
   114   2.650   1.400    .190    .523    .287  -9.999  -9.999    .207  -9.999
   155   2.650   1.400    .171    .524    .305  -9.999  -9.999    .227  -9.999
  2 STARHOPE        
    66   2.650   1.400    .190    .420    .390    .392  -9.999    .249  -9.999
    76   2.650   1.420    .240    .481    .279  -9.999  -9.999    .311  -9.999
  8 STARLITE        
    13   2.650   1.450    .544    .303    .153  -9.999  -9.999    .103  -9.999
    36   2.650   1.420    .398    .369    .233  -9.999  -9.999    .142  -9.999
    58   2.650   1.420    .421    .390    .189  -9.999  -9.999    .105  -9.999
    81   2.650   1.320    .304    .553    .143  -9.999  -9.999    .081  -9.999
    94   2.650   1.400    .041    .578    .381  -9.999  -9.999    .183  -9.999
    94   2.650   1.320    .283    .611    .106  -9.999  -9.999    .059  -9.999
   119   2.650   1.400    .136    .542    .322  -9.999  -9.999    .141  -9.999
   152   2.650   1.450    .757    .146    .097  -9.999  -9.999    .051  -9.999
  1 STEMBER         
    46   2.650   1.400    .180    .536    .284  -9.999  -9.999    .253  -9.999
  8 STREVELL        
     5   2.650   1.320    .288    .640    .072  -9.999  -9.999    .094   7.600
    17   2.650   1.480    .216    .673    .111    .263  -9.999    .129   8.700
    33   2.650   1.320    .241    .646    .113  -9.999  -9.999    .139   8.500
    64   2.650   1.180    .147    .755    .098    .395  -9.999    .116   8.100
    79   2.650   1.320    .119    .796    .085  -9.999  -9.999    .121   8.000
   107   2.650   1.420    .476    .447    .077  -9.999  -9.999    .105   8.100
   127   2.650   1.450    .746    .206    .048  -9.999  -9.999    .059   8.000
   153   2.650   1.490    .841    .123    .036  -9.999  -9.999    .049   7.800
  1 SUGARCREEK      
    60   2.650   1.600    .531    .258    .211  -9.999  -9.999    .242  -9.999
  1 SWEDE           
   102   2.650   1.460    .199    .470    .331    .410  -9.999    .273  -9.999
  1 SWEDE           
   104   2.650   1.540    .254    .491    .255    .411  -9.999    .262  -9.999
  3 TALMAKS         
    91   2.650   1.380    .123    .627    .250    .339  -9.999    .181  -9.999
   119   2.650   1.570    .127    .613    .260    .363  -9.999    .218  -9.999
   119   2.650   1.400    .101    .560    .339  -9.999  -9.999    .209  -9.999
  1 TETONIA         
   140   2.650   1.320    .188    .643    .169  -9.999  -9.999    .141  -9.999
  8 THATCHERFLATS   
     5   2.650   1.320    .195    .604    .201  -9.999  -9.999    .114  -9.999
    13   2.650   1.320    .205    .610    .185  -9.999  -9.999    .107  -9.999
    23   2.650   1.380    .112    .463    .425  -9.999  -9.999    .276  -9.999
    28   2.650   1.400    .182    .428    .390  -9.999  -9.999    .302  -9.999
    64   2.650   1.400    .116    .543    .341  -9.999  -9.999    .262  -9.999
   114   2.650   1.400    .033    .592    .375  -9.999  -9.999    .259  -9.999
   142   2.650   1.320    .166    .584    .250  -9.999  -9.999    .169  -9.999
   165   2.650   1.320    .185    .582    .233  -9.999  -9.999    .172  -9.999
  3 THIOKOL         
    15   2.650   1.320    .092    .666    .242  -9.999  -9.999    .209   7.800
    31   2.650   1.320    .127    .631    .242  -9.999  -9.999    .207   7.700
    48   2.650   1.400    .045    .592    .363  -9.999  -9.999    .307   7.800
  5 TRAILCREEK      
     3   2.650   1.480    .558    .387    .055    .135  -9.999    .133   7.200
    10   2.650   1.010    .584    .353    .063    .146  -9.999    .087  -9.999
    30   2.650   1.070    .600    .350    .050    .133  -9.999    .058  -9.999
    51   2.650   1.280    .582    .365    .053    .173  -9.999    .072  -9.999
    66   2.650   1.450    .631    .336    .033    .152  -9.999    .087  -9.999
  1 WAKO            
    23   2.650   1.450    .714    .192    .094  -9.999  -9.999    .057  -9.999
  2 WAKO            
    13   2.650   1.430    .822    .114    .064    .162    .166    .079  -9.999
    45   2.650   1.450    .680    .193    .127  -9.999  -9.999    .106  -9.999
  8 WATERCANYON     
     8   2.650   1.350    .261    .630    .109    .293  -9.999    .119   7.200
    20   2.650   1.320    .260    .623    .117  -9.999  -9.999    .114   7.600
    28   2.650   1.320    .257    .638    .105  -9.999  -9.999    .123   7.800
    36   2.650   1.390    .210    .693    .097    .370  -9.999    .170   7.800
    58   2.650   1.320    .241    .717    .042  -9.999  -9.999    .098  -9.999
    76   2.650   1.520    .241    .728    .031    .366  -9.999    .097  -9.999
   107   2.650   1.320    .302    .694    .004  -9.999  -9.999    .078   9.000
   170   2.650   1.320    .321    .679    .000    .272  -9.999    .070   9.200
  6 WATERCANYON     
     8   2.650   1.250    .163    .709    .128    .261  -9.999    .102   7.000
    20   2.650   1.220    .170    .648    .182    .267  -9.999    .120   7.300
    47   2.650   1.330    .129    .658    .213    .277  -9.999    .113   7.500
    63   2.650   1.410    .128    .725    .147    .290  -9.999    .093  -9.999
   130   2.650   1.390    .165    .771    .064    .267  -9.999    .083  -9.999
   163   2.650   1.340    .162    .808    .030    .236  -9.999    .076   8.700
  8 WATERCANYON     
     8   2.650   1.320    .147    .721    .132  -9.999  -9.999    .119   7.000
    13   2.650   1.430    .159    .692    .149    .306  -9.999    .129   7.500
    17   2.650   1.320    .127    .692    .181    .290  -9.999    .135   7.400
    23   2.650   1.310    .134    .698    .168    .295  -9.999    .121   7.700
    48   2.650   1.330    .108    .695    .197    .271  -9.999    .114  -9.999
    84   2.650   1.510    .116    .724    .160    .326  -9.999    .109  -9.999
   107   2.650   1.390    .161    .760    .079    .314  -9.999    .085   8.000
   165   2.650   1.320    .211    .757    .032  -9.999  -9.999    .073   8.300
  6 WATERCANYON     
    10   2.650   1.320    .196    .598    .206  -9.999  -9.999    .131  -9.999
    28   2.650   1.320    .183    .615    .202  -9.999  -9.999    .132  -9.999
    58   2.650   1.320    .181    .593    .226  -9.999  -9.999    .129  -9.999
    81   2.650   1.320    .194    .595    .211  -9.999  -9.999    .128  -9.999
   117   2.650   1.320    .154    .668    .178  -9.999  -9.999    .125  -9.999
   152   2.650   1.320    .140    .622    .238  -9.999  -9.999    .162  -9.999
  3 WEBBRIDGE       
    86   2.650   1.420    .441    .447    .112    .398  -9.999    .210  -9.999
   114   2.650   1.290    .476    .393    .131    .473  -9.999    .233  -9.999
   135   2.650   1.450    .553    .314    .133  -9.999  -9.999    .289  -9.999
  3 ZEELNOT         
    46   2.650   1.420    .372    .470    .158  -9.999  -9.999    .133  -9.999
    81   2.650   1.420    .386    .453    .161  -9.999  -9.999    .116  -9.999
   142   2.650   1.400    .178    .464    .358  -9.999  -9.999    .189  -9.999
  6 ZUNHALL         
    13   2.650   1.420    .282    .480    .238  -9.999  -9.999    .202  -9.999
    43   2.650   1.420    .331    .458    .211  -9.999  -9.999    .177  -9.999
    61   2.650   1.320    .234    .572    .194  -9.999  -9.999    .128  -9.999
    71   2.650   1.320    .238    .549    .213  -9.999  -9.999    .140  -9.999
   119   2.650   1.320    .149    .595    .256  -9.999  -9.999    .197  -9.999
   152   2.650   1.320    .284    .511    .205  -9.999  -9.999    .149  -9.999
