  4 ARENZVILLE      
    15   2.650   1.600    .056    .789    .155    .334  -9.999    .107  -9.999
    91   2.650   1.600    .041    .805    .154    .363  -9.999    .110  -9.999
   114   2.650   1.340    .049    .770    .181    .375  -9.999    .110  -9.999
   152   2.650   1.460    .011    .698    .291    .385  -9.999    .225  -9.999
  6 ATTERBERRY      
    25   2.650   1.320    .061    .822    .117  -9.999  -9.999    .083  -9.999
    50   2.650   1.400    .038    .637    .325  -9.999  -9.999    .210  -9.999
    75   2.650   1.400    .026    .643    .331  -9.999  -9.999    .238  -9.999
   100   2.650   1.320    .047    .684    .269  -9.999  -9.999    .207  -9.999
   125   2.650   1.320    .025    .749    .226  -9.999  -9.999    .172  -9.999
   150   2.650   1.320    .074    .707    .219  -9.999  -9.999    .166  -9.999
  1 BANLIC          
    23   2.650   1.610    .121    .732    .147    .362  -9.999    .111  -9.999
  2 BEAUCOUP        
   164   2.650   1.400    .064    .650    .286    .335  -9.999    .169  -9.999
   152   2.650   1.370    .524    .270    .206  -9.999  -9.999    .110  -9.999
  3 BIRDS           
    69   2.650   1.320    .099    .775    .126  -9.999  -9.999    .094  -9.999
   102   2.650   1.320    .110    .690    .200  -9.999  -9.999    .148  -9.999
   152   2.650   1.320    .114    .719    .167  -9.999  -9.999    .121  -9.999
  3 BIRKBECK        
   173   2.650   1.420    .358    .468    .174    .220  -9.999    .104  -9.999
   109   2.650   1.320    .036    .747    .217  -9.999  -9.999    .147  -9.999
   152   2.650   1.420    .332    .487    .181  -9.999  -9.999    .106  -9.999
  2 BLAIR           
    51   2.650   1.420    .400    .421    .179  -9.999  -9.999    .112  -9.999
    76   2.650   1.420    .421    .319    .260  -9.999  -9.999    .165  -9.999
  3 BLAIR           
    36   2.650   1.400    .031    .649    .320  -9.999  -9.999    .217  -9.999
    51   2.650   1.320    .076    .672    .252  -9.999  -9.999    .161  -9.999
    91   2.650   1.420    .323    .401    .276  -9.999  -9.999    .170  -9.999
  3 BLAIR           
    33   2.650   1.420    .246    .436    .318  -9.999  -9.999    .203  -9.999
    51   2.650   1.420    .265    .381    .354  -9.999  -9.999    .217  -9.999
    76   2.650   1.420    .282    .402    .316  -9.999  -9.999    .199  -9.999
  3 BLAIR           
    23   2.650   1.320    .128    .608    .264  -9.999  -9.999    .168  -9.999
    41   2.650   1.320    .206    .574    .220  -9.999  -9.999    .135  -9.999
    79   2.650   1.420    .366    .473    .161  -9.999  -9.999    .108  -9.999
  3 BLAIR           
    33   2.650   1.420    .241    .448    .311  -9.999  -9.999    .196  -9.999
    58   2.650   1.420    .243    .462    .295  -9.999  -9.999    .180  -9.999
    84   2.650   1.420    .203    .507    .290  -9.999  -9.999    .175  -9.999
  2 BLAIR           
    48   2.650   1.400    .067    .597    .336  -9.999  -9.999    .234   4.200
    76   2.650   1.420    .237    .483    .280  -9.999  -9.999    .185   4.300
  2 BLAIR           
    43   2.650   1.400    .102    .568    .330  -9.999  -9.999    .218  -9.999
    71   2.650   1.400    .120    .578    .302  -9.999  -9.999    .202  -9.999
  2 BLAIR           
    43   2.650   1.400    .185    .540    .275  -9.999  -9.999    .182  -9.999
    71   2.650   1.420    .210    .501    .289  -9.999  -9.999    .180  -9.999
  2 BLAIR           
    36   2.650   1.420    .259    .455    .286  -9.999  -9.999    .175  -9.999
    61   2.650   1.420    .280    .442    .278  -9.999  -9.999    .175  -9.999
  4 BLAIR           
    33   2.650   1.400    .161    .512    .327  -9.999  -9.999    .200  -9.999
    51   2.650   1.400    .162    .516    .322  -9.999  -9.999    .202  -9.999
    66   2.650   1.420    .269    .442    .289  -9.999  -9.999    .177  -9.999
    97   2.650   1.420    .278    .432    .290  -9.999  -9.999    .170  -9.999
  3 BLOOMFIELD      
    23   2.650   1.680    .880    .091    .029    .054  -9.999    .042  -9.999
    91   2.650   1.590    .840    .127    .033    .043  -9.999    .021  -9.999
   132   2.650   1.620    .807    .156    .037    .065  -9.999    .023  -9.999
  3 BOLD            
    23   2.650   1.570    .017    .750    .233    .360  -9.999    .182  -9.999
    76   2.650   1.550    .013    .912    .075    .358  -9.999    .070  -9.999
   152   2.650   1.620    .021    .895    .084    .374  -9.999    .078  -9.999
  2 BROADWELL       
    23   2.650   1.570    .097    .673    .230    .355  -9.999    .166  -9.999
   152   2.650   1.640    .906    .070    .024    .098  -9.999    .020  -9.999
  3 CANISTEO        
    25   2.650   1.450    .584    .244    .172    .251  -9.999    .141  -9.999
    71   2.650   1.450    .527    .288    .185    .277  -9.999    .145  -9.999
   152   2.650   1.510    .976    .016    .008    .103  -9.999    .011  -9.999
  1 CARMI           
   152   2.650   1.450    .734    .206    .060  -9.999  -9.999    .065  -9.999
  3 CATLIN          
    28   2.650   1.320    .020    .726    .254    .323  -9.999    .149  -9.999
    66   2.650   1.530    .023    .668    .309    .392  -9.999    .222  -9.999
   152   2.650   1.420    .230    .495    .275    .234  -9.999    .156  -9.999
  3 CHELSEA         
    15   2.650   1.490    .902    .063    .035  -9.999  -9.999    .031  -9.999
    30   2.650   1.490    .891    .070    .039  -9.999  -9.999    .034  -9.999
   102   2.650   1.490    .920    .051    .029  -9.999  -9.999    .024  -9.999
  3 CHENOA          
   152   2.650   1.400    .114    .556    .330    .239  -9.999    .197  -9.999
   122   2.650   1.380    .119    .477    .404  -9.999  -9.999    .203  -9.999
   152   2.650   1.380    .112    .480    .408  -9.999  -9.999    .200  -9.999
  1 CLARENCE        
    89   2.650   1.380    .016    .404    .580  -9.999  -9.999    .257  -9.999
  4 COULTERVILLE    
    95   2.650   1.400    .073    .613    .314    .386    .400    .211  -9.999
   135   2.650   1.320    .019    .737    .244    .352    .372    .161  -9.999
   175   2.650   1.320    .023    .742    .235    .347    .381    .145  -9.999
   190   2.650   1.320    .016    .720    .264    .347    .367    .158  -9.999
  6 COULTERVILLE    
    36   2.650   1.400    .040    .661    .299  -9.999  -9.999    .189  -9.999
    48   2.650   1.400    .049    .657    .294  -9.999  -9.999    .200  -9.999
    71   2.650   1.400    .037    .630    .333  -9.999  -9.999    .237  -9.999
    86   2.650   1.400    .030    .674    .296  -9.999  -9.999    .225  -9.999
    94   2.650   1.400    .037    .630    .333  -9.999  -9.999    .241  -9.999
    99   2.650   1.400    .039    .633    .328  -9.999  -9.999    .249  -9.999
  6 COULTERVILLE    
    25   2.650   1.320    .051    .849    .100  -9.999  -9.999    .183   6.700
    50   2.650   1.400    .056    .620    .324  -9.999  -9.999    .169   4.700
    75   2.650   1.380    .030    .539    .431  -9.999  -9.999    .291  -9.999
   100   2.650   1.400    .050    .599    .351  -9.999  -9.999    .231  -9.999
   125   2.650   1.400    .049    .646    .305  -9.999  -9.999    .192  -9.999
   150   2.650   1.320    .050    .703    .247  -9.999  -9.999    .186  -9.999
  6 COULTERVILLE    
    25   2.650   1.320    .052    .840    .108  -9.999  -9.999    .074  -9.999
    50   2.650   1.400    .056    .599    .345  -9.999  -9.999    .221  -9.999
    75   2.650   1.400    .041    .590    .369  -9.999  -9.999    .263  -9.999
   100   2.650   1.400    .052    .659    .289  -9.999  -9.999    .227  -9.999
   125   2.650   1.400    .060    .666    .274  -9.999  -9.999    .213   6.700
   150   2.650   1.320    .080    .726    .194  -9.999  -9.999    .170   6.600
  4 DANA            
    25   2.650   1.520    .107    .634    .259    .351  -9.999    .157  -9.999
   107   2.650   1.420    .321    .354    .325    .287  -9.999    .177  -9.999
   152   2.650   1.420    .336    .426    .238    .239  -9.999    .131  -9.999
   152   2.650   1.420    .352    .432    .216    .226  -9.999    .129  -9.999
  2 DANA            
    23   2.650   1.600    .072    .686    .242    .390  -9.999    .168  -9.999
   152   2.650   1.420    .303    .486    .211    .248  -9.999    .131  -9.999
  3 DARMSTADT       
    23   2.650   1.530    .146    .706    .148    .329  -9.999    .106   7.300
    66   2.650   1.380    .050    .511    .439    .392  -9.999    .276   5.700
   112   2.650   1.400    .112    .617    .271    .368  -9.999    .197   7.300
  2 DARMSTADT       
    76   2.650   1.400    .108    .549    .343    .358  -9.999    .253  -9.999
   132   2.650   1.420    .375    .422    .203    .317  -9.999    .158  -9.999
  8 DARMSTADT       
    20   2.650   1.320    .050    .840    .110  -9.999  -9.999    .066  -9.999
    33   2.650   1.320    .086    .768    .146  -9.999  -9.999    .086  -9.999
    43   2.650   1.400    .074    .606    .320  -9.999  -9.999    .206  -9.999
    56   2.650   1.400    .024    .596    .380  -9.999  -9.999    .260   6.600
    84   2.650   1.400    .037    .600    .363  -9.999  -9.999    .286   7.800
   104   2.650   1.400    .031    .690    .279  -9.999  -9.999    .217   8.100
   130   2.650   1.320    .042    .719    .239  -9.999  -9.999    .186   8.300
   152   2.650   1.320    .031    .746    .223  -9.999  -9.999    .156   7.900
  4 DARMSTADT       
    81   2.650   1.320    .035    .705    .260  -9.999  -9.999    .181  -9.999
   104   2.650   1.320    .030    .740    .230  -9.999  -9.999    .164  -9.999
   119   2.650   1.320    .185    .627    .188  -9.999  -9.999    .139  -9.999
   193   2.650   1.320    .319    .535    .146  -9.999  -9.999    .108  -9.999
  5 DARMSTADT       
    69   2.650   1.400    .036    .681    .283  -9.999  -9.999    .232  -9.999
    86   2.650   1.400    .035    .687    .278  -9.999  -9.999    .221  -9.999
   109   2.650   1.320    .039    .709    .252  -9.999  -9.999    .203  -9.999
   165   2.650   1.320    .132    .650    .218  -9.999  -9.999    .166  -9.999
   206   2.650   1.320    .199    .592    .209  -9.999  -9.999    .147  -9.999
  6 DARMSTADT       
    51   2.650   1.400    .078    .614    .308  -9.999  -9.999    .214   7.600
    63   2.650   1.400    .089    .620    .291  -9.999  -9.999    .210   7.900
    86   2.650   1.400    .096    .632    .272  -9.999  -9.999    .190   8.200
   124   2.650   1.400    .084    .627    .289  -9.999  -9.999    .207   8.200
   175   2.650   1.420    .309    .473    .218  -9.999  -9.999    .148  -9.999
   213   2.650   1.420    .322    .439    .239  -9.999  -9.999    .153  -9.999
  4 DARMSTADT       
    74   2.650   1.400    .024    .615    .361  -9.999  -9.999    .262  -9.999
    89   2.650   1.400    .050    .625    .325  -9.999  -9.999    .223  -9.999
    97   2.650   1.400    .032    .692    .276  -9.999  -9.999    .225  -9.999
    99   2.650   1.400    .057    .596    .347  -9.999  -9.999    .263  -9.999
  3 DARMSTADT       
    74   2.650   1.380    .037    .556    .407  -9.999  -9.999    .262  -9.999
    99   2.650   1.400    .030    .593    .377  -9.999  -9.999    .274  -9.999
   102   2.650   1.400    .058    .595    .347  -9.999  -9.999    .277  -9.999
  6 DARMSTADT       
    25   2.650   1.320    .084    .798    .118  -9.999  -9.999    .214   6.300
    50   2.650   1.400    .035    .655    .310  -9.999  -9.999    .209   6.500
    75   2.650   1.320    .040    .710    .250  -9.999  -9.999    .162   8.000
   100   2.650   1.320    .055    .682    .263  -9.999  -9.999    .147   8.100
   125   2.650   1.320    .055    .711    .234  -9.999  -9.999    .198   8.100
   150   2.650   1.320    .117    .710    .173  -9.999  -9.999    .136  -9.999
  6 DARMSTADT       
    25   2.650   1.320    .068    .824    .108  -9.999  -9.999    .077  -9.999
    50   2.650   1.400    .052    .639    .309  -9.999  -9.999    .150   6.400
    75   2.650   1.400    .046    .617    .337  -9.999  -9.999    .154   7.800
   100   2.650   1.320    .056    .689    .255  -9.999  -9.999    .073   8.000
   125   2.650   1.320    .041    .750    .209  -9.999  -9.999    .108   7.800
   150   2.650   1.320    .121    .665    .214  -9.999  -9.999    .162  -9.999
  6 DARMSTADT       
    25   2.650   1.320    .065    .775    .160  -9.999  -9.999    .144   6.600
    50   2.650   1.400    .019    .596    .385  -9.999  -9.999    .297   7.200
    75   2.650   1.400    .019    .619    .362  -9.999  -9.999    .234   8.000
   100   2.650   1.320    .033    .708    .259  -9.999  -9.999    .186   8.200
   125   2.650   1.320    .030    .760    .210  -9.999  -9.999    .269   8.100
   150   2.650   1.320    .157    .647    .196  -9.999  -9.999    .168   7.900
  3 DARWIN          
    71   2.650   1.380    .111    .425    .464  -9.999  -9.999    .259  -9.999
   104   2.650   1.380    .114    .420    .466  -9.999  -9.999    .241  -9.999
   152   2.650   1.380    .119    .434    .447  -9.999  -9.999    .243  -9.999
  3 DOCKERY         
    23   2.650   1.410    .047    .633    .320    .381  -9.999    .186  -9.999
    53   2.650   1.420    .068    .663    .269    .386  -9.999    .182  -9.999
   152   2.650   1.400    .088    .631    .281    .385  -9.999    .188  -9.999
  1 DOUGLAS         
    25   2.650   1.320    .010    .776    .214    .304  -9.999    .114  -9.999
  1 DOWNS           
    23   2.650   1.420    .023    .829    .148    .268  -9.999    .098  -9.999
  3 DU PAGE         
    23   2.650   1.430    .175    .594    .231    .408  -9.999    .194  -9.999
    97   2.650   1.580    .581    .296    .123    .292  -9.999    .115  -9.999
   152   2.650   1.590    .548    .310    .142    .248  -9.999    .119  -9.999
  2 EDINBURG        
    28   2.650   1.640    .143    .650    .207    .372  -9.999    .179  -9.999
   152   2.650   1.320    .061    .693    .246    .318  -9.999    .174  -9.999
  1 ELKHART         
   109   2.650   1.320    .011    .796    .193    .290  -9.999    .115  -9.999
  2 ELKHART         
    89   2.650   1.320    .082    .682    .236  -9.999  -9.999    .180  -9.999
   152   2.650   1.320    .024    .861    .115    .302  -9.999    .106  -9.999
  1 ELLIOTT         
   152   2.650   1.400    .164    .531    .305    .270  -9.999    .171  -9.999
  2 FLANAGAN        
   119   2.650   1.320    .070    .673    .257  -9.999  -9.999    .158  -9.999
   152   2.650   1.400    .108    .517    .375  -9.999  -9.999    .213  -9.999
  4 FRONDORF        
    33   2.650   1.420    .294    .473    .233  -9.999  -9.999    .145  -9.999
    48   2.650   1.420    .317    .427    .256  -9.999  -9.999    .153  -9.999
    97   2.650   1.420    .345    .356    .299  -9.999  -9.999    .175  -9.999
   102   2.650   1.420    .365    .308    .327  -9.999  -9.999    .212  -9.999
  2 FULTS           
   107   2.650   1.700    .461    .210    .329    .299  -9.999    .231  -9.999
   152   2.650   1.670    .808    .045    .147    .162  -9.999    .083  -9.999
  2 GILFORD         
    56   2.650   1.760    .739    .149    .112    .188  -9.999    .106  -9.999
   130   2.650   1.490    .938    .048    .014  -9.999  -9.999    .018  -9.999
  3 GRANTFORK       
    41   2.650   1.420    .262    .484    .254    .327  -9.999    .165   5.300
   107   2.650   1.420    .296    .438    .266    .332  -9.999    .176   7.700
   135   2.650   1.420    .369    .366    .265    .284  -9.999    .169   7.900
  7 GRANTFORK       
    15   2.650   1.420    .307    .422    .271  -9.999  -9.999    .168  -9.999
    23   2.650   1.420    .332    .346    .322  -9.999  -9.999    .187  -9.999
    38   2.650   1.420    .292    .387    .321  -9.999  -9.999    .189  -9.999
    66   2.650   1.420    .328    .338    .334  -9.999  -9.999    .202  -9.999
    91   2.650   1.420    .333    .310    .357  -9.999  -9.999    .223  -9.999
   135   2.650   1.420    .421    .288    .291  -9.999  -9.999    .214   8.200
   152   2.650   1.420    .368    .396    .236  -9.999  -9.999    .175  -9.999
  7 GRANTFORK       
    20   2.650   1.400    .145    .556    .299  -9.999  -9.999    .195  -9.999
    33   2.650   1.400    .170    .531    .299  -9.999  -9.999    .193  -9.999
    43   2.650   1.420    .200    .504    .296  -9.999  -9.999    .200   6.900
    66   2.650   1.400    .178    .522    .300  -9.999  -9.999    .207   7.800
    91   2.650   1.420    .264    .474    .262  -9.999  -9.999    .182   8.000
   119   2.650   1.320    .166    .567    .267  -9.999  -9.999    .173   7.900
   152   2.650   1.420    .254    .446    .300  -9.999  -9.999    .192   7.700
  3 HAMBURG         
    18   2.650   1.330    .108    .820    .072    .231  -9.999    .100  -9.999
    58   2.650   1.350    .094    .832    .074    .162  -9.999    .054  -9.999
   152   2.650   1.460    .102    .827    .071    .253  -9.999    .061  -9.999
  3 HARPSTER        
    53   2.650   1.380    .072    .691    .237    .454  -9.999    .233  -9.999
    84   2.650   1.320    .064    .727    .209    .318  -9.999    .147  -9.999
   152   2.650   1.320    .038    .799    .163    .358  -9.999    .110  -9.999
  1 HARRISON        
   142   2.650   1.400    .022    .707    .271  -9.999  -9.999    .186  -9.999
  3 HENNEPIN        
    10   2.650   1.420    .407    .350    .243    .371  -9.999    .187  -9.999
    41   2.650   1.450    .643    .226    .131  -9.999  -9.999    .071  -9.999
   152   2.650   1.800    .420    .383    .197    .230  -9.999    .130  -9.999
  3 HENNEPIN        
    10   2.650   1.450    .470    .352    .178    .403  -9.999    .187  -9.999
    41   2.650   1.690    .460    .341    .199    .281  -9.999    .144  -9.999
   152   2.650   1.940    .410    .394    .196    .266  -9.999    .169  -9.999
  2 HICKORY         
    89   2.650   1.420    .253    .435    .312    .243  -9.999    .180  -9.999
   152   2.650   1.420    .292    .443    .265    .210  -9.999    .165  -9.999
 10 HICKORY         
    13   2.650   1.410    .481    .409    .110    .204  -9.999    .102  -9.999
    33   2.650   1.420    .505    .383    .112  -9.999  -9.999    .057  -9.999
    61   2.650   1.420    .378    .322    .300  -9.999  -9.999    .153  -9.999
    86   2.650   1.420    .346    .308    .346    .273  -9.999    .186  -9.999
   109   2.650   1.420    .352    .316    .332  -9.999  -9.999    .187  -9.999
   140   2.650   1.420    .382    .343    .275    .257  -9.999    .163  -9.999
   157   2.650   1.450    .639    .197    .164    .254  -9.999    .113  -9.999
   211   2.650   1.420    .430    .408    .162    .152  -9.999    .105  -9.999
   216   2.650   1.790    .884    .073    .043    .109  -9.999    .047  -9.999
   254   2.650   1.450    .545    .329    .126    .126  -9.999    .087  -9.999
  1 HOLTON          
   135   2.650   1.740    .496    .421    .083    .245  -9.999    .077  -9.999
  3 HOSMER          
    10   2.650   1.460    .066    .812    .122    .347  -9.999    .112  -9.999
    56   2.650   1.530    .032    .722    .246    .355  -9.999    .158  -9.999
    84   2.650   1.400    .025    .674    .301    .368  -9.999    .186  -9.999
  1 HOYLETON        
   178   2.650   1.610    .064    .740    .196    .362  -9.999    .155  -9.999
  1 HOYLETON        
    20   2.650   1.580    .109    .765    .126    .330  -9.999    .107  -9.999
  3 HUEY            
    18   2.650   1.480    .049    .679    .272    .346  -9.999    .160   6.700
    58   2.650   1.400    .033    .628    .339    .388  -9.999    .206   6.900
   135   2.650   1.400    .043    .597    .360    .449  -9.999    .248   7.700
  7 HUEY            
    13   2.650   1.320    .186    .687    .127  -9.999  -9.999    .086  -9.999
    20   2.650   1.320    .166    .690    .144  -9.999  -9.999    .088  -9.999
    38   2.650   1.320    .121    .612    .267  -9.999  -9.999    .154   7.700
    69   2.650   1.400    .094    .598    .308  -9.999  -9.999    .209   8.200
    91   2.650   1.400    .101    .595    .304  -9.999  -9.999    .231   8.300
   117   2.650   1.400    .138    .550    .312  -9.999  -9.999    .227   8.100
   152   2.650   1.420    .218    .488    .294  -9.999  -9.999    .202  -9.999
  4 HUEY            
    48   2.650   1.400    .048    .667    .285  -9.999  -9.999    .211  -9.999
    58   2.650   1.400    .029    .608    .363  -9.999  -9.999    .293  -9.999
    74   2.650   1.400    .027    .702    .271  -9.999  -9.999    .189  -9.999
    84   2.650   1.400    .030    .606    .364  -9.999  -9.999    .301  -9.999
  8 IPAVA           
    13   2.650   1.410    .030    .698    .272    .381  -9.999    .151  -9.999
    33   2.650   1.320    .027    .706    .267  -9.999  -9.999    .157  -9.999
    51   2.650   1.400    .029    .664    .307  -9.999  -9.999    .185  -9.999
    64   2.650   1.400    .028    .640    .332  -9.999  -9.999    .204  -9.999
    79   2.650   1.380    .017    .582    .401    .404  -9.999    .255  -9.999
   117   2.650   1.400    .016    .599    .385  -9.999  -9.999    .255  -9.999
   145   2.650   1.400    .014    .670    .316    .389  -9.999    .211  -9.999
   168   2.650   1.320    .016    .730    .254  -9.999  -9.999    .164  -9.999
  1 IPAVA           
   152   2.650   1.320    .062    .808    .130  -9.999  -9.999    .091  -9.999
  5 JOY             
   104   2.650   1.320    .055    .734    .211    .370  -9.999    .169  -9.999
   152   2.650   1.320    .028    .750    .222    .366  -9.999    .222  -9.999
   153   2.650   1.320    .055    .771    .174    .368  -9.999    .123  -9.999
   228   2.650   1.320    .058    .769    .173  -9.999  -9.999    .129  -9.999
   300   2.650   1.320    .195    .674    .131  -9.999  -9.999    .091  -9.999
  3 KIDDER          
    86   2.650   1.450    .623    .282    .095    .122    .141    .055  -9.999
   120   2.650   1.920    .639    .298    .063    .173    .209    .054  -9.999
   165   2.650   1.820    .632    .307    .061    .195    .229    .049  -9.999
  3 LANDES          
    15   2.650   1.790    .589    .315    .096    .227  -9.999    .089  -9.999
    61   2.650   1.610    .726    .207    .067    .116  -9.999    .060  -9.999
   107   2.650   1.610    .806    .146    .048    .080  -9.999    .045  -9.999
  3 LANDES          
    28   2.650   1.510    .279    .565    .156    .255  -9.999    .112  -9.999
    69   2.650   1.570    .540    .369    .091    .185  -9.999    .086  -9.999
   122   2.650   1.490    .849    .094    .057  -9.999    .142    .016  -9.999
  3 LANDES          
    18   2.650   1.680    .624    .283    .093    .193  -9.999    .076  -9.999
    61   2.650   1.490    .572    .331    .097    .159  -9.999    .072  -9.999
   152   2.650   1.580    .916    .061    .023    .065  -9.999    .024  -9.999
  3 LAROSE          
    18   2.650   1.610    .036    .684    .280    .378  -9.999    .209  -9.999
    30   2.650   1.560    .128    .637    .235    .402  -9.999    .183  -9.999
   152   2.650   1.320    .349    .580    .071    .218  -9.999    .058  -9.999
  3 LAWSON          
    25   2.650   1.400    .082    .558    .360    .384  -9.999    .237  -9.999
    56   2.650   1.420    .249    .524    .227    .368  -9.999    .182  -9.999
   109   2.650   1.720    .349    .457    .194    .334  -9.999    .158  -9.999
  2 LAWSON          
    15   2.650   1.320    .053    .708    .239    .304  -9.999    .165  -9.999
    79   2.650   1.600    .059    .668    .273    .389  -9.999    .230  -9.999
  1 MARINE          
    25   2.650   1.570    .045    .799    .156    .344  -9.999    .072  -9.999
  1 MARINE          
    18   2.650   1.570    .052    .861    .087    .377  -9.999    .079  -9.999
  1 MARSHAN         
   152   2.650   1.490    .952    .044    .004  -9.999  -9.999    .013  -9.999
  5 MIAMI           
    71   2.650   1.420    .352    .373    .275    .257  -9.999    .169  -9.999
    87   2.650   1.420    .442    .342    .216    .317    .342    .109  -9.999
   102   2.650   1.420    .424    .389    .187    .251    .273    .099  -9.999
   135   2.650   1.420    .427    .420    .153    .193    .216    .081  -9.999
   170   2.650   1.420    .382    .461    .157    .179    .195    .078  -9.999
  3 MINNEISKA       
    20   2.650   1.590    .412    .483    .105    .293  -9.999    .086  -9.999
    53   2.650   1.620    .261    .605    .134    .293  -9.999    .110  -9.999
   117   2.650   1.560    .430    .493    .077    .276  -9.999    .076  -9.999
  2 MUSCATINE       
   135   2.650   1.400    .032    .672    .296  -9.999  -9.999    .202  -9.999
   152   2.650   1.320    .016    .787    .197  -9.999  -9.999    .128  -9.999
  4 OCONEE          
    23   2.650   1.570    .053    .815    .132    .330  -9.999    .089  -9.999
    71   2.650   1.400    .045    .603    .352  -9.999  -9.999    .238  -9.999
    97   2.650   1.400    .050    .610    .340  -9.999  -9.999    .238  -9.999
   175   2.650   1.700    .099    .672    .229    .350  -9.999    .196  -9.999
  5 OCONEE          
    25   2.650   1.320    .074    .814    .112  -9.999  -9.999    .091  -9.999
    40   2.650   1.320    .081    .733    .186  -9.999  -9.999    .156  -9.999
    75   2.650   1.380    .041    .557    .402  -9.999  -9.999    .257  -9.999
   100   2.650   1.400    .049    .635    .316  -9.999  -9.999    .225   5.400
   125   2.650   1.320    .049    .699    .252  -9.999  -9.999    .203   6.100
  4 OCONEE          
    35   2.650   1.320    .063    .749    .188  -9.999  -9.999    .143  -9.999
    75   2.650   1.400    .025    .611    .364  -9.999  -9.999    .256  -9.999
   100   2.650   1.400    .035    .649    .316  -9.999  -9.999    .242  -9.999
   125   2.650   1.320    .020    .753    .227  -9.999  -9.999    .180  -9.999
  2 OCONEE          
    25   2.650   1.320    .054    .803    .143  -9.999  -9.999    .108  -9.999
   150   2.650   1.320    .076    .703    .221  -9.999  -9.999    .145  -9.999
  2 PARR            
    66   2.650   1.660    .362    .362    .276    .315  -9.999    .178  -9.999
   152   2.650   1.870    .366    .465    .169    .275  -9.999    .150  -9.999
 10 PATTON          
    23   2.650   1.400    .029    .627    .344  -9.999  -9.999    .237  -9.999
    36   2.650   1.400    .034    .633    .333  -9.999  -9.999    .209  -9.999
    51   2.650   1.400    .038    .649    .313  -9.999  -9.999    .186  -9.999
    64   2.650   1.400    .026    .668    .306  -9.999  -9.999    .190  -9.999
    74   2.650   1.400    .024    .669    .307  -9.999  -9.999    .197  -9.999
    84   2.650   1.400    .026    .693    .281  -9.999  -9.999    .185  -9.999
    94   2.650   1.320    .033    .720    .247  -9.999  -9.999    .150  -9.999
   104   2.650   1.320    .041    .744    .215  -9.999  -9.999    .131  -9.999
   114   2.650   1.320    .058    .767    .175  -9.999  -9.999    .108  -9.999
   124   2.650   1.320    .077    .714    .209  -9.999  -9.999    .117  -9.999
  2 PATTON          
   122   2.650   1.400    .122    .593    .285  -9.999  -9.999    .188  -9.999
   152   2.650   1.320    .205    .592    .203    .297  -9.999    .135  -9.999
  2 PELLA           
    69   2.650   1.400    .054    .619    .327  -9.999  -9.999    .199  -9.999
   152   2.650   1.750    .140    .753    .107    .276  -9.999    .086  -9.999
  1 PORT BYRON      
    15   2.650   1.630    .039    .788    .173    .362  -9.999    .140  -9.999
  3 RADDLE          
    56   2.650   1.590    .227    .523    .250    .378  -9.999    .172  -9.999
    94   2.650   1.500    .244    .511    .245    .363  -9.999    .175  -9.999
   152   2.650   1.420    .278    .600    .122    .244  -9.999    .105  -9.999
  1 RAUB            
   152   2.650   1.320    .250    .519    .231    .259  -9.999    .148  -9.999
  1 RICHVIEW        
    76   2.650   1.400    .011    .638    .351  -9.999  -9.999    .218  -9.999
  5 RICHVIEW        
    20   2.650   1.320    .070    .750    .180  -9.999  -9.999    .141  -9.999
    43   2.650   1.320    .042    .693    .265  -9.999  -9.999    .131  -9.999
    61   2.650   1.400    .031    .623    .346  -9.999  -9.999    .235  -9.999
   145   2.650   1.320    .133    .630    .237  -9.999  -9.999    .211  -9.999
   185   2.650   1.320    .238    .555    .207  -9.999  -9.999    .116  -9.999
  2 ROWE            
   132   2.650   1.380    .063    .449    .488  -9.999  -9.999    .239  -9.999
   155   2.650   1.390    .009    .280    .711    .324  -9.999    .286  -9.999
  1 ROZETTA         
   152   2.650   1.490    .033    .804    .163    .404  -9.999    .110  -9.999
  7 ROZETTA         
    13   2.650   1.450    .092    .721    .187    .273  -9.999    .099  -9.999
    20   2.650   1.320    .092    .717    .191  -9.999  -9.999    .095  -9.999
    38   2.650   1.400    .050    .600    .350  -9.999  -9.999    .190  -9.999
    56   2.650   1.400    .050    .586    .364    .356  -9.999    .209  -9.999
    79   2.650   1.400    .064    .596    .340  -9.999  -9.999    .202  -9.999
   117   2.650   1.400    .047    .623    .330  -9.999  -9.999    .202  -9.999
   152   2.650   1.400    .061    .659    .280    .396  -9.999    .179  -9.999
  2 RUSHVILLE       
    20   2.650   1.450    .062    .823    .115    .296  -9.999    .057  -9.999
   218   2.650   1.640    .142    .641    .217    .335  -9.999    .154  -9.999
  1 RUSHVILLE       
    14   2.650   1.250    .052    .842    .106    .271  -9.999    .065  -9.999
  2 RUTLAND         
   132   2.650   1.380    .085    .429    .486    .294    .317    .257  -9.999
   160   2.650   1.390    .036    .336    .628    .311    .317    .296  -9.999
  2 SABINA          
   135   2.650   1.420    .334    .427    .239    .281  -9.999    .153  -9.999
   155   2.650   1.860    .346    .462    .192    .281  -9.999    .179  -9.999
  2 SABINA          
    20   2.650   1.520    .122    .733    .145    .313  -9.999    .114  -9.999
   160   2.650   1.320    .314    .521    .165    .224  -9.999    .099  -9.999
  2 SABINA          
    25   2.650   1.510    .058    .764    .178    .352  -9.999    .112  -9.999
   127   2.650   1.820    .626    .288    .086    .255  -9.999    .086  -9.999
  1 SABLE           
   152   2.650   1.320    .063    .752    .185    .350  -9.999    .133  -9.999
  8 SABLE           
    23   2.650   1.320    .042    .692    .266    .329  -9.999    .158  -9.999
    33   2.650   1.400    .048    .644    .308  -9.999  -9.999    .202  -9.999
    43   2.650   1.400    .072    .619    .309  -9.999  -9.999    .202  -9.999
    61   2.650   1.400    .049    .605    .346  -9.999  -9.999    .234  -9.999
    97   2.650   1.400    .043    .623    .334    .386  -9.999    .238  -9.999
   119   2.650   1.400    .026    .691    .283  -9.999  -9.999    .200  -9.999
   147   2.650   1.320    .034    .708    .258    .362  -9.999    .178  -9.999
   178   2.650   1.320    .040    .724    .236  -9.999  -9.999    .173  -9.999
  1 SAWMILL         
   135   2.650   1.400    .061    .660    .279    .304  -9.999    .211  -9.999
  1 SEATON          
   152   2.650   1.510    .012    .911    .077    .382  -9.999    .069  -9.999
  3 SELMA           
    66   2.650   1.420    .456    .354    .190  -9.999  -9.999    .145  -9.999
   119   2.650   1.720    .584    .287    .129    .282  -9.999    .127  -9.999
   152   2.650   1.490    .933    .053    .014  -9.999  -9.999    .016  -9.999
  2 SELMA           
    94   2.650   1.420    .417    .336    .247    .304  -9.999    .139  -9.999
   152   2.650   1.450    .630    .264    .106  -9.999  -9.999    .074  -9.999
  1 SPARTA          
    20   2.650   1.760    .896    .045    .059    .143  -9.999    .040  -9.999
  2 STARKS          
    20   2.650   1.260    .155    .700    .145    .387  -9.999    .122  -9.999
   132   2.650   1.450    .556    .282    .162    .303  -9.999    .117  -9.999
  1 STOY            
    18   2.650   1.440    .049    .795    .156    .292  -9.999    .094  -9.999
  2 STRAWN          
    66   2.650   1.400    .199    .432    .369    .270  -9.999    .193  -9.999
   152   2.650   1.420    .317    .389    .294    .200  -9.999    .145  -9.999
  4 STRAWN          
    46   2.650   1.420    .240    .498    .262  -9.999  -9.999    .165  -9.999
    61   2.650   1.320    .252    .511    .237  -9.999  -9.999    .140  -9.999
    71   2.650   1.750    .309    .487    .204    .262  -9.999    .168  -9.999
   152   2.650   1.320    .270    .523    .207    .206  -9.999    .120  -9.999
  1 STRONGHURST     
    18   2.650   1.550    .050    .795    .155    .358  -9.999    .116  -9.999
  2 SWYGERT         
    54   2.650   1.380    .058    .510    .432    .397  -9.999    .246  -9.999
   127   2.650   1.380    .027    .551    .422    .258  -9.999    .218   8.000
  7 SWYGERT         
    41   2.650   1.380    .063    .427    .510  -9.999  -9.999    .259  -9.999
    51   2.650   1.380    .065    .430    .505  -9.999  -9.999    .248  -9.999
    66   2.650   1.380    .083    .428    .489  -9.999  -9.999  -9.999  -9.999
    91   2.650   1.380    .067    .470    .463    .364  -9.999    .243  -9.999
   130   2.650   1.380    .051    .533    .416  -9.999  -9.999    .243  -9.999
   140   2.650   1.420    .224    .435    .341  -9.999  -9.999    .199  -9.999
   152   2.650   1.420    .305    .379    .316  -9.999  -9.999    .192  -9.999
  2 TAMALCO         
    89   2.650   1.730    .184    .611    .205    .336  -9.999    .199  -9.999
   178   2.650   1.810    .383    .511    .106    .273  -9.999    .094  -9.999
  8 TAMALCO         
    15   2.650   1.320    .084    .759    .157  -9.999  -9.999    .103  -9.999
    23   2.650   1.320    .053    .725    .222  -9.999  -9.999    .136  -9.999
    41   2.650   1.380    .026    .534    .440  -9.999  -9.999    .266  -9.999
    53   2.650   1.400    .045    .645    .310  -9.999  -9.999    .230   7.200
    74   2.650   1.320    .087    .668    .245  -9.999  -9.999    .187   7.900
    99   2.650   1.320    .245    .576    .179  -9.999  -9.999    .125   8.200
   140   2.650   1.420    .350    .484    .166  -9.999  -9.999    .122   8.000
   152   2.650   1.420    .342    .475    .183  -9.999  -9.999    .126   7.900
  2 TICE            
    15   2.650   1.400    .043    .630    .327    .318  -9.999    .195  -9.999
    69   2.650   1.400    .088    .575    .337    .312  -9.999    .216  -9.999
  1 TIMULA          
   152   2.650   1.580    .033    .846    .121    .333  -9.999    .096  -9.999
  2 TULLULA         
    66   2.650   1.380    .018    .781    .201    .326  -9.999    .149  -9.999
   152   2.650   1.570    .030    .864    .106    .327  -9.999    .094  -9.999
  4 VARNA           
    79   2.650   1.400    .170    .550    .280    .249    .255    .169  -9.999
    94   2.650   1.320    .193    .582    .225    .220    .228    .108  -9.999
   127   2.650   1.320    .160    .606    .234    .202    .209    .141  -9.999
   165   2.650   1.320    .158    .605    .237    .209    .219    .139  -9.999
  2 VIRDEN          
   163   2.650   1.400    .041    .652    .307    .357  -9.999    .204  -9.999
   300   2.650   1.420    .297    .427    .276  -9.999  -9.999    .173  -9.999
  1 WATSEKA         
    18   2.650   1.560    .893    .062    .045    .078  -9.999    .037  -9.999
  1 WAUKEE          
   173   2.650   1.680    .940    .027    .033    .131  -9.999    .039  -9.999
  1 WESTLAND        
    25   2.650   1.720    .507    .362    .131    .208  -9.999    .103  -9.999
  1 WIRT            
    76   2.650   1.850    .446    .395    .159    .290  -9.999    .128  -9.999
  8 WYNOOSE         
    23   2.650   1.320    .133    .736    .131  -9.999  -9.999    .087  -9.999
    41   2.650   1.320    .128    .742    .130  -9.999  -9.999    .081   5.000
    48   2.650   1.400    .145    .579    .276  -9.999  -9.999    .165  -9.999
    74   2.650   1.380    .069    .525    .406  -9.999  -9.999    .250   6.100
    97   2.650   1.400    .096    .549    .355  -9.999  -9.999    .239  -9.999
   142   2.650   1.400    .125    .554    .321  -9.999  -9.999    .223  -9.999
   152   2.650   1.420    .236    .486    .278  -9.999  -9.999    .179  -9.999
   300   2.650   1.420    .408    .401    .191  -9.999  -9.999    .128  -9.999
  2 XENIA           
   147   2.650   1.420    .446    .376    .178    .216  -9.999    .109  -9.999
   152   2.650   1.420    .326    .442    .232    .231  -9.999    .139  -9.999
  2 XENIA           
   140   2.650   1.420    .345    .365    .290    .275  -9.999    .206  -9.999
   152   2.650   1.420    .365    .429    .206    .213  -9.999    .139  -9.999
