  6 ANDRES          
    23   2.650   1.420    .334    .421    .245  -9.999  -9.999    .153  -9.999
    30   2.650   1.420    .335    .434    .231  -9.999  -9.999    .165  -9.999
    69   2.650   1.420    .421    .350    .229  -9.999  -9.999    .139  -9.999
    86   2.650   1.420    .425    .418    .157  -9.999  -9.999    .094  -9.999
   114   2.650   1.420    .207    .493    .300  -9.999  -9.999    .166  -9.999
   152   2.650   1.320    .227    .506    .267  -9.999  -9.999    .206  -9.999
  2 AVONBURG        
    23   2.650   1.320    .198    .683    .119  -9.999  -9.999    .075  -9.999
   300   2.650   1.420    .315    .387    .298  -9.999  -9.999    .237  -9.999
  2 BARRY           
   165   2.650   1.320    .228    .577    .195  -9.999  -9.999    .133  -9.999
   203   2.650   1.320    .219    .573    .208  -9.999  -9.999    .139  -9.999
  5 BEDFORD         
   134   2.650   1.610    .079    .659    .262    .390  -9.999    .216  -9.999
   134   2.650   1.740    .116    .631    .253    .343  -9.999    .209  -9.999
   122   2.650   1.600    .579    .161    .260  -9.999  -9.999    .184  -9.999
   147   2.650   1.490    .874    .097    .029  -9.999  -9.999    .034  -9.999
   178   2.650   1.490    .845    .101    .054  -9.999  -9.999    .042  -9.999
  2 BIRKBECK-LIKE   
   198   2.650   1.690    .490    .298    .212    .346  -9.999    .176  -9.999
   229   2.650   1.420    .410    .396    .194    .264  -9.999    .138  -9.999
  1 BLOOMFIELD      
   203   2.650   1.490    .927    .052    .021  -9.999  -9.999    .018  -9.999
  3 BLOUNT          
    71   2.650   1.390    .205    .355    .440  -9.999  -9.999    .240  -9.999
    86   2.650   1.420    .259    .398    .343  -9.999  -9.999    .204  -9.999
   152   2.650   1.420    .278    .441    .281  -9.999  -9.999    .187  -9.999
  5 BLOUNT          
    43   2.650   1.380    .096    .482    .422  -9.999  -9.999    .229  -9.999
    58   2.650   1.400    .169    .451    .380  -9.999  -9.999    .238  -9.999
    81   2.650   1.420    .223    .481    .296  -9.999  -9.999    .197  -9.999
   122   2.650   1.420    .241    .470    .289  -9.999  -9.999    .189  -9.999
   152   2.650   1.420    .243    .468    .289  -9.999  -9.999    .187  -9.999
  7 BLOUNT          
    23   2.650   1.320    .203    .568    .229  -9.999  -9.999    .124  -9.999
    36   2.650   1.400    .139    .475    .386  -9.999  -9.999    .206  -9.999
    53   2.650   1.380    .136    .420    .444  -9.999  -9.999    .228  -9.999
    71   2.650   1.390    .146    .369    .485  -9.999  -9.999    .246  -9.999
    89   2.650   1.420    .209    .442    .349  -9.999  -9.999    .223  -9.999
   130   2.650   1.420    .244    .417    .339  -9.999  -9.999    .204  -9.999
   152   2.650   1.420    .219    .430    .351  -9.999  -9.999    .200  -9.999
  3 BLOUNT          
    38   2.650   1.390    .202    .386    .412    .331  -9.999    .186  -9.999
    56   2.650   1.420    .211    .443    .346    .239  -9.999    .233  -9.999
    97   2.650   1.420    .221    .454    .325    .261  -9.999    .180  -9.999
  5 BLOUNT          
    46   2.650   1.390    .187    .391    .422    .343  -9.999    .235  -9.999
    61   2.650   1.400    .194    .414    .392    .281  -9.999    .213  -9.999
    91   2.650   1.420    .235    .417    .348    .236  -9.999    .186  -9.999
    81   2.650   1.420    .230    .441    .329    .293  -9.999    .182  -9.999
   102   2.650   1.420    .216    .442    .342    .248  -9.999    .192  -9.999
  5 BLOUNT          
    81   2.650   1.420    .233    .447    .320    .254  -9.999    .186  -9.999
    99   2.650   1.420    .233    .457    .310    .229  -9.999    .177  -9.999
   119   2.650   1.400    .165    .452    .383  -9.999  -9.999    .217  -9.999
   145   2.650   1.400    .172    .445    .383  -9.999  -9.999    .186  -9.999
   203   2.650   1.400    .175    .426    .399  -9.999  -9.999    .193  -9.999
  2 BROOKSTON       
   122   2.650   1.450    .523    .356    .121  -9.999  -9.999    .088  -9.999
   152   2.650   1.420    .513    .366    .121  -9.999  -9.999    .078  -9.999
  3 BROOKSTON       
   122   2.650   1.420    .470    .299    .231    .209  -9.999    .158  -9.999
   173   2.650   1.820    .488    .309    .203    .284  -9.999    .177  -9.999
   203   2.650   1.420    .485    .335    .180  -9.999  -9.999    .116  -9.999
  3 CARMEL          
   102   2.650   1.390    .070    .325    .605  -9.999  -9.999    .304  -9.999
   135   2.650   1.390    .071    .391    .538  -9.999  -9.999    .281  -9.999
   165   2.650   1.380    .088    .443    .469  -9.999  -9.999    .253  -9.999
  3 CASCO           
    20   2.650   1.600    .490    .259    .251  -9.999  -9.999    .170  -9.999
    30   2.650   1.600    .551    .103    .346  -9.999  -9.999    .254  -9.999
   152   2.650   1.490    .870    .099    .031  -9.999  -9.999    .033  -9.999
  4 CHALMERS        
    86   2.650   1.400    .120    .541    .339  -9.999  -9.999    .213  -9.999
   104   2.650   1.420    .321    .436    .243  -9.999  -9.999    .158  -9.999
   127   2.650   1.420    .347    .421    .232  -9.999  -9.999    .148  -9.999
   152   2.650   1.420    .375    .422    .203  -9.999  -9.999    .145  -9.999
  7 CHALMERS        
    30   2.650   1.400    .046    .592    .362  -9.999  -9.999    .232  -9.999
    51   2.650   1.400    .062    .604    .334  -9.999  -9.999    .252  -9.999
    71   2.650   1.400    .042    .603    .355  -9.999  -9.999    .274  -9.999
    91   2.650   1.400    .042    .635    .323  -9.999  -9.999    .234  -9.999
   109   2.650   1.320    .151    .685    .164  -9.999  -9.999    .110  -9.999
   137   2.650   1.420    .303    .494    .203  -9.999  -9.999    .136  -9.999
   152   2.650   1.420    .336    .453    .211  -9.999  -9.999    .160  -9.999
  4 CHALMERS        
    28   2.650   1.400    .085    .616    .299  -9.999  -9.999    .193  -9.999
   104   2.650   1.400    .095    .581    .324  -9.999  -9.999    .195  -9.999
   130   2.650   1.400    .084    .539    .377  -9.999  -9.999    .258  -9.999
   152   2.650   1.400    .100    .563    .337  -9.999  -9.999    .274  -9.999
  4 CHALMERS        
    97   2.650   1.400    .079    .550    .371  -9.999  -9.999    .179  -9.999
   114   2.650   1.400    .093    .545    .362  -9.999  -9.999    .249  -9.999
   132   2.650   1.420    .311    .473    .216  -9.999  -9.999    .148  -9.999
   152   2.650   1.420    .291    .484    .225  -9.999  -9.999    .166  -9.999
  2 CLERMONT        
    18   2.650   1.230    .163    .700    .137    .400  -9.999    .145  -9.999
   300   2.650   1.420    .510    .362    .128  -9.999  -9.999    .105  -9.999
  3 CRIDER          
   127   2.650   1.390    .068    .398    .534    .417  -9.999    .286  -9.999
   132   2.650   1.390    .315    .262    .423    .375  -9.999    .222  -9.999
   203   2.650   1.390    .078    .229    .693    .435  -9.999    .352  -9.999
  4 CROSBY          
    66   2.650   1.420    .260    .403    .337  -9.999  -9.999    .216  -9.999
    76   2.650   1.420    .330    .433    .237  -9.999  -9.999    .151  -9.999
   107   2.650   1.420    .331    .453    .216  -9.999  -9.999    .138  -9.999
   152   2.650   1.420    .331    .450    .219  -9.999  -9.999    .135  -9.999
  4 CROSBY          
    74   2.650   1.420    .297    .371    .332  -9.999  -9.999    .190  -9.999
    89   2.650   1.420    .351    .395    .254  -9.999  -9.999    .155  -9.999
    89   2.650   1.420    .386    .427    .187  -9.999  -9.999    .119  -9.999
   152   2.650   1.420    .384    .425    .191  -9.999  -9.999    .124  -9.999
  3 CROSBY          
    74   2.650   1.400    .122    .527    .351  -9.999  -9.999    .214  -9.999
    86   2.650   1.420    .316    .405    .279  -9.999  -9.999    .163  -9.999
   152   2.650   1.420    .368    .367    .265  -9.999  -9.999    .149  -9.999
  7 CROSIER         
    41   2.650   1.420    .434    .226    .340  -9.999  -9.999    .168  -9.999
    56   2.650   1.600    .453    .232    .315  -9.999  -9.999    .189  -9.999
    64   2.650   1.600    .505    .267    .228  -9.999  -9.999    .134  -9.999
    94   2.650   1.450    .544    .306    .150  -9.999  -9.999    .080  -9.999
   117   2.650   1.450    .572    .287    .141  -9.999  -9.999    .070  -9.999
   135   2.650   1.450    .551    .308    .141  -9.999  -9.999    .083  -9.999
   152   2.650   1.450    .553    .298    .149  -9.999  -9.999    .080  -9.999
  4 CROSIER         
    69   2.650   1.420    .276    .395    .329  -9.999  -9.999    .199  -9.999
    84   2.650   1.420    .275    .476    .249  -9.999  -9.999    .148  -9.999
   152   2.650   1.420    .261    .476    .263  -9.999  -9.999    .158  -9.999
   203   2.650   1.420    .505    .364    .131  -9.999  -9.999    .101  -9.999
  7 CROSIER         
    23   2.650   1.760    .417    .403    .180    .315  -9.999    .164  -9.999
    58   2.650   1.740    .558    .217    .225    .263  -9.999    .171  -9.999
    79   2.650   1.950    .488    .357    .155    .240  -9.999    .133  -9.999
    94   2.650   1.980    .502    .349    .149    .226  -9.999    .127  -9.999
   127   2.650   1.990    .479    .351    .170    .237  -9.999    .137  -9.999
   165   2.650   1.990    .488    .332    .180    .237  -9.999    .141  -9.999
   203   2.650   1.990    .474    .350    .176    .245  -9.999    .151  -9.999
  3 DEL REY         
    97   2.650   1.400    .039    .610    .351  -9.999  -9.999    .231  -9.999
   147   2.650   1.320    .166    .641    .193  -9.999  -9.999    .136  -9.999
   203   2.650   1.320    .110    .625    .265  -9.999  -9.999    .164  -9.999
  1 DESKER          
   203   2.650   1.490    .896    .096    .008  -9.999  -9.999    .021  -9.999
  6 DRUMMER         
    61   2.650   1.400    .147    .511    .342  -9.999  -9.999    .253  -9.999
    81   2.650   1.400    .148    .507    .345  -9.999  -9.999    .234  -9.999
   117   2.650   1.400    .077    .531    .392  -9.999  -9.999    .276  -9.999
   132   2.650   1.320    .282    .507    .211  -9.999  -9.999    .125  -9.999
   147   2.650   1.450    .645    .273    .082  -9.999  -9.999    .042  -9.999
   152   2.650   1.450    .713    .201    .086  -9.999  -9.999    .049  -9.999
  6 DRUMMER         
    25   2.650   1.400    .050    .588    .362  -9.999  -9.999    .294  -9.999
    43   2.650   1.400    .050    .579    .371  -9.999  -9.999    .267  -9.999
    63   2.650   1.400    .037    .612    .351  -9.999  -9.999    .235  -9.999
    94   2.650   1.400    .048    .659    .293  -9.999  -9.999    .211  -9.999
   135   2.650   1.400    .020    .647    .333  -9.999  -9.999    .224  -9.999
   152   2.650   1.320    .097    .657    .246  -9.999  -9.999    .152  -9.999
  7 DRUMMER         
    25   2.650   1.400    .049    .576    .375  -9.999  -9.999    .294  -9.999
    36   2.650   1.400    .058    .564    .378  -9.999  -9.999    .237  -9.999
    56   2.650   1.400    .055    .568    .377  -9.999  -9.999    .239  -9.999
    81   2.650   1.400    .080    .619    .301  -9.999  -9.999    .196  -9.999
   102   2.650   1.400    .046    .632    .322  -9.999  -9.999    .223  -9.999
   135   2.650   1.400    .038    .689    .273  -9.999  -9.999    .183  -9.999
   152   2.650   1.320    .164    .670    .166  -9.999  -9.999    .088  -9.999
  6 DRUMMER         
    69   2.650   1.400    .158    .526    .316  -9.999  -9.999    .197  -9.999
   102   2.650   1.320    .258    .512    .230  -9.999  -9.999    .141  -9.999
   114   2.650   1.420    .422    .391    .187  -9.999  -9.999    .116  -9.999
   130   2.650   1.420    .276    .497    .227  -9.999  -9.999    .151  -9.999
   147   2.650   1.400    .165    .528    .307  -9.999  -9.999    .181  -9.999
   215   2.650   1.320    .240    .550    .210  -9.999  -9.999    .119  -9.999
  5 DRUMMER         
    28   2.650   1.400    .169    .552    .279  -9.999  -9.999    .183  -9.999
    64   2.650   1.400    .129    .535    .336  -9.999  -9.999    .231  -9.999
   132   2.650   1.400    .085    .570    .345  -9.999  -9.999    .227  -9.999
   153   2.650   1.320    .206    .569    .225  -9.999  -9.999    .143  -9.999
   204   2.650   1.320    .232    .516    .252  -9.999  -9.999    .161  -9.999
  2 FORAKER         
   173   2.650   1.780    .504    .324    .172    .274  -9.999    .153  -9.999
   203   2.650   1.900    .481    .353    .166    .245  -9.999    .146  -9.999
  3 FULTON          
    81   2.650   1.380    .020    .553    .427  -9.999  -9.999    .257  -9.999
   137   2.650   1.380    .025    .506    .469  -9.999  -9.999    .251  -9.999
   152   2.650   1.320    .081    .649    .270  -9.999  -9.999    .156  -9.999
  2 GILFORD         
   135   2.650   1.490    .933    .049    .018  -9.999  -9.999    .040  -9.999
   203   2.650   1.420    .357    .473    .170  -9.999  -9.999    .121  -9.999
  4 GLYNWOOD        
    64   2.650   1.420    .279    .342    .379  -9.999  -9.999    .236  -9.999
    79   2.650   1.420    .306    .419    .275  -9.999  -9.999    .189  -9.999
   114   2.650   1.420    .293    .451    .256  -9.999  -9.999    .200  -9.999
   152   2.650   1.420    .221    .482    .297  -9.999  -9.999    .177  -9.999
  2 GLYNWOOD        
    79   2.650   1.420    .222    .384    .394    .301  -9.999    .229  -9.999
   104   2.650   1.420    .256    .422    .322    .250  -9.999    .183  -9.999
  4 GLYNWOOD        
    69   2.650   1.420    .361    .310    .329    .348  -9.999    .197  -9.999
    99   2.650   1.420    .410    .383    .207    .189  -9.999    .128  -9.999
    81   2.650   1.420    .200    .459    .341    .246  -9.999    .200  -9.999
   102   2.650   1.420    .211    .443    .346    .243  -9.999    .206  -9.999
  3 GLYNWOOD        
    43   2.650   1.390    .154    .368    .478  -9.999  -9.999    .261  -9.999
    66   2.650   1.420    .233    .446    .321  -9.999  -9.999    .183  -9.999
   152   2.650   1.420    .244    .431    .325  -9.999  -9.999    .180  -9.999
  3 HASKINS         
    84   2.650   1.420    .227    .376    .397  -9.999  -9.999    .236  -9.999
    94   2.650   1.420    .219    .391    .390  -9.999  -9.999    .237  -9.999
   152   2.650   1.400    .166    .488    .346  -9.999  -9.999    .185  -9.999
  1 HICKORY         
   175   2.650   1.420    .515    .389    .096  -9.999  -9.999    .071  -9.999
  5 HOOSIERVILLE-LIK
   122   2.650   1.320    .055    .798    .147    .300  -9.999    .098  -9.999
   173   2.650   1.320    .097    .753    .150    .323  -9.999    .099  -9.999
   188   2.650   1.820    .416    .418    .166    .313  -9.999    .129  -9.999
   234   2.650   1.420    .395    .432    .173    .260  -9.999    .104  -9.999
   254   2.650   1.420    .383    .455    .162  -9.999  -9.999    .088  -9.999
  7 IROQUOIS        
    23   2.650   1.450    .771    .137    .092  -9.999  -9.999    .107  -9.999
    36   2.650   1.450    .705    .173    .122  -9.999  -9.999    .145  -9.999
    56   2.650   1.450    .718    .163    .119  -9.999  -9.999    .102  -9.999
    86   2.650   1.450    .739    .143    .118  -9.999  -9.999    .077  -9.999
    98   2.650   1.450    .713    .161    .126  -9.999  -9.999    .078  -9.999
   127   2.650   1.400    .125    .525    .350  -9.999  -9.999    .241  -9.999
   152   2.650   1.380    .042    .516    .442  -9.999  -9.999    .261  -9.999
  2 KALAMAZOO       
   120   2.650   1.450    .747    .125    .128  -9.999  -9.999    .091  -9.999
   150   2.650   1.490    .850    .123    .027  -9.999  -9.999    .027  -9.999
  4 KOKOMO          
    76   2.650   1.400    .089    .531    .380  -9.999  -9.999    .216  -9.999
   104   2.650   1.400    .070    .533    .397  -9.999  -9.999    .242  -9.999
   142   2.650   1.400    .098    .555    .347  -9.999  -9.999    .217  -9.999
   152   2.650   1.400    .075    .529    .396  -9.999  -9.999    .279  -9.999
  2 KRANSKI         
   203   2.650   1.490    .908    .035    .057  -9.999  -9.999    .042  -9.999
   203   2.650   1.490    .955    .028    .017  -9.999  -9.999    .015  -9.999
  2 LIPPINCOTT      
    56   2.650   1.320    .297    .541    .162  -9.999  -9.999    .110  -9.999
   152   2.650   1.490    .891    .075    .034  -9.999  -9.999    .028  -9.999
  7 MERMILL         
    38   2.650   1.420    .418    .322    .260  -9.999  -9.999    .149  -9.999
    58   2.650   1.420    .411    .328    .261  -9.999  -9.999    .145  -9.999
    76   2.650   1.420    .385    .343    .272  -9.999  -9.999    .151  -9.999
    94   2.650   1.600    .498    .276    .226  -9.999  -9.999    .141  -9.999
   109   2.650   1.420    .303    .391    .306  -9.999  -9.999    .202  -9.999
   122   2.650   1.420    .280    .394    .326  -9.999  -9.999    .202  -9.999
   152   2.650   1.420    .251    .477    .272  -9.999  -9.999    .193  -9.999
  5 MIAMI           
    76   2.650   1.420    .396    .318    .286  -9.999  -9.999    .159  -9.999
    99   2.650   1.420    .400    .386    .214  -9.999  -9.999    .111  -9.999
   122   2.650   1.420    .419    .383    .198  -9.999  -9.999    .101  -9.999
   146   2.650   1.450    .542    .313    .145  -9.999  -9.999    .088  -9.999
   157   2.650   1.450    .538    .309    .153  -9.999  -9.999    .083  -9.999
  2 MIAMI           
    73   2.650   1.420    .381    .334    .285  -9.999  -9.999    .166  -9.999
   150   2.650   1.450    .623    .287    .090  -9.999  -9.999    .059  -9.999
  2 MIAMIAN         
    86   2.650   1.420    .260    .447    .293  -9.999  -9.999    .200  -9.999
   152   2.650   1.320    .328    .563    .109  -9.999  -9.999    .082  -9.999
  5 MILFORD         
    71   2.650   1.380    .070    .496    .434  -9.999  -9.999    .259  -9.999
    91   2.650   1.380    .057    .523    .420  -9.999  -9.999    .251  -9.999
   127   2.650   1.380    .058    .509    .433  -9.999  -9.999    .273  -9.999
   147   2.650   1.380    .053    .544    .403  -9.999  -9.999    .251  -9.999
   178   2.650   1.400    .056    .558    .386  -9.999  -9.999    .283  -9.999
  3 MILFORD         
   102   2.650   1.400    .045    .588    .367  -9.999  -9.999    .245  -9.999
   127   2.650   1.420    .311    .466    .223  -9.999  -9.999    .159  -9.999
   152   2.650   1.400    .094    .607    .299  -9.999  -9.999    .206  -9.999
  2 MILFORD-LIKE    
   196   2.650   1.810    .493    .332    .175    .306  -9.999    .145  -9.999
   214   2.650   1.420    .391    .399    .210    .253  -9.999    .138  -9.999
  9 MOUNDHAVEN      
    36   2.650   1.450    .663    .270    .067  -9.999  -9.999    .051  -9.999
    48   2.650   1.490    .849    .117    .034  -9.999  -9.999    .027  -9.999
    63   2.650   1.490    .894    .084    .022  -9.999  -9.999    .024  -9.999
    63   2.650   1.450    .620    .303    .077  -9.999  -9.999    .055  -9.999
    81   2.650   1.490    .962    .031    .007  -9.999  -9.999    .012  -9.999
    85   2.650   1.320    .345    .527    .128  -9.999  -9.999    .078  -9.999
    89   2.650   1.490    .810    .145    .045  -9.999  -9.999    .034  -9.999
   115   2.650   1.490    .958    .032    .010  -9.999  -9.999    .013  -9.999
   125   2.650   1.490    .956    .036    .008  -9.999  -9.999    .012  -9.999
  7 MOUNDHAVEN      
    10   2.650   1.420    .418    .367    .215  -9.999  -9.999    .153  -9.999
    20   2.650   1.420    .410    .367    .223  -9.999  -9.999    .131  -9.999
    48   2.650   1.450    .598    .233    .169  -9.999  -9.999    .109  -9.999
    65   2.650   1.490    .809    .112    .079  -9.999  -9.999    .054  -9.999
    91   2.650   1.490    .908    .051    .041  -9.999  -9.999    .027  -9.999
   113   2.650   1.490    .867    .083    .050  -9.999  -9.999    .033  -9.999
   150   2.650   1.490    .935    .033    .032  -9.999  -9.999    .021  -9.999
  1 OCKLEY          
   200   2.650   1.490    .843    .123    .034  -9.999  -9.999    .033  -9.999
  9 OLDENBURG       
    23   2.650   1.320    .267    .620    .113  -9.999  -9.999    .082  -9.999
    43   2.650   1.420    .425    .473    .102  -9.999  -9.999    .078  -9.999
    64   2.650   1.420    .487    .417    .096  -9.999  -9.999    .072  -9.999
    81   2.650   1.450    .639    .284    .077  -9.999  -9.999    .059  -9.999
    99   2.650   1.450    .578    .326    .096  -9.999  -9.999    .068  -9.999
   117   2.650   1.450    .638    .288    .074  -9.999  -9.999    .057  -9.999
   135   2.650   1.490    .772    .175    .053  -9.999  -9.999    .045  -9.999
   127   2.650   1.450    .734    .196    .070  -9.999  -9.999    .051  -9.999
   152   2.650   1.450    .711    .226    .063  -9.999  -9.999    .051  -9.999
 10 PAPINEAU        
    23   2.650   1.420    .474    .296    .230  -9.999  -9.999    .173  -9.999
    43   2.650   1.600    .473    .266    .261  -9.999  -9.999    .173  -9.999
    53   2.650   1.600    .515    .226    .259  -9.999  -9.999    .176  -9.999
    61   2.650   1.420    .301    .377    .322  -9.999  -9.999    .200  -9.999
    71   2.650   1.400    .167    .475    .358  -9.999  -9.999    .211  -9.999
    81   2.650   1.400    .145    .493    .362  -9.999  -9.999    .241  -9.999
    91   2.650   1.400    .074    .537    .389  -9.999  -9.999    .227  -9.999
   102   2.650   1.400    .117    .560    .323  -9.999  -9.999    .200  -9.999
   127   2.650   1.380    .077    .454    .469  -9.999  -9.999    .294  -9.999
   152   2.650   1.380    .040    .445    .515  -9.999  -9.999    .305  -9.999
  7 PELLA           
    18   2.650   1.380    .019    .519    .462  -9.999  -9.999    .447  -9.999
    33   2.650   1.380    .007    .524    .469  -9.999  -9.999    .396  -9.999
    43   2.650   1.380    .005    .504    .491  -9.999  -9.999    .357  -9.999
    71   2.650   1.400    .015    .600    .385  -9.999  -9.999    .286  -9.999
   107   2.650   1.320    .009    .767    .224  -9.999  -9.999    .156  -9.999
   147   2.650   1.320    .024    .727    .249  -9.999  -9.999    .202  -9.999
   203   2.650   1.320    .024    .747    .229  -9.999  -9.999    .152  -9.999
  1 PEWAMO          
   168   2.650   1.420    .255    .406    .339  -9.999  -9.999    .223  -9.999
  1 RAWSON          
   152   2.650   1.390    .212    .387    .401  -9.999  -9.999    .229  -9.999
  3 RICHARDVILLE    
    51   2.650   1.320    .073    .666    .261  -9.999  -9.999    .156  -9.999
   142   2.650   1.420    .330    .366    .304  -9.999  -9.999    .206  -9.999
   178   2.650   1.420    .414    .414    .172  -9.999  -9.999    .121  -9.999
  3 ROCKFIELD       
   127   2.650   1.420    .419    .351    .230  -9.999  -9.999    .148  -9.999
   142   2.650   1.420    .423    .405    .172  -9.999  -9.999    .118  -9.999
   153   2.650   1.420    .480    .378    .142  -9.999  -9.999    .099  -9.999
  5 RUSSELL         
   133   2.650   1.810    .477    .307    .216    .282  -9.999    .181  -9.999
   166   2.650   1.450    .542    .338    .120    .202  -9.999    .083  -9.999
   189   2.650   1.450    .556    .327    .117    .196  -9.999    .078  -9.999
   196   2.650   1.490    .841    .119    .040  -9.999  -9.999    .042  -9.999
   220   2.650   1.450    .606    .289    .105    .115  -9.999    .062  -9.999
  4 RUSSELL-LIKE    
   180   2.650   1.420    .425    .340    .235    .295  -9.999    .139  -9.999
   201   2.650   1.770    .437    .393    .170    .315  -9.999    .124  -9.999
   240   2.650   1.420    .475    .368    .157    .210  -9.999    .095  -9.999
   270   2.650   1.420    .456    .396    .148  -9.999  -9.999    .088  -9.999
  6 SARANAC         
    25   2.650   1.400    .138    .476    .386  -9.999  -9.999    .251  -9.999
    43   2.650   1.400    .146    .463    .391  -9.999  -9.999    .290  -9.999
    71   2.650   1.380    .100    .485    .415  -9.999  -9.999    .272  -9.999
   122   2.650   1.400    .123    .484    .393  -9.999  -9.999    .295  -9.999
   163   2.650   1.400    .155    .533    .312  -9.999  -9.999    .220  -9.999
   203   2.650   1.450    .525    .323    .152  -9.999  -9.999    .116  -9.999
  7 SELMA           
    20   2.650   1.420    .260    .467    .273  -9.999  -9.999    .199  -9.999
    30   2.650   1.420    .269    .459    .272  -9.999  -9.999    .202  -9.999
    48   2.650   1.420    .296    .454    .250  -9.999  -9.999    .143  -9.999
    79   2.650   1.400    .180    .536    .284  -9.999  -9.999    .182  -9.999
   112   2.650   1.420    .349    .457    .194  -9.999  -9.999    .125  -9.999
   127   2.650   1.450    .731    .196    .073  -9.999  -9.999    .046  -9.999
   152   2.650   1.490    .781    .158    .061  -9.999  -9.999    .040  -9.999
  4 SELMA           
    84   2.650   1.420    .294    .441    .265  -9.999  -9.999    .163  -9.999
   107   2.650   1.420    .314    .406    .280  -9.999  -9.999    .173  -9.999
   157   2.650   1.420    .437    .443    .120  -9.999  -9.999    .104  -9.999
   150   2.650   1.420    .287    .444    .269  -9.999  -9.999    .217  -9.999
  7 SLOAN           
    25   2.650   1.420    .336    .447    .217  -9.999  -9.999    .206  -9.999
    46   2.650   1.420    .316    .449    .235  -9.999  -9.999    .222  -9.999
    69   2.650   1.420    .424    .353    .223  -9.999  -9.999    .175  -9.999
    84   2.650   1.420    .434    .355    .211  -9.999  -9.999    .182  -9.999
   120   2.650   1.450    .533    .296    .171  -9.999  -9.999    .173  -9.999
   137   2.650   1.450    .764    .160    .076  -9.999  -9.999    .083  -9.999
   152   2.650   1.490    .752    .214    .034  -9.999  -9.999    .039  -9.999
  3 SPINKS          
    28   2.650   1.490    .894    .082    .024  -9.999  -9.999    .031  -9.999
   188   2.650   1.490    .970    .018    .012  -9.999  -9.999    .013  -9.999
   188   2.650   1.490    .899    .022    .079  -9.999  -9.999    .049  -9.999
  4 STRAWN          
    13   2.650   1.420    .286    .479    .235  -9.999  -9.999    .149  -9.999
    28   2.650   1.420    .275    .484    .241  -9.999  -9.999    .155  -9.999
    36   2.650   1.420    .332    .449    .219  -9.999  -9.999    .142  -9.999
   152   2.650   1.420    .389    .427    .184  -9.999  -9.999    .116  -9.999
  7 TILSIT          
    53   2.650   1.520    .028    .694    .278    .369  -9.999    .182  -9.999
    69   2.650   1.550    .035    .670    .295    .383  -9.999    .201  -9.999
    96   2.650   1.690    .102    .611    .287    .345  -9.999    .218  -9.999
   114   2.650   1.420    .233    .481    .286    .248  -9.999    .175  -9.999
   156   2.650   1.390    .090    .279    .631    .413  -9.999    .318  -9.999
   195   2.650   1.390    .060    .370    .570    .322  -9.999    .268  -9.999
   231   2.650   1.380    .052    .536    .412    .243  -9.999    .178  -9.999
  2 TREATY          
    97   2.650   1.420    .237    .494    .269  -9.999  -9.999    .179  -9.999
   183   2.650   1.420    .436    .419    .145  -9.999  -9.999    .104  -9.999
  1 TYNER           
   203   2.650   1.490    .933    .040    .027  -9.999  -9.999    .036  -9.999
  7 WAWASEE         
   102   2.650   1.420    .433    .438    .129  -9.999  -9.999    .085  -9.999
   127   2.650   1.420    .428    .443    .129  -9.999  -9.999    .085  -9.999
   152   2.650   1.420    .407    .456    .137  -9.999  -9.999    .092  -9.999
   127   2.650   1.420    .402    .436    .162    .206  -9.999    .124  -9.999
   157   2.650   1.420    .414    .438    .148    .234  -9.999    .097  -9.999
   178   2.650   1.420    .384    .454    .162  -9.999  -9.999    .119  -9.999
   203   2.650   1.420    .311    .489    .200  -9.999  -9.999    .152  -9.999
  3 WAWASEE         
    68   2.650   1.420    .425    .316    .259  -9.999  -9.999    .152  -9.999
    79   2.650   1.420    .423    .317    .260  -9.999  -9.999    .155  -9.999
   152   2.650   1.450    .543    .350    .107  -9.999  -9.999    .070  -9.999
  5 WILLIAMSPORT    
   112   2.650   1.420    .339    .394    .267  -9.999  -9.999    .170  -9.999
   130   2.650   1.320    .235    .502    .263  -9.999  -9.999    .153  -9.999
   152   2.650   1.320    .233    .529    .238  -9.999  -9.999    .136  -9.999
    97   2.650   1.420    .438    .411    .151  -9.999  -9.999    .098  -9.999
   152   2.650   1.420    .474    .396    .130  -9.999  -9.999    .085  -9.999
  4 WOLCOTT         
    84   2.650   1.420    .383    .362    .255  -9.999  -9.999    .153  -9.999
   104   2.650   1.420    .397    .357    .246  -9.999  -9.999    .148  -9.999
   127   2.650   1.420    .432    .373    .195  -9.999  -9.999    .124  -9.999
   152   2.650   1.420    .431    .394    .175  -9.999  -9.999    .116  -9.999
  6 WOLCOTT         
    30   2.650   1.420    .209    .500    .291  -9.999  -9.999    .200  -9.999
    51   2.650   1.400    .150    .498    .352  -9.999  -9.999    .221  -9.999
    86   2.650   1.420    .376    .434    .190  -9.999  -9.999    .128  -9.999
   102   2.650   1.420    .439    .423    .138  -9.999  -9.999    .099  -9.999
   140   2.650   1.420    .303    .492    .205  -9.999  -9.999    .216  -9.999
   152   2.650   1.420    .358    .445    .197  -9.999  -9.999    .133  -9.999
  6 WOLCOTT         
    28   2.650   1.420    .311    .398    .291  -9.999  -9.999    .220  -9.999
    43   2.650   1.420    .330    .368    .302  -9.999  -9.999    .212  -9.999
    66   2.650   1.420    .422    .330    .248  -9.999  -9.999    .158  -9.999
    84   2.650   1.420    .378    .359    .263  -9.999  -9.999    .165  -9.999
   117   2.650   1.420    .253    .499    .248  -9.999  -9.999    .170  -9.999
   152   2.650   1.320    .228    .537    .235  -9.999  -9.999    .185  -9.999
  2 ZADOG           
    61   2.650   1.420    .459    .305    .236  -9.999  -9.999    .187  -9.999
    61   2.650   1.450    .678    .209    .113  -9.999  -9.999    .084  -9.999
  1 ZANESVILLE      
   109   2.650   1.800    .133    .603    .264    .290  -9.999    .184  -9.999
