  2 APPERSON        
   110   2.650   1.380    .082    .462    .456    .477  -9.999    .297  -9.999
   125   2.650   1.390    .102    .338    .560  -9.999  -9.999    .430  -9.999
 10 ATCHISON        
    15   2.650   1.520    .503    .340    .157    .233  -9.999    .160   7.500
    33   2.650   1.460    .517    .283    .200    .219  -9.999    .114  -9.999
    44   2.650   1.360    .422    .362    .216    .241  -9.999    .146  -9.999
    77   2.650   1.540    .481    .327    .192    .251  -9.999    .142  -9.999
    94   2.650   1.500    .563    .254    .183    .242  -9.999    .127  -9.999
   104   2.650   1.450    .542    .259    .199    .281  -9.999    .120   7.900
   127   2.650   1.480    .632    .219    .149    .232  -9.999    .102   7.900
   148   2.650   1.520    .677    .191    .132    .213  -9.999    .079   8.000
   172   2.650   1.540    .836    .085    .079    .209  -9.999    .059   8.000
   198   2.650   1.530    .855    .065    .080    .228  -9.999    .055   8.000
 10 ATCHISON        
    10   2.650   1.380    .397    .445    .158    .301  -9.999    .126   7.500
    21   2.650   1.460    .497    .332    .171    .267  -9.999    .130  -9.999
    38   2.650   1.300    .413    .379    .208    .231  -9.999    .127  -9.999
    52   2.650   1.430    .346    .436    .218    .227  -9.999    .144  -9.999
    80   2.650   1.510    .435    .364    .201    .208  -9.999    .128  -9.999
   100   2.650   1.480    .421    .383    .196    .209  -9.999    .129   8.100
   111   2.650   1.450    .365    .382    .253    .248  -9.999    .144   8.200
   126   2.650   1.410    .313    .489    .198    .233  -9.999    .144   8.300
   146   2.650   1.400    .417    .376    .207    .266  -9.999    .125   8.300
   164   2.650   1.380    .393    .407    .200    .335  -9.999    .124   8.200
  9 ATCHISON        
    13   2.650   1.420    .294    .492    .214  -9.999  -9.999    .156   7.600
    25   2.650   1.420    .366    .396    .238  -9.999  -9.999    .141   7.400
    43   2.650   1.400    .177    .505    .318  -9.999  -9.999    .203   7.400
    85   2.650   1.400    .182    .542    .276  -9.999  -9.999    .178  -9.999
   103   2.650   1.320    .142    .636    .222  -9.999  -9.999    .133   7.800
   133   2.650   1.320    .196    .581    .223  -9.999  -9.999    .135   7.800
   165   2.650   1.400    .173    .508    .319  -9.999  -9.999    .188   7.800
   193   2.650   1.400    .176    .511    .313  -9.999  -9.999    .202   7.900
   220   2.650   1.420    .241    .478    .281  -9.999  -9.999    .170   7.900
  1 ATTICA          
    43   2.650   1.670    .785    .079    .136    .200    .262    .102   6.000
 10 ATTICA          
    15   2.650   1.540    .904    .065    .031    .185  -9.999    .028   7.100
    32   2.650   1.810    .837    .091    .072    .138  -9.999    .060   6.800
    50   2.650   1.660    .802    .077    .121    .196  -9.999    .093   6.500
    65   2.650   1.580    .610    .212    .178    .220  -9.999    .119   6.200
   111   2.650   1.490    .854    .073    .073  -9.999  -9.999    .046   6.700
   135   2.650   1.620    .835    .067    .098    .147  -9.999    .083   6.500
   157   2.650   1.490    .839    .072    .089  -9.999  -9.999    .067   6.400
   177   2.650   1.600    .566    .182    .252  -9.999  -9.999    .189   6.600
   215   2.650   1.380    .087    .474    .439    .382  -9.999    .253   6.900
   240   2.650   1.400    .077    .584    .339    .353  -9.999    .115   7.500
  8 BELFON          
    10   2.650   1.490    .868    .095    .037  -9.999  -9.999    .033  -9.999
    28   2.650   1.450    .704    .154    .142  -9.999  -9.999    .112  -9.999
    46   2.650   1.450    .601    .201    .198  -9.999  -9.999    .142  -9.999
    71   2.650   1.420    .451    .311    .238  -9.999  -9.999    .168  -9.999
   109   2.650   1.400    .125    .541    .334  -9.999  -9.999    .230  -9.999
   135   2.650   1.400    .082    .524    .394  -9.999  -9.999    .267   7.800
   157   2.650   1.400    .073    .540    .387  -9.999  -9.999    .273   7.900
   221   2.650   1.400    .104    .542    .354  -9.999  -9.999    .239   8.100
 10 BELFON          
    18   2.650   1.420    .435    .400    .165  -9.999  -9.999    .126  -9.999
    33   2.650   1.420    .289    .422    .289  -9.999  -9.999    .165  -9.999
    49   2.650   1.420    .204    .470    .326  -9.999  -9.999    .214  -9.999
    65   2.650   1.400    .153    .503    .344  -9.999  -9.999    .213  -9.999
   105   2.650   1.420    .234    .449    .317  -9.999  -9.999    .177   7.700
   146   2.650   1.420    .341    .373    .286  -9.999  -9.999    .152   7.700
   173   2.650   1.420    .396    .364    .240  -9.999  -9.999    .151   7.900
   191   2.650   1.450    .580    .253    .167  -9.999  -9.999    .115  -9.999
   208   2.650   1.450    .716    .156    .128  -9.999  -9.999    .081  -9.999
   268   2.650   1.490    .855    .066    .079  -9.999  -9.999    .061  -9.999
  2 BENFIELD        
    87   2.650   1.320    .133    .616    .251  -9.999  -9.999    .148   7.600
   110   2.650   1.320    .060    .702    .238    .292  -9.999    .152  -9.999
  9 BIGBOW          
    28   2.650   1.450    .713    .175    .112  -9.999  -9.999    .075  -9.999
    58   2.650   1.420    .251    .451    .298  -9.999  -9.999    .195   7.100
   105   2.650   1.420    .214    .480    .306  -9.999  -9.999    .180   7.600
   137   2.650   1.420    .256    .454    .290  -9.999  -9.999    .162   7.900
   165   2.650   1.420    .422    .370    .208  -9.999  -9.999    .122   8.000
   202   2.650   1.420    .425    .366    .209  -9.999  -9.999    .121   8.100
   248   2.650   1.450    .699    .185    .116  -9.999  -9.999    .077  -9.999
   281   2.650   1.450    .737    .129    .134  -9.999  -9.999    .077  -9.999
   300   2.650   1.420    .493    .289    .218  -9.999  -9.999    .111  -9.999
  5 BLANKET         
   122   2.650   1.320    .167    .567    .266  -9.999  -9.999    .174  -9.999
   156   2.650   1.400    .177    .437    .386  -9.999  -9.999    .267  -9.999
   180   2.650   1.400    .194    .442    .364    .379  -9.999    .249  -9.999
   221   2.650   1.420    .239    .461    .300    .335  -9.999    .223  -9.999
   235   2.650   1.420    .330    .410    .260    .318  -9.999    .216  -9.999
  3 BOGUE           
    15   2.650   1.390    .020    .326    .654    .475  -9.999    .272  -9.999
    43   2.650   1.390    .019    .323    .658    .436  -9.999    .288   7.300
    81   2.650   1.390    .016    .301    .683    .424  -9.999    .302  -9.999
  4 BROWNELL        
     8   2.650    .760    .162    .549    .289    .434  -9.999    .154  -9.999
    25   2.650   1.400    .150    .540    .310  -9.999  -9.999    .241  -9.999
    48   2.650   1.400    .179    .465    .356  -9.999  -9.999    .202  -9.999
    74   2.650   1.380    .147    .451    .402    .272  -9.999    .172  -9.999
  7 BURCHARD        
    15   2.650   1.550    .479    .338    .183    .321  -9.999    .174  -9.999
    35   2.650   1.650    .500    .284    .216    .307  -9.999    .177  -9.999
    55   2.650   1.690    .400    .356    .244    .318  -9.999    .167  -9.999
    79   2.650   1.710    .368    .378    .254    .306  -9.999    .174  -9.999
   110   2.650   1.420    .319    .450    .231    .254  -9.999    .156  -9.999
   138   2.650   1.420    .376    .366    .258    .275  -9.999    .166  -9.999
   155   2.650   1.420    .366    .369    .265    .285  -9.999    .182  -9.999
  3 CAMPUS          
    28   2.650   1.460    .111    .638    .251    .314  -9.999    .180  -9.999
    46   2.650   1.380    .177    .437    .386    .331  -9.999    .189  -9.999
    69   2.650   1.440    .266    .354    .380    .399  -9.999    .183   7.600
  3 CANLON          
     8   2.650   1.320    .322    .519    .159  -9.999  -9.999    .145  -9.999
    15   2.650   1.540    .602    .298    .100    .159  -9.999    .092  -9.999
    30   2.650   1.450    .626    .244    .130  -9.999  -9.999    .115  -9.999
  4 CAREY           
    28   2.650   1.420    .296    .484    .220  -9.999  -9.999    .146  -9.999
    46   2.650   1.420    .345    .434    .221  -9.999  -9.999    .145  -9.999
    61   2.650   1.420    .358    .402    .240  -9.999  -9.999    .149  -9.999
   152   2.650   1.420    .392    .401    .207  -9.999  -9.999    .133  -9.999
  3 CHASE           
    16   2.650   1.510    .016    .686    .298    .412  -9.999    .198  -9.999
   130   2.650   1.380    .015    .568    .417    .373  -9.999    .264   6.600
   175   2.650   1.400    .029    .681    .290    .330  -9.999    .210  -9.999
  7 CHEROKEE        
    25   2.650   1.510    .153    .752    .095    .288  -9.999    .071  -9.999
    34   2.650   1.510    .120    .728    .152    .269  -9.999    .095  -9.999
    54   2.650   1.380    .051    .444    .505    .458  -9.999    .308  -9.999
    75   2.650   1.380    .065    .516    .419    .380  -9.999    .273   6.000
   117   2.650   1.400    .090    .580    .330    .332  -9.999    .204   5.800
   156   2.650   1.400    .077    .540    .383    .406  -9.999    .241   5.400
   200   2.650   1.400    .067    .535    .398    .339  -9.999    .253   5.300
  3 CLARK           
    28   2.650   1.610    .481    .306    .213    .288  -9.999    .153   7.500
    71   2.650   1.610    .367    .428    .205    .279  -9.999    .150   7.700
   165   2.650   1.750    .669    .240    .091    .182  -9.999    .084   8.000
  4 CRETE           
    89   2.650   1.380    .031    .514    .455    .359  -9.999    .299  -9.999
   112   2.650   1.400    .035    .635    .330    .350  -9.999    .266  -9.999
   152   2.650   1.440    .035    .674    .291    .383  -9.999    .213  -9.999
   191   2.650   1.390    .033    .693    .274    .423  -9.999    .197  -9.999
 10 DALHART         
    10   2.650   1.450    .755    .137    .108  -9.999  -9.999    .097  -9.999
    33   2.650   1.450    .639    .176    .185  -9.999  -9.999    .123  -9.999
    61   2.650   1.420    .356    .376    .268  -9.999  -9.999    .185  -9.999
    81   2.650   1.420    .255    .455    .290  -9.999  -9.999    .193  -9.999
    99   2.650   1.400    .174    .544    .282  -9.999  -9.999    .217  -9.999
   132   2.650   1.400    .110    .595    .295  -9.999  -9.999    .231  -9.999
   150   2.650   1.420    .339    .390    .271  -9.999  -9.999    .223  -9.999
   185   2.650   1.320    .121    .629    .250  -9.999  -9.999    .185  -9.999
   236   2.650   1.320    .119    .653    .228  -9.999  -9.999    .187  -9.999
   285   2.650   1.320    .206    .588    .206  -9.999  -9.999    .169  -9.999
  8 DETROIT         
    17   2.650   1.400    .083    .578    .339  -9.999  -9.999    .214  -9.999
    37   2.650   1.400    .081    .572    .347    .340  -9.999    .225  -9.999
    58   2.650   1.380    .064    .523    .413  -9.999  -9.999    .259  -9.999
    81   2.650   1.380    .040    .500    .460    .411  -9.999    .294  -9.999
    96   2.650   1.380    .056    .517    .427  -9.999  -9.999    .272  -9.999
   117   2.650   1.400    .084    .606    .310    .305  -9.999    .210  -9.999
   135   2.650   1.590    .130    .632    .238    .302  -9.999    .197  -9.999
   152   2.650   1.400    .043    .628    .329  -9.999  -9.999    .218   7.600
  8 DILLWYN         
    14   2.650   1.640    .876    .088    .036    .057    .082    .036  -9.999
    28   2.650   1.490    .955    .028    .017  -9.999  -9.999    .019  -9.999
    45   2.650   1.490    .963    .020    .017  -9.999  -9.999    .018  -9.999
    76   2.650   1.490    .961    .035    .004  -9.999  -9.999    .016  -9.999
    92   2.650   1.620    .921    .075    .004    .058    .055    .024  -9.999
   138   2.650   1.490    .954    .030    .016  -9.999  -9.999    .021  -9.999
   163   2.650   1.740    .863    .052    .085    .218    .264    .080  -9.999
   180   2.650   1.690    .857    .073    .070    .181    .260    .061  -9.999
  8 DILLWYN         
    18   2.650   1.520    .902    .065    .033    .119    .119    .044  -9.999
    29   2.650   1.550    .920    .055    .025    .085    .088    .028  -9.999
    59   2.650   1.540    .956    .019    .025    .108    .108    .022  -9.999
    83   2.650   1.560    .960    .022    .018    .117    .117    .020  -9.999
   103   2.650   1.490    .963    .027    .010  -9.999  -9.999    .018  -9.999
   140   2.650   1.490    .956    .027    .017  -9.999  -9.999    .022  -9.999
   160   2.650   1.770    .868    .061    .071    .189    .207    .074  -9.999
   190   2.650   1.450    .635    .206    .159    .244    .258    .113  -9.999
  5 DORRANCE        
     8   2.650   1.710    .678    .242    .080    .109  -9.999    .087  -9.999
    28   2.650   1.450    .709    .225    .066  -9.999  -9.999    .067  -9.999
    43   2.650   1.650    .785    .133    .082    .132  -9.999    .069  -9.999
    91   2.650   1.490    .850    .097    .053  -9.999  -9.999    .037  -9.999
   152   2.650   1.890    .919    .053    .028    .130  -9.999    .025   8.000
  6 EDALGO          
    20   2.650   1.540    .531    .252    .217    .280  -9.999    .132  -9.999
    30   2.650   1.600    .471    .235    .294  -9.999  -9.999    .166  -9.999
    53   2.650   1.390    .136    .257    .607    .338  -9.999    .254  -9.999
    81   2.650   1.390    .126    .327    .547  -9.999  -9.999    .220  -9.999
    97   2.650   1.380    .106    .451    .443  -9.999  -9.999    .208  -9.999
   152   2.650   1.380    .106    .481    .413  -9.999  -9.999    .207   7.600
  4 ELKADER         
    13   2.650   1.360    .263    .580    .157    .241  -9.999    .125  -9.999
    43   2.650   1.370    .243    .541    .216    .262  -9.999    .141  -9.999
   102   2.650   1.440    .224    .443    .333    .266  -9.999    .143  -9.999
   152   2.650   1.360    .282    .438    .280    .254  -9.999    .132   8.600
 10 ELMAN           
    15   2.650   1.450    .528    .362    .110  -9.999  -9.999    .077   4.700
    22   2.650   1.670    .512    .341    .147    .309  -9.999    .097  -9.999
    47   2.650   1.750    .533    .303    .164    .334  -9.999    .115  -9.999
    65   2.650   1.780    .605    .206    .189    .320  -9.999    .150   7.400
    94   2.650   1.800    .649    .178    .173    .308  -9.999    .148   8.000
   110   2.650   1.420    .402    .353    .245    .308  -9.999    .165   8.300
   129   2.650   1.420    .251    .472    .277    .317  -9.999    .183   8.200
   154   2.650   1.800    .521    .280    .199    .284  -9.999    .162   8.100
   182   2.650   1.450    .684    .172    .144    .226  -9.999    .091   8.200
   200   2.650   1.850    .715    .141    .144    .252  -9.999    .109   8.200
  1 ELMONT          
   121   2.650   1.420    .353    .365    .282  -9.999  -9.999    .199   6.600
  1 ERAM            
    91   2.650   1.380    .105    .483    .412  -9.999  -9.999    .229  -9.999
 10 EUA             
    13   2.650   1.580    .760    .173    .067    .141  -9.999    .055   6.300
    33   2.650   1.620    .860    .085    .055    .083  -9.999    .045  -9.999
    46   2.650   1.540    .751    .121    .128    .151  -9.999    .086  -9.999
    66   2.650   1.600    .708    .178    .114    .187  -9.999    .086  -9.999
    84   2.650   1.630    .763    .151    .086    .147  -9.999    .067  -9.999
   104   2.650   1.700    .818    .112    .070    .107  -9.999    .054  -9.999
   122   2.650   1.690    .848    .098    .054    .088  -9.999    .042  -9.999
   155   2.650   1.670    .889    .074    .037    .073  -9.999    .030  -9.999
   185   2.650   1.600    .908    .060    .032    .054  -9.999    .022  -9.999
   195   2.650   1.810    .726    .128    .146    .224  -9.999    .116  -9.999
  8 EUDORA          
    17   2.650   1.370    .239    .566    .195    .319  -9.999    .156   7.100
    35   2.650   1.420    .413    .456    .131    .253  -9.999    .115   7.200
    49   2.650   1.320    .504    .409    .087    .197  -9.999    .078   7.300
    65   2.650   1.450    .679    .278    .043  -9.999  -9.999    .048   7.600
    82   2.650   1.490    .808    .192    .000    .124  -9.999    .034   7.700
   184   2.650   1.320    .093    .795    .112  -9.999  -9.999    .117  -9.999
   215   2.650   1.320    .381    .582    .037  -9.999  -9.999    .057  -9.999
   245   2.650   1.450    .556    .425    .019  -9.999  -9.999    .046  -9.999
  7 EVA             
    15   2.650   1.490    .770    .177    .053  -9.999  -9.999    .046   6.200
    43   2.650   1.490    .926    .059    .015  -9.999  -9.999    .027  -9.999
    58   2.650   1.490    .826    .078    .096  -9.999  -9.999    .079  -9.999
    71   2.650   1.490    .828    .065    .107  -9.999  -9.999    .088  -9.999
   124   2.650   1.490    .909    .039    .052  -9.999  -9.999    .045  -9.999
   152   2.650   1.490    .900    .050    .050  -9.999  -9.999    .045  -9.999
   203   2.650   1.490    .909    .043    .048  -9.999  -9.999    .046  -9.999
  8 EVA             
    18   2.650   1.490    .806    .129    .065  -9.999  -9.999    .051  -9.999
    35   2.650   1.490    .846    .089    .065  -9.999  -9.999    .051  -9.999
    70   2.650   1.490    .820    .071    .109  -9.999  -9.999    .083  -9.999
   108   2.650   1.490    .896    .037    .067  -9.999  -9.999    .052  -9.999
   149   2.650   1.490    .924    .035    .041  -9.999  -9.999    .037  -9.999
   193   2.650   1.490    .928    .040    .032  -9.999  -9.999    .036  -9.999
   236   2.650   1.490    .920    .035    .045  -9.999  -9.999    .036  -9.999
   271   2.650   1.490    .936    .031    .033  -9.999  -9.999    .027  -9.999
  1 FIAT            
    86   2.650   1.390    .030    .396    .574  -9.999  -9.999    .347  -9.999
  6 FLORENCE        
    10   2.650   1.270    .134    .560    .306    .504  -9.999    .225   6.400
    30   2.650   1.400    .131    .509    .360  -9.999  -9.999    .256   6.200
    65   2.650   1.390    .135    .183    .682  -9.999  -9.999    .427  -9.999
    80   2.650   1.390    .096    .169    .735  -9.999  -9.999    .427   6.800
   103   2.650   1.400    .080    .584    .336  -9.999  -9.999    .195  -9.999
   150   2.650   1.320    .175    .596    .229    .408  -9.999    .145  -9.999
  7 GEARY           
    15   2.650   1.420    .163    .570    .267    .300  -9.999    .169  -9.999
    28   2.650   1.400    .128    .495    .377  -9.999  -9.999    .249  -9.999
    48   2.650   1.400    .121    .513    .366    .351  -9.999    .232  -9.999
   106   2.650   1.610    .149    .542    .309    .385  -9.999    .229  -9.999
   126   2.650   1.400    .149    .572    .279  -9.999  -9.999    .189  -9.999
   145   2.650   1.600    .148    .594    .258    .368  -9.999    .205  -9.999
   183   2.650   1.400    .131    .598    .271  -9.999  -9.999    .176   7.800
  5 GEARY           
    71   2.650   1.600    .239    .445    .316    .368  -9.999    .221  -9.999
   115   2.650   1.610    .195    .528    .277    .386  -9.999    .195  -9.999
   225   2.650   1.520    .316    .432    .252    .363  -9.999    .176  -9.999
   235   2.650   1.550    .249    .513    .238    .363  -9.999    .175  -9.999
   300   2.650   1.420    .288    .473    .239  -9.999  -9.999    .162  -9.999
  8 GOSHEN          
    82   2.650   1.400    .176    .499    .325    .421  -9.999    .228  -9.999
   112   2.650   1.360    .188    .529    .283    .311  -9.999    .224  -9.999
   144   2.650   1.290    .271    .576    .153    .332  -9.999    .151  -9.999
   178   2.650   1.310    .265    .574    .161    .358  -9.999    .149  -9.999
   200   2.650   1.280    .191    .638    .171    .364  -9.999    .136  -9.999
   225   2.650   1.250    .232    .612    .156    .350  -9.999    .140  -9.999
   275   2.650   1.320    .266    .591    .143  -9.999  -9.999    .139  -9.999
   300   2.650   1.320    .233    .596    .171  -9.999  -9.999    .143  -9.999
  2 GRANT           
    79   2.650   1.510    .252    .539    .209    .258  -9.999    .128   7.200
   107   2.650   1.540    .267    .544    .189    .226  -9.999    .117   7.400
  5 GRUNDY          
    61   2.650   1.380    .014    .517    .469    .431  -9.999    .313  -9.999
    81   2.650   1.380    .012    .551    .437    .366  -9.999    .269  -9.999
   122   2.650   1.400    .009    .658    .333    .358  -9.999    .242  -9.999
   152   2.650   1.400    .010    .666    .324    .379  -9.999    .232  -9.999
   185   2.650   1.400    .009    .675    .316    .382  -9.999    .227  -9.999
  7 HAMBURG         
    24   2.650   1.510    .046    .764    .190    .384  -9.999    .156  -9.999
    59   2.650   1.420    .039    .820    .141    .345  -9.999    .126  -9.999
    93   2.650   1.440    .079    .773    .148    .386  -9.999    .130  -9.999
   118   2.650   1.320    .031    .819    .150  -9.999  -9.999    .121  -9.999
   156   2.650   1.420    .029    .817    .154    .410  -9.999    .139  -9.999
   209   2.650   1.320    .020    .804    .176  -9.999  -9.999    .145  -9.999
   220   2.650   1.420    .023    .806    .171    .427  -9.999    .152  -9.999
  3 HARNEY          
    13   2.650   1.320    .067    .664    .269  -9.999  -9.999    .143  -9.999
    64   2.650   1.380    .046    .543    .411    .366  -9.999    .248  -9.999
   135   2.650   1.430    .043    .659    .298    .366  -9.999    .209   7.500
  6 HARNEY          
    25   2.650   1.400    .108    .583    .309  -9.999  -9.999    .209  -9.999
    36   2.650   1.400    .024    .659    .317  -9.999  -9.999    .220  -9.999
    61   2.650   1.380    .041    .553    .406    .331  -9.999    .265  -9.999
    79   2.650   1.400    .050    .579    .371  -9.999  -9.999    .253  -9.999
   122   2.650   1.400    .059    .633    .308  -9.999  -9.999    .210   7.800
   152   2.650   1.440    .044    .681    .275    .390  -9.999    .216  -9.999
  3 HARNEY          
    79   2.650   1.400    .045    .580    .375  -9.999  -9.999    .251  -9.999
   114   2.650   1.400    .053    .644    .303  -9.999  -9.999    .221  -9.999
   152   2.650   1.400    .062    .646    .292  -9.999  -9.999    .232  -9.999
  3 HARNEY          
    56   2.650   1.400    .041    .582    .377  -9.999  -9.999    .255  -9.999
    81   2.650   1.400    .059    .636    .305  -9.999  -9.999    .223  -9.999
   152   2.650   1.400    .056    .672    .272  -9.999  -9.999    .220  -9.999
  3 HARNEY          
    50   2.650   1.400    .033    .578    .389  -9.999  -9.999    .262  -9.999
   107   2.650   1.400    .061    .646    .293  -9.999  -9.999    .225  -9.999
   152   2.650   1.320    .061    .698    .241  -9.999  -9.999    .198  -9.999
  4 HARNEY          
    84   2.650   1.400    .045    .616    .339  -9.999  -9.999    .241  -9.999
   152   2.650   1.400    .058    .651    .291  -9.999  -9.999    .218  -9.999
   102   2.650   1.400    .028    .659    .313  -9.999  -9.999    .230  -9.999
   152   2.650   1.400    .032    .670    .298  -9.999  -9.999    .232  -9.999
  2 HARNEY          
    91   2.650   1.400    .037    .662    .301  -9.999  -9.999    .227  -9.999
   152   2.650   1.400    .035    .677    .288  -9.999  -9.999    .224  -9.999
  3 HARNEY          
    71   2.650   1.400    .023    .584    .393  -9.999  -9.999    .258  -9.999
    97   2.650   1.400    .041    .658    .301  -9.999  -9.999    .228  -9.999
   152   2.650   1.400    .034    .688    .278  -9.999  -9.999    .224  -9.999
  2 HARNEY          
    97   2.650   1.400    .037    .671    .292  -9.999  -9.999    .223  -9.999
   152   2.650   1.320    .035    .714    .251  -9.999  -9.999    .198  -9.999
  3 HARNEY          
    46   2.650   1.400    .030    .580    .390  -9.999  -9.999    .244  -9.999
    71   2.650   1.400    .029    .573    .398  -9.999  -9.999    .259  -9.999
    91   2.650   1.400    .034    .589    .377  -9.999  -9.999    .258  -9.999
  5 HARNEY          
    20   2.650   1.320    .092    .678    .230  -9.999  -9.999    .136  -9.999
    41   2.650   1.380    .045    .547    .408  -9.999  -9.999    .268  -9.999
    71   2.650   1.400    .039    .643    .318  -9.999  -9.999    .230  -9.999
   124   2.650   1.320    .055    .690    .255  -9.999  -9.999    .197  -9.999
   152   2.650   1.400    .079    .635    .286  -9.999  -9.999    .206  -9.999
  3 HARNEY          
    46   2.650   1.380    .056    .536    .408  -9.999  -9.999    .266  -9.999
    79   2.650   1.400    .050    .579    .371  -9.999  -9.999    .256  -9.999
   114   2.650   1.320    .059    .677    .264  -9.999  -9.999    .199  -9.999
  9 HARNEY          
    86   2.650   1.400    .062    .595    .343  -9.999  -9.999    .210  -9.999
   137   2.650   1.400    .068    .630    .302  -9.999  -9.999    .195  -9.999
   170   2.650   1.400    .088    .606    .306  -9.999  -9.999    .186  -9.999
   201   2.650   1.400    .125    .565    .310  -9.999  -9.999    .182  -9.999
   218   2.650   1.400    .135    .538    .327  -9.999  -9.999    .190  -9.999
   254   2.650   1.400    .187    .465    .348  -9.999  -9.999    .196  -9.999
   269   2.650   1.420    .243    .444    .313  -9.999  -9.999    .180  -9.999
   290   2.650   1.420    .320    .391    .289  -9.999  -9.999    .172  -9.999
   300   2.650   1.420    .248    .436    .316  -9.999  -9.999    .165  -9.999
 10 HARNEY          
    46   2.650   1.420    .213    .498    .289  -9.999  -9.999    .185  -9.999
    66   2.650   1.400    .169    .518    .313  -9.999  -9.999    .193  -9.999
    91   2.650   1.400    .154    .548    .298  -9.999  -9.999    .160  -9.999
   104   2.650   1.420    .285    .442    .273  -9.999  -9.999    .190  -9.999
   122   2.650   1.420    .247    .474    .279  -9.999  -9.999    .166  -9.999
   147   2.650   1.420    .399    .363    .238  -9.999  -9.999    .148  -9.999
   164   2.650   1.420    .438    .316    .246  -9.999  -9.999    .142  -9.999
   190   2.650   1.420    .333    .408    .259  -9.999  -9.999    .145  -9.999
   224   2.650   1.420    .365    .410    .225  -9.999  -9.999    .148  -9.999
   249   2.650   1.320    .256    .503    .241  -9.999  -9.999    .153  -9.999
  9 HEDVILLE        
    20   2.650   1.450    .555    .291    .154  -9.999  -9.999    .113  -9.999
    28   2.650   1.600    .548    .250    .202  -9.999  -9.999    .136  -9.999
   105   2.650   1.420    .200    .487    .313  -9.999  -9.999    .190  -9.999
   127   2.650   1.420    .225    .449    .326  -9.999  -9.999    .179  -9.999
   173   2.650   1.420    .206    .452    .342  -9.999  -9.999    .172  -9.999
   219   2.650   1.420    .294    .434    .272  -9.999  -9.999    .160  -9.999
   264   2.650   1.420    .221    .479    .300  -9.999  -9.999    .173  -9.999
   290   2.650   1.400    .196    .465    .339  -9.999  -9.999    .178  -9.999
   300   2.650   1.420    .231    .453    .316  -9.999  -9.999    .163  -9.999
  2 IRWIN           
   122   2.650   1.380    .052    .490    .458  -9.999  -9.999    .299  -9.999
   180   2.650   1.380    .032    .483    .485  -9.999  -9.999    .323  -9.999
  5 IRWIN           
    20   2.650   1.400    .048    .573    .379  -9.999  -9.999    .237  -9.999
    61   2.650   1.380    .053    .518    .429  -9.999  -9.999    .282  -9.999
    94   2.650   1.380    .051    .491    .458  -9.999  -9.999    .308  -9.999
   127   2.650   1.380    .062    .451    .487  -9.999  -9.999    .338  -9.999
   152   2.650   1.390    .055    .399    .546  -9.999  -9.999    .370  -9.999
  6 IRWIN           
    10   2.650   1.400    .065    .605    .330  -9.999  -9.999    .214  -9.999
    79   2.650   1.380    .027    .523    .450  -9.999  -9.999    .298  -9.999
   165   2.650   1.380    .050    .506    .444  -9.999  -9.999    .286  -9.999
   104   2.650   1.380    .065    .438    .497  -9.999  -9.999    .293  -9.999
   135   2.650   1.390    .054    .391    .555  -9.999  -9.999    .363  -9.999
   152   2.650   1.380    .022    .451    .527  -9.999  -9.999    .374  -9.999
  3 IRWIN           
    81   2.650   1.380    .084    .428    .488  -9.999  -9.999    .298  -9.999
   119   2.650   1.380    .029    .472    .499  -9.999  -9.999    .308  -9.999
   142   2.650   1.380    .080    .507    .413  -9.999  -9.999    .286  -9.999
  3 IRWIN           
    61   2.650   1.380    .054    .486    .460  -9.999  -9.999    .273  -9.999
    97   2.650   1.380    .028    .440    .532  -9.999  -9.999    .313  -9.999
   140   2.650   1.400    .033    .626    .341  -9.999  -9.999    .274  -9.999
  4 IRWIN           
    91   2.650   1.380    .029    .462    .509  -9.999  -9.999    .315  -9.999
   114   2.650   1.380    .043    .464    .493  -9.999  -9.999    .297  -9.999
   132   2.650   1.380    .036    .537    .427  -9.999  -9.999    .299  -9.999
   152   2.650   1.400    .059    .585    .356  -9.999  -9.999    .269  -9.999
  8 IRWIN           
    40   2.650   1.380    .043    .463    .494  -9.999  -9.999    .346   6.200
    60   2.650   1.380    .039    .493    .468  -9.999  -9.999    .342   7.200
    80   2.650   1.380    .088    .490    .422  -9.999  -9.999    .319  -9.999
   100   2.650   1.380    .093    .498    .409  -9.999  -9.999    .265   7.600
   122   2.650   1.380    .067    .507    .426  -9.999  -9.999    .272   7.400
   158   2.650   1.380    .122    .454    .424  -9.999  -9.999    .275   7.400
   192   2.650   1.380    .038    .517    .445  -9.999  -9.999    .312   7.900
   210   2.650   1.320    .124    .682    .194  -9.999  -9.999    .125   8.200
  7 IRWIN           
    20   2.650   1.400    .036    .638    .326  -9.999  -9.999    .200  -9.999
    40   2.650   1.380    .021    .496    .483  -9.999  -9.999    .333  -9.999
    55   2.650   1.380    .022    .522    .456  -9.999  -9.999    .326  -9.999
    76   2.650   1.380    .029    .523    .448  -9.999  -9.999    .316   7.600
    96   2.650   1.380    .052    .543    .405  -9.999  -9.999    .291   7.800
   121   2.650   1.400    .029    .583    .388  -9.999  -9.999    .290   7.700
   152   2.650   1.380    .048    .473    .479  -9.999  -9.999    .339   7.600
  7 IVAN            
    20   2.650   1.530    .057    .674    .269    .410  -9.999    .205  -9.999
    39   2.650   1.400    .023    .644    .333  -9.999  -9.999    .246   7.700
    60   2.650   1.510    .042    .665    .293    .421  -9.999    .226  -9.999
    90   2.650   1.400    .032    .661    .307  -9.999  -9.999    .218  -9.999
   106   2.650   1.470    .042    .674    .284    .387  -9.999    .206   7.700
   145   2.650   1.320    .074    .683    .243  -9.999  -9.999    .154  -9.999
   175   2.650   1.440    .074    .677    .249    .382  -9.999    .173  -9.999
 10 KEITH           
    15   2.650   1.420    .228    .495    .277    .345    .405    .203  -9.999
    25   2.650   1.480    .290    .448    .262    .389    .414    .182   6.300
    38   2.650   1.400    .173    .544    .283  -9.999  -9.999    .213  -9.999
    56   2.650   1.400    .163    .551    .286    .335    .413    .211  -9.999
    84   2.650   1.400    .125    .585    .290  -9.999  -9.999    .220  -9.999
   122   2.650   1.400    .178    .547    .275    .337    .459    .200  -9.999
   146   2.650   1.420    .200    .520    .280  -9.999  -9.999    .193  -9.999
   162   2.650   1.420    .259    .477    .264    .270    .406    .176  -9.999
   218   2.650   1.420    .422    .357    .221  -9.999  -9.999    .153  -9.999
   247   2.650   1.520    .461    .337    .202    .246    .398    .146  -9.999
  8 KEITH           
    51   2.650   1.420    .279    .463    .258  -9.999  -9.999    .213  -9.999
    89   2.650   1.400    .178    .529    .293  -9.999  -9.999    .211  -9.999
   118   2.650   1.420    .295    .450    .255  -9.999  -9.999    .175  -9.999
   163   2.650   1.420    .466    .327    .207  -9.999  -9.999    .149  -9.999
   200   2.650   1.450    .542    .275    .183  -9.999  -9.999    .138  -9.999
   223   2.650   1.600    .613    .175    .212  -9.999  -9.999    .141  -9.999
   235   2.650   1.450    .706    .171    .123  -9.999  -9.999    .090  -9.999
   300   2.650   1.490    .863    .077    .060  -9.999  -9.999    .054  -9.999
 10 KEITH           
    11   2.650   1.320    .288    .503    .209  -9.999  -9.999    .148  -9.999
    18   2.650   1.320    .232    .501    .267    .380  -9.999    .190  -9.999
    41   2.650   1.460    .312    .411    .277    .390  -9.999    .218  -9.999
    62   2.650   1.450    .235    .497    .268    .383  -9.999    .216  -9.999
    84   2.650   1.360    .307    .481    .212    .350  -9.999    .169  -9.999
   115   2.650   1.350    .314    .521    .165    .343  -9.999    .143  -9.999
   155   2.650   1.340    .386    .466    .148    .373  -9.999    .129  -9.999
   187   2.650   1.320    .356    .507    .137  -9.999  -9.999    .124  -9.999
   213   2.650   1.340    .359    .509    .132    .315  -9.999    .122  -9.999
   288   2.650   1.320    .295    .580    .125  -9.999  -9.999    .112  -9.999
  6 KEITH           
    46   2.650   1.420    .325    .429    .246  -9.999  -9.999    .190  -9.999
    70   2.650   1.420    .297    .451    .252  -9.999  -9.999    .190  -9.999
    95   2.650   1.420    .289    .469    .242  -9.999  -9.999    .186  -9.999
    34   2.650   1.420    .265    .468    .267  -9.999  -9.999    .210  -9.999
    52   2.650   1.420    .207    .497    .296  -9.999  -9.999    .231  -9.999
    66   2.650   1.320    .232    .507    .261  -9.999  -9.999    .201  -9.999
 10 KEITH           
    13   2.650   1.320    .227    .535    .238  -9.999  -9.999    .145  -9.999
    46   2.650   1.400    .116    .528    .356  -9.999  -9.999    .220  -9.999
    66   2.650   1.400    .087    .577    .336  -9.999  -9.999    .197  -9.999
    91   2.650   1.320    .120    .610    .270  -9.999  -9.999    .174  -9.999
   157   2.650   1.320    .126    .635    .239  -9.999  -9.999    .186  -9.999
   191   2.650   1.320    .146    .592    .262  -9.999  -9.999    .185  -9.999
   229   2.650   1.420    .212    .515    .273  -9.999  -9.999    .189  -9.999
   262   2.650   1.420    .259    .470    .271  -9.999  -9.999    .182  -9.999
   292   2.650   1.420    .243    .491    .266  -9.999  -9.999    .187  -9.999
   300   2.650   1.420    .257    .429    .314  -9.999  -9.999    .177  -9.999
  3 KENNEBEC        
    14   2.650   1.500    .062    .776    .162    .299  -9.999    .127  -9.999
    26   2.650   1.580    .048    .795    .157    .349  -9.999    .133  -9.999
    42   2.650   1.350    .022    .760    .218    .389  -9.999    .144  -9.999
  2 KENOMA          
    71   2.650   1.380    .027    .500    .473  -9.999  -9.999    .265  -9.999
   107   2.650   1.380    .065    .475    .460  -9.999  -9.999    .333  -9.999
  3 KENOMA          
    71   2.650   1.390    .028    .384    .588  -9.999  -9.999    .329  -9.999
   104   2.650   1.390    .019    .374    .607  -9.999  -9.999    .381  -9.999
   130   2.650   1.380    .030    .414    .556  -9.999  -9.999    .312  -9.999
  4 KENOMA          
    20   2.650   1.320    .062    .711    .227  -9.999  -9.999    .168  -9.999
    86   2.650   1.380    .035    .558    .407  -9.999  -9.999    .259  -9.999
   132   2.650   1.380    .039    .471    .490  -9.999  -9.999    .326  -9.999
   152   2.650   1.380    .047    .481    .472  -9.999  -9.999    .305  -9.999
  5 KENOMA          
    10   2.650   1.400    .074    .603    .323  -9.999  -9.999    .203  -9.999
    48   2.650   1.380    .035    .458    .507  -9.999  -9.999    .322  -9.999
    81   2.650   1.380    .039    .537    .424  -9.999  -9.999    .257  -9.999
   130   2.650   1.380    .056    .468    .476  -9.999  -9.999    .312  -9.999
   152   2.650   1.380    .064    .485    .451  -9.999  -9.999    .291  -9.999
  6 KENOMA          
     3   2.650   1.400    .088    .599    .313  -9.999  -9.999    .192  -9.999
    10   2.650   1.400    .079    .578    .343  -9.999  -9.999    .216  -9.999
    33   2.650   1.380    .046    .476    .478  -9.999  -9.999    .248  -9.999
    71   2.650   1.380    .040    .484    .476  -9.999  -9.999    .304  -9.999
   117   2.650   1.380    .065    .493    .442  -9.999  -9.999    .291  -9.999
   152   2.650   1.380    .052    .455    .493  -9.999  -9.999    .306  -9.999
  5 KENOMA          
    15   2.650   1.320    .054    .733    .213  -9.999  -9.999    .203  -9.999
    84   2.650   1.380    .029    .539    .432  -9.999  -9.999    .262  -9.999
   117   2.650   1.400    .050    .552    .398  -9.999  -9.999    .277  -9.999
   152   2.650   1.380    .057    .503    .440  -9.999  -9.999    .302  -9.999
   132   2.650   1.400    .061    .558    .381  -9.999  -9.999    .291  -9.999
  3 KIPSON          
    20   2.650   1.380    .106    .489    .405  -9.999  -9.999    .312  -9.999
    30   2.650   1.400    .194    .474    .332  -9.999  -9.999    .186  -9.999
    40   2.650   1.400    .119    .550    .331  -9.999  -9.999    .162   7.600
  4 KUMA            
    64   2.650   1.400    .011    .684    .305  -9.999  -9.999    .234  -9.999
    81   2.650   1.530    .113    .545    .342    .392  -9.999    .257  -9.999
   119   2.650   1.500    .142    .562    .296    .357  -9.999    .216   7.900
   152   2.650   1.430    .112    .643    .245    .320  -9.999    .173  -9.999
 10 KUMA            
    15   2.650   1.320    .282    .511    .207  -9.999  -9.999    .157  -9.999
    27   2.650   1.320    .200    .545    .255  -9.999  -9.999    .183  -9.999
    37   2.650   1.320    .248    .549    .203  -9.999  -9.999    .139  -9.999
    50   2.650   1.320    .220    .523    .257  -9.999  -9.999    .178  -9.999
    66   2.650   1.400    .139    .504    .357  -9.999  -9.999    .276  -9.999
    78   2.650   1.400    .139    .517    .344  -9.999  -9.999    .246  -9.999
    92   2.650   1.400    .124    .566    .310  -9.999  -9.999    .218  -9.999
   109   2.650   1.400    .159    .553    .288  -9.999  -9.999    .199  -9.999
   129   2.650   1.400    .196    .515    .289  -9.999  -9.999    .186  -9.999
   157   2.650   1.400    .198    .531    .271  -9.999  -9.999    .179  -9.999
  2 LANCASTER       
    89   2.650   1.450    .668    .136    .196  -9.999  -9.999    .113   6.400
   152   2.650   1.490    .910    .042    .048  -9.999  -9.999    .045  -9.999
  2 LUBBOCK         
    64   2.650   1.400    .027    .587    .386  -9.999  -9.999    .244  -9.999
    97   2.650   1.400    .039    .614    .347  -9.999  -9.999    .239  -9.999
  4 LUBBOCK         
    25   2.650   1.400    .047    .620    .333  -9.999  -9.999    .217  -9.999
    58   2.650   1.400    .042    .570    .388  -9.999  -9.999    .262  -9.999
    81   2.650   1.400    .049    .607    .344  -9.999  -9.999    .239  -9.999
   153   2.650   1.400    .056    .620    .324  -9.999  -9.999    .232  -9.999
  4 LUBBOCK         
    56   2.650   1.400    .043    .586    .371  -9.999  -9.999    .263  -9.999
    66   2.650   1.400    .044    .578    .378  -9.999  -9.999    .262  -9.999
    94   2.650   1.400    .052    .594    .354  -9.999  -9.999    .258  -9.999
   162   2.650   1.400    .064    .607    .329  -9.999  -9.999    .239  -9.999
  4 LUBBOCK         
    51   2.650   1.400    .039    .561    .400  -9.999  -9.999    .265  -9.999
    69   2.650   1.400    .031    .588    .381  -9.999  -9.999    .263  -9.999
    99   2.650   1.400    .052    .636    .312  -9.999  -9.999    .221  -9.999
   152   2.650   1.320    .062    .673    .265  -9.999  -9.999    .198  -9.999
  4 LUBBOCK         
    20   2.650   1.320    .090    .667    .243  -9.999  -9.999    .170  -9.999
    56   2.650   1.400    .069    .564    .367  -9.999  -9.999    .242  -9.999
    99   2.650   1.400    .083    .621    .296  -9.999  -9.999    .210  -9.999
   152   2.650   1.400    .128    .578    .294  -9.999  -9.999    .192  -9.999
  2 MENTO           
    15   2.650   1.320    .064    .721    .215  -9.999  -9.999    .111  -9.999
    36   2.650   1.400    .035    .589    .376  -9.999  -9.999    .244   7.300
  6 MONONA          
    12   2.650   1.500    .058    .703    .239    .313  -9.999    .195  -9.999
    24   2.650   1.330    .103    .665    .232    .360  -9.999    .152  -9.999
    47   2.650   1.310    .050    .710    .240    .286  -9.999    .147  -9.999
    97   2.650   1.310    .043    .729    .228    .317  -9.999    .144  -9.999
   135   2.650   1.320    .072    .743    .185    .362  -9.999    .133  -9.999
   170   2.650   1.270    .062    .734    .204    .326  -9.999    .131  -9.999
  4 MUSCOTAH        
     7   2.650   1.430    .021    .711    .268    .399  -9.999    .184  -9.999
    14   2.650   1.400    .014    .711    .275  -9.999  -9.999    .189  -9.999
   178   2.650   1.380    .008    .442    .550  -9.999  -9.999    .328  -9.999
   200   2.650   1.380    .030    .462    .508    .465  -9.999    .310  -9.999
  9 NARON           
    14   2.650   1.620    .543    .307    .150    .248  -9.999    .113  -9.999
    24   2.650   1.760    .533    .298    .169    .236  -9.999    .121  -9.999
    41   2.650   1.600    .523    .244    .233  -9.999  -9.999    .162  -9.999
    67   2.650   1.810    .560    .217    .223    .271  -9.999    .163  -9.999
   107   2.650   1.600    .504    .257    .239  -9.999  -9.999    .158  -9.999
   134   2.650   1.690    .511    .239    .250    .291  -9.999    .172  -9.999
   162   2.650   1.600    .533    .249    .218  -9.999  -9.999    .146  -9.999
   195   2.650   1.660    .548    .239    .213    .211  -9.999    .143  -9.999
   230   2.650   1.540    .269    .532    .199    .320  -9.999    .149  -9.999
 10 NARON           
    12   2.650   1.610    .671    .231    .098    .259    .267    .082   4.700
    20   2.650   1.710    .611    .258    .131    .294    .311    .106   5.000
    43   2.650   1.630    .631    .225    .144    .311    .341    .126   6.000
    68   2.650   1.700    .604    .196    .200    .331    .354    .158   6.800
    91   2.650   1.450    .638    .168    .194  -9.999  -9.999    .129   7.100
   112   2.650   1.600    .611    .186    .203  -9.999  -9.999    .149   7.100
   136   2.650   1.600    .546    .220    .234    .331    .354    .166   7.000
   146   2.650   1.450    .669    .167    .164  -9.999  -9.999    .112   7.000
   161   2.650   1.380    .086    .506    .408    .436    .457    .251   7.300
   180   2.650   1.400    .043    .589    .368  -9.999  -9.999    .258   7.600
  3 NARON           
   177   2.650   1.420    .214    .504    .282    .312  -9.999    .180  -9.999
   215   2.650   1.420    .212    .402    .386    .344  -9.999    .243  -9.999
   240   2.650   1.420    .256    .413    .331    .307  -9.999    .204  -9.999
  9 NASHVILLE       
    19   2.650   1.550    .192    .651    .157    .245  -9.999    .112  -9.999
    29   2.650   1.580    .182    .640    .178    .330  -9.999    .131  -9.999
    40   2.650   1.490    .157    .651    .192    .289  -9.999    .130  -9.999
    50   2.650   1.320    .143    .652    .205  -9.999  -9.999    .115  -9.999
    68   2.650   1.410    .123    .678    .199    .272  -9.999    .124  -9.999
    84   2.650   1.650    .118    .678    .204    .304  -9.999    .152  -9.999
   104   2.650   1.730    .186    .656    .158    .313  -9.999    .142   8.400
   130   2.650   1.840    .335    .583    .082    .241  -9.999    .083  -9.999
   130   2.650   1.320    .416    .537    .047  -9.999  -9.999    .042  -9.999
  2 NESS            
    64   2.650   1.380    .048    .529    .423    .413  -9.999    .261  -9.999
   152   2.650   1.350    .072    .644    .284    .396  -9.999    .193  -9.999
 10 NESS            
    15   2.650   1.380    .132    .446    .422  -9.999  -9.999    .294   5.800
    36   2.650   1.380    .101    .448    .451    .355    .368    .288  -9.999
    57   2.650   1.380    .100    .455    .445    .386    .411    .297  -9.999
    80   2.650   1.380    .118    .454    .428    .385    .411    .280  -9.999
   107   2.650   1.400    .148    .497    .355    .375    .406    .251  -9.999
   144   2.650   1.400    .109    .557    .334    .330    .357    .235  -9.999
   176   2.650   1.400    .100    .585    .315    .349    .370    .224  -9.999
   200   2.650   1.400    .116    .597    .287    .337    .364    .217  -9.999
   224   2.650   1.400    .102    .614    .284    .393    .435    .216  -9.999
   240   2.650   1.400    .105    .606    .289    .357    .381    .231  -9.999
  4 NIBSON          
    10   2.650   1.420    .313    .480    .207  -9.999  -9.999    .179  -9.999
    23   2.650   1.420    .422    .372    .206  -9.999  -9.999    .143  -9.999
    38   2.650   1.420    .273    .334    .393  -9.999  -9.999    .217   7.400
    46   2.650   1.420    .320    .352    .328  -9.999  -9.999    .165   7.600
  5 NICKERSON       
    74   2.650   1.680    .589    .197    .214    .222  -9.999    .178  -9.999
    86   2.650   1.740    .516    .324    .160    .263  -9.999    .134  -9.999
    97   2.650   1.710    .534    .354    .112    .234  -9.999    .103  -9.999
   114   2.650   1.630    .817    .119    .064    .096  -9.999    .049  -9.999
   135   2.650   1.490    .911    .089    .000    .054  -9.999    .025  -9.999
  3 OGALLALA FM     
    80   2.650   1.390    .014    .227    .759  -9.999  -9.999    .385  -9.999
   165   2.650   1.490    .867    .069    .064  -9.999  -9.999    .057  -9.999
   295   2.650   1.490    .955    .040    .005  -9.999  -9.999    .025  -9.999
  1 OSKA            
    96   2.650   1.390    .112    .284    .604  -9.999  -9.999    .357   7.400
  7 OST             
    19   2.650   1.670    .352    .438    .210    .334  -9.999    .165   7.500
    30   2.650   1.590    .325    .410    .265    .350  -9.999    .207  -9.999
    47   2.650   1.650    .323    .412    .265    .360  -9.999    .201  -9.999
    60   2.650   1.710    .232    .477    .291    .320  -9.999    .190  -9.999
    97   2.650   1.760    .259    .471    .270    .296  -9.999    .164  -9.999
   135   2.650   1.790    .327    .437    .236    .252  -9.999    .158  -9.999
   165   2.650   1.420    .443    .349    .208    .277  -9.999    .159  -9.999
 10 OTEREO          
    12   2.650   1.450    .624    .286    .090    .203    .270    .083   7.400
    25   2.650   1.520    .583    .310    .107    .138    .208    .082  -9.999
    61   2.650   1.500    .568    .307    .125    .137    .229    .082  -9.999
    73   2.650   1.560    .651    .249    .100    .147    .243    .072  -9.999
    94   2.650   1.380    .406    .427    .167    .247    .330    .106  -9.999
   122   2.650   1.400    .382    .453    .165    .263    .379    .109  -9.999
   140   2.650   1.330    .058    .570    .372    .410    .451    .234   7.800
   153   2.650   1.330    .087    .601    .312    .364    .452    .190   7.800
   180   2.650   1.390    .059    .587    .354    .391    .467    .220   7.800
   214   2.650   1.460    .041    .590    .369    .358    .400    .231   7.800
 10 OTERO           
    13   2.650   1.570    .649    .228    .123    .209  -9.999    .100   7.600
    29   2.650   1.600    .634    .236    .130    .194  -9.999    .107  -9.999
    45   2.650   1.640    .647    .236    .117    .172  -9.999    .087  -9.999
    67   2.650   1.640    .733    .177    .090    .256  -9.999    .077  -9.999
    88   2.650   1.810    .836    .105    .059    .100  -9.999    .054  -9.999
   100   2.650   1.800    .783    .141    .076    .104  -9.999    .076  -9.999
   121   2.650   1.890    .916    .047    .037    .091    .113    .040  -9.999
   133   2.650   1.450    .756    .160    .084  -9.999  -9.999    .071  -9.999
   162   2.650   1.780    .947    .031    .022    .098    .119    .032  -9.999
   200   2.650   1.800    .938    .027    .035    .110    .164    .038  -9.999
  3 PAWNEE          
   119   2.650   1.390    .257    .338    .405  -9.999  -9.999    .260  -9.999
   158   2.650   1.390    .275    .312    .413  -9.999  -9.999    .270  -9.999
   200   2.650   1.420    .325    .396    .279    .280    .293    .187  -9.999
  3 PAWNEE          
    69   2.650   1.390    .258    .299    .443  -9.999  -9.999    .286  -9.999
   109   2.650   1.420    .321    .328    .351  -9.999  -9.999    .244  -9.999
   165   2.650   1.420    .331    .339    .330  -9.999  -9.999    .236  -9.999
  2 PAWNEE          
    94   2.650   1.390    .275    .295    .430  -9.999  -9.999    .263  -9.999
   163   2.650   1.420    .297    .311    .392  -9.999  -9.999    .260  -9.999
  3 PAWNEE          
    91   2.650   1.390    .221    .357    .422  -9.999  -9.999    .274  -9.999
   119   2.650   1.420    .299    .321    .380  -9.999  -9.999    .247  -9.999
   152   2.650   1.390    .264    .317    .419  -9.999  -9.999    .267  -9.999
  3 PAWNEE          
   117   2.650   1.390    .231    .331    .438  -9.999  -9.999    .282  -9.999
   137   2.650   1.390    .267    .280    .453  -9.999  -9.999    .297  -9.999
   152   2.650   1.390    .276    .293    .431  -9.999  -9.999    .286  -9.999
  4 PAWNEE          
    69   2.650   1.390    .181    .374    .445  -9.999  -9.999    .285  -9.999
    91   2.650   1.390    .200    .338    .462  -9.999  -9.999    .297  -9.999
   117   2.650   1.390    .253    .299    .448  -9.999  -9.999    .291  -9.999
   152   2.650   1.390    .282    .313    .405  -9.999  -9.999    .267  -9.999
  6 PAWNEE          
    76   2.650   1.390    .192    .336    .472  -9.999  -9.999    .297  -9.999
   102   2.650   1.390    .223    .328    .449  -9.999  -9.999    .288  -9.999
   152   2.650   1.420    .300    .322    .378  -9.999  -9.999    .254  -9.999
   112   2.650   1.420    .334    .345    .321    .308  -9.999    .199  -9.999
   142   2.650   1.420    .340    .341    .319    .341  -9.999    .209   7.400
   160   2.650   1.420    .343    .356    .301    .344  -9.999    .222   7.700
  5 PLEASANT        
   125   2.650   1.520    .178    .571    .251    .401  -9.999    .199  -9.999
   139   2.650   1.320    .198    .559    .243    .362  -9.999    .173  -9.999
   168   2.650   1.570    .255    .507    .238    .394  -9.999    .217  -9.999
   190   2.650   1.510    .486    .424    .090    .305  -9.999    .095  -9.999
   203   2.650   1.660    .411    .466    .123    .342  -9.999    .115  -9.999
  7 PLEV            
     5   2.650   1.020    .836    .115    .049    .255  -9.999    .081  -9.999
    14   2.650   1.490    .767    .158    .075    .194    .223    .082  -9.999
    46   2.650   1.640    .957    .026    .017    .161    .162    .023  -9.999
    69   2.650   1.810    .787    .112    .101    .219    .237    .107  -9.999
    87   2.650   1.760    .847    .093    .060    .204    .236    .055  -9.999
   131   2.650   1.760    .882    .057    .061    .178    .178    .056  -9.999
   150   2.650   1.730    .861    .060    .079    .176    .185    .078  -9.999
  7 PLEVNA          
    15   2.650   1.560    .566    .269    .165    .276    .320    .151   7.300
    34   2.650   1.570    .615    .218    .167    .207    .286    .119   7.400
    48   2.650   1.670    .662    .187    .151    .174    .232    .105   7.600
    76   2.650   1.660    .731    .158    .111    .178    .274    .081   7.700
    93   2.650   1.700    .725    .165    .110    .184    .262    .085   7.800
   130   2.650   1.770    .714    .171    .115    .191    .274    .096   7.800
   155   2.650   1.450    .751    .155    .094    .196    .347    .070   7.900
  4 POHOCCO         
    98   2.650   1.390    .114    .707    .179    .364  -9.999    .138  -9.999
   150   2.650   1.360    .112    .737    .151    .360  -9.999    .122  -9.999
   170   2.650   1.320    .131    .719    .150  -9.999  -9.999    .124  -9.999
   240   2.650   1.410    .085    .759    .156    .462  -9.999    .131  -9.999
 10 POND CREEK      
    14   2.650   1.530    .676    .209    .115    .168  -9.999    .076   6.000
    35   2.650   1.710    .697    .163    .140    .181  -9.999    .104   6.400
    51   2.650   1.530    .354    .412    .234    .263  -9.999    .148   6.600
    91   2.650   1.600    .244    .500    .256    .325  -9.999    .186   7.100
   120   2.650   1.700    .207    .515    .278    .337  -9.999    .229   7.700
   152   2.650   1.420    .270    .403    .327  -9.999  -9.999    .217   7.900
   163   2.650   1.320    .246    .518    .236  -9.999  -9.999    .143   8.100
   180   2.650   1.400    .119    .592    .289  -9.999  -9.999    .181   7.900
   191   2.650   1.400    .105    .500    .395  -9.999  -9.999    .269   7.800
   212   2.650   1.380    .048    .484    .468    .432  -9.999    .319   7.600
  8 PRATT           
    17   2.650   1.550    .852    .084    .064    .104    .170    .059   6.400
    30   2.650   1.490    .874    .069    .057  -9.999  -9.999    .042   6.500
    57   2.650   1.660    .891    .038    .071    .110    .148    .051   6.500
    78   2.650   1.660    .885    .055    .060    .110    .108    .046   6.700
   115   2.650   1.590    .886    .031    .083    .114    .129    .059   6.400
   140   2.650   1.490    .883    .057    .060  -9.999  -9.999    .045   6.500
   190   2.650   1.490    .857    .052    .091  -9.999  -9.999    .063   6.300
   220   2.650   1.680    .708    .139    .153    .183    .212    .121   6.300
  5 REN             
    61   2.650   1.380    .046    .444    .510    .391  -9.999    .298  -9.999
    81   2.650   1.380    .043    .553    .404    .355  -9.999    .290  -9.999
    98   2.650   1.400    .167    .465    .368  -9.999  -9.999    .288  -9.999
   165   2.650   1.320    .056    .689    .255  -9.999  -9.999    .240  -9.999
   240   2.650   1.450    .559    .251    .190  -9.999  -9.999    .283  -9.999
  8 RICHFIELD       
    15   2.650   1.510    .175    .516    .309    .356  -9.999    .213  -9.999
    22   2.650   1.400    .141    .479    .380    .375  -9.999    .266  -9.999
    34   2.650   1.400    .102    .526    .372    .336  -9.999    .283  -9.999
    55   2.650   1.400    .061    .591    .348    .344  -9.999    .244  -9.999
    92   2.650   1.490    .077    .616    .307    .367  -9.999    .231  -9.999
   132   2.650   1.460    .078    .657    .265    .321  -9.999    .200   8.100
   200   2.650   1.360    .082    .651    .267    .316  -9.999    .194   7.800
   240   2.650   1.440    .169    .550    .281    .282  -9.999    .183   7.700
  7 RICHFIELD       
    41   2.650   1.400    .082    .532    .386  -9.999  -9.999    .256  -9.999
    74   2.650   1.400    .097    .548    .355  -9.999  -9.999    .214  -9.999
   110   2.650   1.400    .097    .573    .330  -9.999  -9.999    .204  -9.999
   162   2.650   1.400    .130    .588    .282  -9.999  -9.999    .186  -9.999
   223   2.650   1.320    .116    .620    .264  -9.999  -9.999    .176  -9.999
   267   2.650   1.420    .330    .413    .257  -9.999  -9.999    .163  -9.999
   300   2.650   1.420    .439    .329    .232  -9.999  -9.999    .141  -9.999
  9 RICHFIELD       
    40   2.650   1.450    .134    .473    .393    .447  -9.999    .268  -9.999
    55   2.650   1.320    .230    .562    .208  -9.999  -9.999    .176  -9.999
    75   2.650   1.280    .233    .637    .130    .503  -9.999    .152  -9.999
   104   2.650   1.320    .250    .608    .142    .412  -9.999    .140  -9.999
   134   2.650   1.290    .257    .585    .158    .382  -9.999    .133  -9.999
   165   2.650   1.320    .265    .596    .139  -9.999  -9.999    .131  -9.999
   200   2.650   1.370    .313    .572    .115    .390  -9.999    .130  -9.999
   250   2.650   1.320    .260    .624    .116  -9.999  -9.999    .128  -9.999
   300   2.650   1.320    .322    .562    .116  -9.999  -9.999    .131  -9.999
 10 RICHFIELD       
    13   2.650   1.420    .326    .400    .274  -9.999  -9.999    .214  -9.999
    28   2.650   1.380    .175    .404    .421  -9.999  -9.999    .312  -9.999
    48   2.650   1.400    .151    .475    .374  -9.999  -9.999    .280  -9.999
    69   2.650   1.400    .131    .545    .324  -9.999  -9.999    .255  -9.999
    99   2.650   1.400    .117    .593    .290  -9.999  -9.999    .232  -9.999
   122   2.650   1.320    .129    .614    .257  -9.999  -9.999    .203  -9.999
   168   2.650   1.320    .180    .588    .232  -9.999  -9.999    .180  -9.999
   221   2.650   1.320    .147    .600    .253  -9.999  -9.999    .197  -9.999
   262   2.650   1.320    .244    .508    .248  -9.999  -9.999    .178  -9.999
   284   2.650   1.420    .481    .313    .206  -9.999  -9.999    .159  -9.999
 10 RICHFIELD       
    15   2.650   1.320    .209    .528    .263  -9.999  -9.999    .157  -9.999
    36   2.650   1.420    .232    .471    .297  -9.999  -9.999    .187  -9.999
    48   2.650   1.420    .234    .435    .331  -9.999  -9.999    .214  -9.999
    58   2.650   1.420    .297    .403    .300  -9.999  -9.999    .193  -9.999
    89   2.650   1.420    .291    .419    .290  -9.999  -9.999    .190  -9.999
   109   2.650   1.420    .308    .409    .283  -9.999  -9.999    .176  -9.999
   127   2.650   1.420    .272    .463    .265  -9.999  -9.999    .156  -9.999
   157   2.650   1.380    .072    .504    .424  -9.999  -9.999    .239  -9.999
   178   2.650   1.380    .051    .523    .426  -9.999  -9.999    .243  -9.999
   208   2.650   1.400    .067    .566    .367  -9.999  -9.999    .231  -9.999
  4 RINGO           
    20   2.650   1.380    .030    .491    .479    .374  -9.999    .362  -9.999
    40   2.650   1.380    .034    .468    .498  -9.999  -9.999    .370  -9.999
    47   2.650   1.380    .062    .523    .415  -9.999  -9.999    .291  -9.999
    64   2.650   1.380    .061    .532    .407    .284  -9.999    .236  -9.999
  3 ROXBURY         
    33   2.650   1.420    .136    .599    .265    .381  -9.999    .177  -9.999
   104   2.650   1.430    .110    .634    .256    .330  -9.999    .164  -9.999
   183   2.650   1.450    .179    .613    .208    .300  -9.999    .138  -9.999
  2 SANDPIT         
   213   2.650   1.400    .091    .524    .385  -9.999  -9.999    .209  -9.999
   300   2.650   1.400    .100    .613    .287  -9.999  -9.999    .189  -9.999
 10 SATANTA         
    14   2.650   1.610    .600    .290    .110    .208  -9.999    .097  -9.999
    20   2.650   1.750    .592    .256    .152    .255  -9.999    .138  -9.999
    33   2.650   1.690    .609    .236    .155    .240  -9.999    .128  -9.999
    43   2.650   1.670    .635    .208    .157    .210  -9.999    .129  -9.999
    56   2.650   1.690    .630    .212    .158    .213  -9.999    .127  -9.999
    85   2.650   1.620    .473    .327    .200    .246  -9.999    .139  -9.999
   118   2.650   1.650    .409    .354    .237    .284  -9.999    .162  -9.999
   145   2.650   1.670    .580    .260    .160    .137  -9.999    .122  -9.999
   182   2.650   1.690    .780    .106    .114    .135  -9.999    .083  -9.999
   204   2.650   1.690    .857    .063    .080    .088  -9.999    .064  -9.999
  5 SAXMAN          
    56   2.650   1.590    .809    .123    .068    .100  -9.999    .052  -9.999
    76   2.650   1.780    .899    .063    .038    .084  -9.999    .039  -9.999
    93   2.650   1.490    .955    .039    .006  -9.999  -9.999    .013  -9.999
   121   2.650   1.490    .956    .039    .005  -9.999  -9.999    .012  -9.999
   138   2.650   1.490    .970    .026    .004  -9.999  -9.999    .015  -9.999
  5 SHELBY          
   170   2.650   1.420    .333    .377    .290    .288    .307    .187  -9.999
   180   2.650   1.420    .340    .385    .275  -9.999  -9.999    .183  -9.999
   180   2.650   1.420    .318    .433    .249    .283  -9.999    .172  -9.999
   210   2.650   1.850    .759    .119    .122    .229  -9.999    .100  -9.999
   240   2.650   1.800    .510    .312    .178    .295  -9.999    .149  -9.999
  2 SHELLABARGER    
    61   2.650   1.710    .589    .225    .186    .270  -9.999    .133   6.400
    92   2.650   1.790    .567    .201    .232    .274  -9.999    .161   6.600
 10 SHORE           
    13   2.650   1.370    .305    .495    .200    .270  -9.999    .137   7.300
    41   2.650   1.420    .407    .369    .224    .244  -9.999    .176  -9.999
    59   2.650   1.420    .437    .325    .238    .250  -9.999    .149  -9.999
    79   2.650   1.270    .548    .264    .188    .211  -9.999    .136  -9.999
   105   2.650   1.470    .521    .287    .192    .218  -9.999    .125  -9.999
   119   2.650   1.470    .320    .473    .207    .276  -9.999    .132   7.800
   139   2.650   1.510    .216    .553    .231    .293  -9.999    .153   7.700
   160   2.650   1.480    .166    .598    .236    .404  -9.999    .164   7.700
   180   2.650   1.360    .091    .638    .271    .419  -9.999    .208   7.600
   190   2.650   1.390    .058    .612    .330    .338  -9.999    .232   7.600
  1 SIBLEYVILLE     
    89   2.650   1.600    .503    .154    .343  -9.999  -9.999    .229   5.100
  7 SOLVAY          
    12   2.650   1.470    .787    .121    .092    .153  -9.999    .065  -9.999
    35   2.650   1.720    .583    .227    .190    .284  -9.999    .136  -9.999
    58   2.650   1.690    .571    .256    .173    .323  -9.999    .120  -9.999
    93   2.650   1.730    .557    .307    .136    .284  -9.999    .119  -9.999
   146   2.650   1.450    .771    .118    .111  -9.999  -9.999    .062  -9.999
   189   2.650   1.720    .866    .028    .106    .217  -9.999    .074  -9.999
   221   2.650   1.700    .857    .050    .093    .228  -9.999    .068  -9.999
  9 SPEARVILLE      
    53   2.650   1.380    .089    .449    .462  -9.999  -9.999    .275  -9.999
    81   2.650   1.380    .073    .503    .424  -9.999  -9.999    .241  -9.999
    94   2.650   1.400    .081    .552    .367  -9.999  -9.999    .223  -9.999
   130   2.650   1.400    .074    .606    .320  -9.999  -9.999    .204  -9.999
   152   2.650   1.400    .089    .623    .288  -9.999  -9.999    .196  -9.999
   183   2.650   1.320    .116    .629    .255  -9.999  -9.999    .185  -9.999
   249   2.650   1.400    .181    .514    .305  -9.999  -9.999    .175  -9.999
   297   2.650   1.420    .266    .423    .311  -9.999  -9.999    .165  -9.999
   300   2.650   1.420    .298    .404    .298  -9.999  -9.999    .163  -9.999
  7 STEINAUER       
    15   2.650   1.420    .450    .307    .243    .321  -9.999    .173   7.000
    29   2.650   1.420    .367    .384    .249    .297  -9.999    .156   7.300
    42   2.650   1.720    .327    .407    .266    .329  -9.999    .191  -9.999
    57   2.650   1.750    .321    .412    .267    .327  -9.999    .208  -9.999
    88   2.650   1.420    .326    .401    .273    .273  -9.999    .165  -9.999
   140   2.650   1.420    .337    .377    .286    .321  -9.999    .196  -9.999
   170   2.650   1.420    .343    .376    .281    .331  -9.999    .204  -9.999
  7 SUTPHEN         
    15   2.650   1.400    .080    .565    .355    .357  -9.999    .251  -9.999
    33   2.650   1.380    .047    .447    .506    .428  -9.999    .384  -9.999
    76   2.650   1.380    .045    .450    .505    .433  -9.999    .345   7.500
   117   2.650   1.380    .042    .437    .521    .461  -9.999    .333  -9.999
   145   2.650   1.380    .015    .430    .555    .453  -9.999    .346   7.500
   160   2.650   1.400    .044    .564    .392  -9.999  -9.999    .265  -9.999
   183   2.650   1.320    .097    .668    .235  -9.999  -9.999    .148   7.500
  5 ULYSSES         
    15   2.650   1.320    .150    .650    .200  -9.999  -9.999    .154  -9.999
    23   2.650   1.400    .107    .605    .288  -9.999  -9.999    .203  -9.999
    53   2.650   1.320    .097    .657    .246  -9.999  -9.999    .180  -9.999
    74   2.650   1.320    .133    .646    .221  -9.999  -9.999    .168  -9.999
   152   2.650   1.320    .112    .669    .219  -9.999  -9.999    .173  -9.999
  4 ULYSSES         
    15   2.650   1.320    .159    .638    .203  -9.999  -9.999    .153  -9.999
    43   2.650   1.400    .086    .616    .298  -9.999  -9.999    .221  -9.999
    66   2.650   1.320    .091    .659    .250  -9.999  -9.999    .187  -9.999
   152   2.650   1.320    .113    .678    .209  -9.999  -9.999    .178  -9.999
  4 ULYSSES         
    10   2.650   1.320    .137    .640    .223  -9.999  -9.999    .166  -9.999
    38   2.650   1.400    .124    .602    .274  -9.999  -9.999    .204  -9.999
    64   2.650   1.400    .075    .634    .291  -9.999  -9.999    .224  -9.999
   152   2.650   1.320    .081    .651    .268  -9.999  -9.999    .199  -9.999
  4 ULYSSES         
    28   2.650   1.320    .148    .597    .255  -9.999  -9.999    .173  -9.999
    53   2.650   1.400    .093    .548    .359  -9.999  -9.999    .232  -9.999
    69   2.650   1.400    .080    .630    .290  -9.999  -9.999    .224  -9.999
   152   2.650   1.320    .089    .641    .270  -9.999  -9.999    .207  -9.999
  4 ULYSSES         
    23   2.650   1.400    .127    .568    .305  -9.999  -9.999    .217  -9.999
    56   2.650   1.400    .109    .578    .313  -9.999  -9.999    .228  -9.999
    76   2.650   1.400    .087    .619    .294  -9.999  -9.999    .216  -9.999
   152   2.650   1.320    .125    .657    .218  -9.999  -9.999    .161  -9.999
  4 ULYSSES         
    13   2.650   1.320    .158    .606    .236  -9.999  -9.999    .177  -9.999
    30   2.650   1.400    .098    .601    .301  -9.999  -9.999    .220  -9.999
    46   2.650   1.400    .096    .630    .274  -9.999  -9.999    .193  -9.999
   152   2.650   1.320    .116    .686    .198  -9.999  -9.999    .162  -9.999
  4 ULYSSES         
    13   2.650   1.320    .156    .621    .223  -9.999  -9.999    .162  -9.999
    28   2.650   1.400    .110    .611    .279  -9.999  -9.999    .206  -9.999
    51   2.650   1.320    .099    .654    .247  -9.999  -9.999    .177  -9.999
   152   2.650   1.320    .109    .675    .216  -9.999  -9.999    .173  -9.999
  4 ULYSSES         
    28   2.650   1.400    .113    .595    .292  -9.999  -9.999    .206  -9.999
    43   2.650   1.400    .097    .593    .310  -9.999  -9.999    .213  -9.999
    64   2.650   1.400    .085    .602    .313  -9.999  -9.999    .214  -9.999
   152   2.650   1.320    .108    .654    .238  -9.999  -9.999    .164  -9.999
  9 ULYSSES         
    20   2.650   1.420    .217    .503    .280    .344    .419    .179   7.400
    38   2.650   1.420    .243    .464    .293    .337    .383    .196   7.600
    62   2.650   1.530    .167    .492    .341    .341    .382    .231   7.700
    90   2.650   1.460    .137    .543    .320    .326    .396    .212  -9.999
   124   2.650   1.420    .157    .549    .294    .287    .381    .196   7.800
   155   2.650   1.410    .270    .453    .277    .241    .340    .180   7.900
   188   2.650   1.510    .392    .356    .252    .225    .304    .165   7.900
   200   2.650   1.500    .571    .227    .202    .213    .285    .130  -9.999
   240   2.650   1.370    .510    .251    .239    .323    .388    .132  -9.999
 10 ULYSSES         
     5   2.650   1.420    .449    .361    .190  -9.999  -9.999    .136  -9.999
    14   2.650   1.420    .389    .403    .208  -9.999  -9.999    .162  -9.999
    24   2.650   1.420    .352    .422    .226  -9.999  -9.999    .180  -9.999
    29   2.650   1.420    .243    .485    .272  -9.999  -9.999    .197  -9.999
    46   2.650   1.400    .194    .528    .278  -9.999  -9.999    .204  -9.999
    62   2.650   1.400    .169    .546    .285  -9.999  -9.999    .199  -9.999
    85   2.650   1.420    .286    .454    .260  -9.999  -9.999    .172  -9.999
    98   2.650   1.420    .421    .351    .228  -9.999  -9.999    .145  -9.999
   106   2.650   1.420    .488    .305    .207  -9.999  -9.999    .132  -9.999
   115   2.650   1.450    .520    .286    .194  -9.999  -9.999    .136  -9.999
  8 ULYSSES         
    31   2.650   1.420    .237    .467    .296  -9.999  -9.999    .237  -9.999
    58   2.650   1.400    .163    .526    .311  -9.999  -9.999    .210  -9.999
    80   2.650   1.400    .138    .556    .306  -9.999  -9.999    .199  -9.999
   105   2.650   1.400    .156    .564    .280  -9.999  -9.999    .216  -9.999
   180   2.650   1.420    .257    .482    .261  -9.999  -9.999    .212  -9.999
   229   2.650   1.420    .371    .395    .234  -9.999  -9.999    .179  -9.999
   251   2.650   1.420    .474    .326    .200  -9.999  -9.999    .153  -9.999
   300   2.650   1.420    .477    .336    .187  -9.999  -9.999    .156  -9.999
 10 ULYSSES         
    13   2.650   1.400    .150    .548    .302  -9.999  -9.999    .176  -9.999
    25   2.650   1.400    .118    .539    .343  -9.999  -9.999    .221  -9.999
    61   2.650   1.400    .085    .562    .353  -9.999  -9.999    .211  -9.999
    94   2.650   1.400    .088    .608    .304  -9.999  -9.999    .199  -9.999
   142   2.650   1.400    .125    .564    .311  -9.999  -9.999    .196  -9.999
   168   2.650   1.400    .129    .550    .321  -9.999  -9.999    .189  -9.999
   196   2.650   1.400    .189    .481    .330  -9.999  -9.999    .193  -9.999
   229   2.650   1.420    .231    .438    .331  -9.999  -9.999    .189  -9.999
   257   2.650   1.420    .231    .448    .321  -9.999  -9.999    .189  -9.999
   274   2.650   1.420    .502    .282    .216  -9.999  -9.999    .131  -9.999
 10 ULYSSES         
    10   2.650   1.320    .191    .548    .261  -9.999  -9.999    .180  -9.999
    18   2.650   1.420    .205    .514    .281  -9.999  -9.999    .216  -9.999
    33   2.650   1.420    .201    .471    .328  -9.999  -9.999    .251  -9.999
    48   2.650   1.400    .133    .577    .290  -9.999  -9.999    .220  -9.999
    69   2.650   1.320    .125    .636    .239  -9.999  -9.999    .178  -9.999
   102   2.650   1.320    .125    .651    .224  -9.999  -9.999    .189  -9.999
   165   2.650   1.320    .160    .600    .240  -9.999  -9.999    .182  -9.999
   229   2.650   1.420    .297    .482    .221  -9.999  -9.999    .176  -9.999
   259   2.650   1.420    .413    .392    .195  -9.999  -9.999    .156  -9.999
   284   2.650   1.450    .594    .228    .178  -9.999  -9.999    .120  -9.999
 10 ULYSSES         
    10   2.650   1.420    .206    .472    .322  -9.999  -9.999    .212  -9.999
    23   2.650   1.400    .199    .477    .324  -9.999  -9.999    .211  -9.999
    30   2.650   1.420    .205    .474    .321  -9.999  -9.999    .217  -9.999
    38   2.650   1.400    .162    .500    .338  -9.999  -9.999    .220  -9.999
    61   2.650   1.400    .135    .533    .332  -9.999  -9.999    .211  -9.999
   102   2.650   1.400    .156    .551    .293  -9.999  -9.999    .196  -9.999
   145   2.650   1.320    .156    .582    .262  -9.999  -9.999    .168  -9.999
   208   2.650   1.320    .214    .521    .265  -9.999  -9.999    .169  -9.999
   233   2.650   1.420    .335    .412    .253  -9.999  -9.999    .160  -9.999
   244   2.650   1.320    .229    .504    .267  -9.999  -9.999    .176  -9.999
  7 ULYSSES         
    15   2.650   1.420    .267    .493    .240  -9.999  -9.999    .160  -9.999
    30   2.650   1.420    .201    .506    .293  -9.999  -9.999    .204  -9.999
    56   2.650   1.400    .145    .579    .276  -9.999  -9.999    .185  -9.999
   127   2.650   1.400    .163    .557    .280  -9.999  -9.999    .185  -9.999
   198   2.650   1.420    .303    .421    .276  -9.999  -9.999    .180  -9.999
   284   2.650   1.450    .586    .215    .199  -9.999  -9.999    .129  -9.999
   300   2.650   1.420    .413    .358    .229  -9.999  -9.999    .125  -9.999
  4 VALENT          
   216   2.650   1.420    .443    .297    .260  -9.999  -9.999    .165  -9.999
   259   2.650   1.420    .329    .412    .259  -9.999  -9.999    .185  -9.999
   284   2.650   1.400    .137    .528    .335  -9.999  -9.999    .232  -9.999
   300   2.650   1.400    .136    .578    .286  -9.999  -9.999    .218  -9.999
  5 VALENT          
   145   2.650   1.490    .830    .085    .085  -9.999  -9.999    .058  -9.999
   249   2.650   1.490    .870    .058    .072  -9.999  -9.999    .054  -9.999
   274   2.650   1.420    .472    .290    .238  -9.999  -9.999    .151  -9.999
   292   2.650   1.420    .223    .490    .287  -9.999  -9.999    .185  -9.999
   300   2.650   1.420    .301    .457    .242  -9.999  -9.999    .168  -9.999
  4 VANOSS          
    12   2.650   1.580    .320    .476    .204    .332  -9.999    .122  -9.999
   220   2.650   1.420    .302    .486    .212    .335  -9.999    .155  -9.999
   260   2.650   1.420    .357    .422    .221    .382  -9.999    .151  -9.999
   275   2.650   1.420    .352    .424    .224    .365  -9.999    .158  -9.999
  8 VONA            
    22   2.650   1.700    .931    .035    .034    .073  -9.999    .039  -9.999
    32   2.650   1.750    .936    .038    .026    .072  -9.999    .030  -9.999
    50   2.650   1.750    .802    .098    .100    .156  -9.999    .086  -9.999
    80   2.650   1.610    .742    .143    .115    .164  -9.999    .098  -9.999
   118   2.650   1.670    .855    .072    .073    .119  -9.999    .055  -9.999
   163   2.650   1.670    .860    .074    .066    .132  -9.999    .057  -9.999
   190   2.650   1.690    .850    .074    .076    .112  -9.999    .063  -9.999
   210   2.650   1.660    .789    .107    .104    .144  -9.999    .085  -9.999
 10 WAGONBED        
     9   2.650   1.350    .144    .541    .315    .377  -9.999    .219   7.500
    17   2.650   1.440    .120    .518    .362    .389  -9.999    .240   7.500
    31   2.650   1.340    .055    .549    .396    .358  -9.999    .222   7.600
    54   2.650   1.390    .064    .577    .359    .345  -9.999    .222  -9.999
    72   2.650   1.290    .067    .592    .341    .337  -9.999    .195  -9.999
    93   2.650   1.270    .054    .593    .353    .377  -9.999    .206   7.900
   110   2.650   1.280    .055    .599    .346    .404  -9.999    .209   8.000
   122   2.650   1.380    .075    .586    .339    .341  -9.999    .214   8.000
   150   2.650   1.520    .154    .511    .335    .287  -9.999    .219   8.100
   162   2.650   1.520    .194    .465    .341    .278  -9.999    .220   8.100
  7 WAGONBED        
    18   2.650   1.420    .216    .469    .315  -9.999  -9.999    .224   7.600
    28   2.650   1.400    .141    .474    .385  -9.999  -9.999    .246   7.600
    41   2.650   1.380    .090    .508    .402  -9.999  -9.999    .257   7.600
    64   2.650   1.400    .069    .569    .362  -9.999  -9.999    .241   7.700
    96   2.650   1.400    .105    .563    .332  -9.999  -9.999    .228   7.800
   130   2.650   1.400    .063    .633    .304  -9.999  -9.999    .227   7.700
   183   2.650   1.400    .119    .582    .299  -9.999  -9.999    .203   7.800
 10 WAGONBED        
    13   2.650   1.420    .239    .434    .327  -9.999  -9.999    .241   7.500
    28   2.650   1.400    .124    .480    .396  -9.999  -9.999    .269   7.500
    41   2.650   1.400    .077    .535    .388  -9.999  -9.999    .251  -9.999
    64   2.650   1.400    .158    .488    .354  -9.999  -9.999    .210  -9.999
    97   2.650   1.400    .149    .451    .400  -9.999  -9.999    .211   7.900
   122   2.650   1.390    .245    .323    .432  -9.999  -9.999    .215   8.000
   145   2.650   1.400    .140    .537    .323  -9.999  -9.999    .186   8.100
   165   2.650   1.400    .176    .491    .333  -9.999  -9.999    .192   8.100
   188   2.650   1.390    .123    .315    .562  -9.999  -9.999    .313   8.200
   231   2.650   1.390    .078    .332    .590  -9.999  -9.999    .284   8.100
  3 WAKEEN          
     6   2.650   1.320    .164    .587    .249  -9.999  -9.999    .139  -9.999
    74   2.650   1.380    .058    .417    .525    .381  -9.999    .196  -9.999
   117   2.650   1.380    .114    .415    .471  -9.999  -9.999    .186  -9.999
  3 WALDECK         
    20   2.650   1.680    .754    .160    .086    .202    .282    .072  -9.999
    76   2.650   1.620    .840    .096    .064    .188  -9.999    .053   7.800
   107   2.650   1.700    .800    .108    .092    .253    .316    .082   7.600
  8 WELLS           
    18   2.650   1.570    .568    .261    .171    .225  -9.999    .113  -9.999
    30   2.650   1.600    .504    .218    .278  -9.999  -9.999    .166  -9.999
    46   2.650   1.630    .507    .213    .280    .264  -9.999    .163  -9.999
    64   2.650   1.600    .557    .198    .245  -9.999  -9.999    .141  -9.999
    84   2.650   1.720    .622    .166    .212    .196  -9.999    .127  -9.999
   112   2.650   1.450    .639    .166    .195  -9.999  -9.999    .097  -9.999
   137   2.650   1.600    .578    .194    .228  -9.999  -9.999    .128  -9.999
   152   2.650   1.390    .211    .273    .516  -9.999  -9.999    .211  -9.999
  6 WILLOWBROOK     
    22   2.650   1.800    .688    .206    .106    .266  -9.999    .094  -9.999
    32   2.650   1.750    .696    .205    .099    .221  -9.999    .089  -9.999
    43   2.650   1.740    .709    .205    .086    .216  -9.999    .077  -9.999
    49   2.650   1.740    .512    .375    .113    .244  -9.999    .129  -9.999
    65   2.650   1.800    .741    .208    .051    .119  -9.999    .050  -9.999
   114   2.650   1.840    .957    .031    .012    .040  -9.999    .024  -9.999
  4 WYMORE          
   102   2.650   1.400    .022    .604    .374    .400  -9.999    .272  -9.999
   145   2.650   1.400    .051    .629    .320    .323  -9.999    .206  -9.999
   173   2.650   1.730    .156    .594    .250    .268  -9.999    .176  -9.999
   195   2.650   1.400    .190    .456    .354    .328  -9.999    .213  -9.999
  5 YAGGY           
    12   2.650   1.450    .545    .376    .079  -9.999  -9.999    .064  -9.999
    27   2.650   1.650    .688    .236    .076    .153  -9.999    .066  -9.999
    35   2.650   1.560    .312    .541    .147    .323  -9.999    .120  -9.999
    78   2.650   1.490    .944    .054    .002  -9.999  -9.999    .015  -9.999
   107   2.650   1.490    .967    .031    .002  -9.999  -9.999    .015  -9.999
  3 ZENDA           
    18   2.650   1.890    .588    .273    .139    .276  -9.999    .127   7.400
    61   2.650   1.740    .440    .371    .189    .311  -9.999    .157   7.900
   117   2.650   1.670    .472    .330    .198    .302  -9.999    .155   7.800
