  1 CHRISTIAN       
    14   2.650   1.400    .106    .572    .322  -9.999  -9.999    .204  -9.999
  1 CHRISTIAN       
    14   2.650   1.320    .163    .634    .203  -9.999  -9.999    .136  -9.999
  1 GRENADA         
    23   2.650   1.530    .048    .795    .157    .346  -9.999    .116  -9.999
  1 MAURY           
   300   2.650   1.400    .196    .518    .286  -9.999  -9.999    .199  -9.999
  2 MCGARY          
   163   2.650   1.400    .028    .580    .392  -9.999  -9.999    .242  -9.999
   182   2.650   1.380    .025    .481    .494  -9.999  -9.999    .287  -9.999
  2 NICHLOSON       
    14   2.650   1.320    .022    .754    .224  -9.999  -9.999    .147  -9.999
    26   2.650   1.320    .022    .741    .237  -9.999  -9.999    .154  -9.999
  8 PEMBROKE        
    18   2.650   1.320    .067    .767    .166  -9.999  -9.999    .114  -9.999
    28   2.650   1.320    .072    .770    .158  -9.999  -9.999    .110  -9.999
    46   2.650   1.560    .009    .746    .245    .378  -9.999    .168  -9.999
    61   2.650   1.400    .009    .713    .278    .386  -9.999    .183  -9.999
    76   2.650   1.320    .012    .718    .270    .347  -9.999    .168  -9.999
    91   2.650   1.550    .018    .745    .237    .400  -9.999    .177  -9.999
   124   2.650   1.590    .037    .706    .257    .388  -9.999    .172  -9.999
   150   2.650   1.620    .060    .663    .277    .358  -9.999    .186  -9.999
  1 ZANESVILLE      
    10   2.650   1.320    .026    .788    .186  -9.999  -9.999    .117  -9.999
