  1 ACADIA          
   275   2.650   1.390    .185    .364    .451  -9.999  -9.999    .336  -9.999
  2 ATTOYAC         
    89   2.650   1.780    .513    .254    .233    .242  -9.999    .157  -9.999
   114   2.650   1.790    .499    .252    .249    .261  -9.999    .175  -9.999
  3 BOWIE           
   102   2.650   1.780    .433    .284    .283    .285  -9.999    .178   5.100
   117   2.650   1.790    .450    .377    .173    .227  -9.999    .118   5.200
   114   2.650   1.620    .483    .112    .405    .334  -9.999    .248  -9.999
  1 COTEAU          
   200   2.650   1.490    .022    .814    .164    .411  -9.999    .149  -9.999
  1 CROWLEY         
    34   2.650   1.320    .108    .715    .177    .277  -9.999    .099  -9.999
 10 DEERFORD        
    13   2.650   1.360    .167    .763    .070    .329  -9.999    .065   4.300
    24   2.650   1.580    .161    .770    .069    .329  -9.999    .054   4.400
    45   2.650   1.540    .151    .743    .106    .325  -9.999    .075   4.300
    71   2.650   1.610    .121    .707    .172    .316  -9.999    .150   4.600
   103   2.650   1.320    .106    .648    .246    .261  -9.999    .161   6.100
   128   2.650   1.320    .117    .625    .258    .244  -9.999    .166   7.000
   170   2.650   1.320    .142    .600    .258    .238  -9.999    .156   7.400
   215   2.650   1.400    .132    .576    .292    .294  -9.999    .186   7.400
   280   2.650   1.420    .240    .420    .340  -9.999  -9.999    .230   7.300
   300   2.650   1.600    .565    .193    .242  -9.999  -9.999    .179   7.300
  2 EASTWOOD        
   120   2.650   1.390    .241    .288    .471    .460  -9.999    .334  -9.999
   300   2.650   1.420    .497    .309    .194  -9.999  -9.999    .122  -9.999
  6 FROZARD         
    36   2.650   1.400    .021    .671    .308    .322  -9.999    .209  -9.999
    49   2.650   1.400    .028    .678    .294    .344  -9.999    .209  -9.999
    74   2.650   1.400    .033    .685    .282    .353  -9.999    .206   7.900
   104   2.650   1.400    .036    .691    .273    .347  -9.999    .211  -9.999
   142   2.650   1.320    .036    .699    .265    .343  -9.999    .186  -9.999
   168   2.650   1.320    .032    .758    .210    .347  -9.999    .160  -9.999
  8 GLENMORA        
    15   2.650   1.420    .433    .509    .058    .258  -9.999    .055  -9.999
    32   2.650   1.600    .357    .521    .122    .293  -9.999    .096  -9.999
    62   2.650   1.620    .301    .512    .187    .348  -9.999    .143  -9.999
   108   2.650   1.680    .302    .512    .186    .312  -9.999    .143  -9.999
   149   2.650   1.750    .326    .496    .178    .339  -9.999    .137  -9.999
   180   2.650   1.420    .324    .469    .207  -9.999  -9.999    .135  -9.999
   254   2.650   1.380    .161    .402    .437    .266  -9.999    .236  -9.999
   300   2.650   1.390    .060    .251    .689  -9.999  -9.999    .334  -9.999
  2 GLENMORA        
   149   2.650   1.660    .367    .508    .125    .286  -9.999    .095  -9.999
   180   2.650   1.640    .330    .504    .166    .294  -9.999    .123  -9.999
  1 GUYTON          
   114   2.650   1.400    .078    .570    .352    .337  -9.999    .204  -9.999
  1 KENEFICK        
    61   2.650   1.420    .491    .314    .195  -9.999  -9.999    .116  -9.999
  1 KOLIN           
   127   2.650   1.420    .322    .355    .323  -9.999  -9.999    .203  -9.999
  1 LATONIA         
   132   2.650   1.680    .600    .271    .129    .240  -9.999    .096  -9.999
  3 LYTLE           
    20   2.650   1.320    .180    .711    .109    .290  -9.999    .086  -9.999
    58   2.650   1.780    .134    .609    .257    .310  -9.999    .231  -9.999
    85   2.650   1.400    .193    .517    .290    .274  -9.999    .200  -9.999
  3 MALBIS          
   112   2.650   1.890    .542    .232    .226    .274  -9.999    .164   5.300
   158   2.650   1.900    .618    .132    .250    .253  -9.999    .192   5.200
   172   2.650   1.860    .526    .292    .182    .268  -9.999    .141   5.300
  3 MALBIS          
   110   2.650   1.740    .446    .282    .272    .317  -9.999    .195   5.300
   120   2.650   1.630    .395    .186    .419    .334  -9.999    .269   5.400
   127   2.650   1.820    .357    .400    .243    .298  -9.999    .182   5.200
  9 MERRYVILLE      
    18   2.650   1.580    .397    .573    .030    .234  -9.999    .040  -9.999
    40   2.650   1.320    .387    .560    .053  -9.999  -9.999    .034  -9.999
    64   2.650   1.690    .378    .567    .055    .316  -9.999    .047  -9.999
    81   2.650   1.320    .349    .557    .094  -9.999  -9.999    .051  -9.999
   118   2.650   1.320    .318    .559    .123    .251  -9.999    .074  -9.999
   170   2.650   1.420    .388    .467    .145    .277  -9.999    .089  -9.999
   216   2.650   1.450    .579    .309    .112  -9.999  -9.999    .068  -9.999
   234   2.650   1.450    .726    .216    .058  -9.999  -9.999    .041  -9.999
   250   2.650   1.450    .708    .202    .090  -9.999  -9.999    .052  -9.999
  1 PATOUTVILLE     
    32   2.650   1.320    .044    .767    .189    .322  -9.999    .124  -9.999
  1 RUSTON          
   128   2.650   1.730    .514    .316    .170    .270  -9.999    .118  -9.999
  2 RUSTON          
   104   2.650   1.750    .713    .172    .115    .164  -9.999    .080  -9.999
   107   2.650   1.830    .668    .151    .181    .232  -9.999    .126  -9.999
  1 RUSTON          
   100   2.650   1.810    .713    .210    .077    .219  -9.999    .062  -9.999
  1 SACUL           
    71   2.650   1.390    .232    .358    .410    .371  -9.999    .253  -9.999
  7 VAIDEN          
     8   2.650   1.600    .476    .390    .134    .234  -9.999    .115  -9.999
   120   2.650   1.390    .122    .354    .524    .420  -9.999    .260  -9.999
   140   2.650   1.390    .104    .327    .569    .410  -9.999    .279  -9.999
   185   2.650   1.390    .075    .320    .605    .420  -9.999    .288  -9.999
   225   2.650   1.400    .069    .586    .345  -9.999  -9.999    .188  -9.999
   285   2.650   1.420    .446    .317    .237  -9.999  -9.999    .160  -9.999
   300   2.650   1.390    .032    .380    .588  -9.999  -9.999    .304  -9.999
  4 VAIDEN          
   128   2.650   1.390    .151    .355    .494    .410  -9.999    .267  -9.999
   200   2.650   1.390    .104    .297    .599    .410  -9.999    .295  -9.999
   255   2.650   1.420    .361    .349    .290  -9.999  -9.999    .172  -9.999
   300   2.650   1.380    .057    .412    .531  -9.999  -9.999    .276  -9.999
