  2 BESTPITCH       
   117   2.650   1.380    .064    .529    .407  -9.999  -9.999    .367   3.100
   183   2.650   1.380    .115    .459    .426  -9.999  -9.999    .312   3.700
  4 HONGA           
    81   2.650   1.690    .044    .719    .237    .316  -9.999    .162   4.700
   122   2.650   1.400    .039    .631    .330    .312  -9.999    .203   4.500
   152   2.650   1.400    .124    .573    .303    .309  -9.999    .192   5.900
   165   2.650   1.420    .206    .463    .331    .314  -9.999    .209   5.800
  4 HONGA           
    61   2.650   1.320    .045    .765    .190  -9.999  -9.999    .104   5.400
    91   2.650   1.320    .041    .705    .254  -9.999  -9.999    .193   5.500
   122   2.650   1.400    .053    .591    .356  -9.999  -9.999    .234   6.100
   152   2.650   1.400    .143    .514    .343  -9.999  -9.999    .244   4.600
  4 INGLESIDE       
   101   2.650   1.770    .899    .047    .054    .096  -9.999    .037  -9.999
   152   2.650   1.490    .920    .037    .043  -9.999  -9.999    .024  -9.999
   165   2.650   1.490    .785    .154    .061  -9.999  -9.999    .042  -9.999
   178   2.650   1.420    .501    .372    .127  -9.999  -9.999    .072  -9.999
  1 KEYPORT         
   109   2.650   1.400    .071    .588    .341    .332  -9.999    .244  -9.999
  2 LINGANORE       
    10   2.650   1.530    .275    .493    .232    .404  -9.999    .161  -9.999
    43   2.650   1.420    .235    .491    .274    .290  -9.999    .165  -9.999
  1 OPEQUON         
    96   2.650   1.390    .100    .358    .542  -9.999  -9.999    .272  -9.999
