  3 ALCONA          
    41   2.650   1.450    .544    .426    .030  -9.999  -9.999    .036  -9.999
    48   2.650   1.420    .441    .326    .233  -9.999  -9.999    .139  -9.999
   152   2.650   1.320    .450    .513    .037  -9.999  -9.999    .029  -9.999
  1 AUBARQUE        
    44   2.650   1.860    .408    .424    .168    .236  -9.999    .121  -9.999
  5 CAPAC           
    46   2.650   1.420    .286    .417    .297    .284    .312    .176  -9.999
    68   2.650   1.420    .289    .472    .239    .231    .253    .172  -9.999
    73   2.650   1.420    .298    .489    .213    .209    .224    .155  -9.999
   101   2.650   1.420    .281    .498    .221    .204    .214    .155  -9.999
   152   2.650   1.420    .294    .480    .226    .224    .234    .152  -9.999
  1 CHAMPION        
   103   2.650   2.180    .625    .321    .054    .177  -9.999    .035  -9.999
  3 CHARITY         
    20   2.650   1.450    .770    .136    .094  -9.999  -9.999    .157  -9.999
    66   2.650   1.400    .008    .620    .372  -9.999  -9.999    .186  -9.999
   152   2.650   1.380    .001    .564    .435  -9.999  -9.999    .228  -9.999
  2 DEL RAY         
    48   2.650   1.380    .045    .503    .452    .356  -9.999    .226  -9.999
   135   2.650   1.620    .102    .640    .258    .366  -9.999    .185  -9.999
  2 EBBERT          
   109   2.650   1.450    .773    .120    .107  -9.999  -9.999    .055  -9.999
   203   2.650   1.490    .843    .119    .038  -9.999  -9.999    .021  -9.999
  3 EMMAT           
    48   2.650   1.790    .524    .307    .169    .206  -9.999    .097  -9.999
    64   2.650   1.770    .585    .267    .148    .182  -9.999    .099  -9.999
   150   2.650   1.840    .610    .259    .131    .182  -9.999    .088  -9.999
  2 GAGETOWN        
    28   2.650   1.320    .073    .780    .147  -9.999  -9.999    .099  -9.999
    36   2.650   1.320    .046    .731    .223  -9.999  -9.999    .132  -9.999
  2 GILFORD         
    69   2.650   1.680    .587    .274    .139    .234  -9.999    .114  -9.999
    91   2.650   1.420    .473    .364    .163  -9.999  -9.999    .131  -9.999
  1 GLENNIE         
   173   2.650   1.600    .532    .250    .218  -9.999  -9.999    .147  -9.999
  3 GREYLOCK        
   109   2.650   1.890    .710    .150    .140    .181  -9.999    .093  -9.999
   132   2.650   1.960    .739    .140    .121    .157  -9.999    .082  -9.999
   178   2.650   1.490    .810    .090    .100  -9.999  -9.999    .058  -9.999
  2 GRINDSTONE      
    51   2.650   1.420    .306    .384    .310    .332  -9.999    .166  -9.999
   140   2.650   1.990    .301    .463    .236    .247  -9.999    .169  -9.999
  1 HODENPYL        
    25   2.650   1.450    .612    .326    .062  -9.999  -9.999    .067  -9.999
  4 JOHNSWOOD       
     8   2.650   1.320    .313    .531    .156  -9.999  -9.999    .272  -9.999
    33   2.650   1.540    .268    .518    .214    .276  -9.999    .088  -9.999
    50   2.650   1.420    .456    .467    .077  -9.999  -9.999    .045  -9.999
   150   2.650   1.420    .494    .431    .075    .119  -9.999    .035  -9.999
  4 KAWKAWLIN       
    18   2.650   1.420    .223    .426    .351  -9.999  -9.999    .246  -9.999
    30   2.650   1.390    .189    .353    .458  -9.999  -9.999    .213  -9.999
    51   2.650   1.390    .132    .391    .477  -9.999  -9.999    .245  -9.999
   152   2.650   1.380    .120    .418    .462  -9.999  -9.999    .204  -9.999
  1 KIBBIE          
    94   2.650   1.580    .115    .715    .170    .368  -9.999    .134  -9.999
  2 KIDDER          
    53   2.650   1.760    .473    .304    .223    .248  -9.999    .141  -9.999
    89   2.650   1.660    .527    .218    .255    .256  -9.999    .156  -9.999
  1 LENAWEE         
   153   2.650   1.380    .086    .445    .469    .344  -9.999    .239  -9.999
  5 LENAWEE         
    25   2.650   1.400    .187    .510    .303  -9.999  -9.999    .283   7.900
    41   2.650   1.420    .276    .411    .313  -9.999  -9.999    .175  -9.999
    53   2.650   1.400    .152    .566    .282  -9.999  -9.999    .151  -9.999
   132   2.650   1.380    .094    .406    .500  -9.999  -9.999    .229  -9.999
   163   2.650   1.420    .395    .402    .203  -9.999  -9.999    .119  -9.999
  5 LENAWEE         
    25   2.650   1.400    .139    .511    .350  -9.999  -9.999    .270   7.800
    36   2.650   1.400    .103    .499    .398  -9.999  -9.999    .214  -9.999
    51   2.650   1.380    .133    .432    .435  -9.999  -9.999    .201  -9.999
    61   2.650   1.380    .069    .457    .474  -9.999  -9.999    .225  -9.999
   156   2.650   1.420    .385    .384    .231  -9.999  -9.999    .119   7.700
  2 LENAWEE         
    66   2.650   1.400    .198    .427    .375  -9.999  -9.999    .214  -9.999
   107   2.650   1.420    .219    .400    .381  -9.999  -9.999    .216  -9.999
  3 LOCKE           
    61   2.650   1.420    .389    .431    .180  -9.999  -9.999    .106  -9.999
    94   2.650   1.420    .427    .408    .165  -9.999  -9.999    .091  -9.999
   130   2.650   1.450    .573    .325    .102  -9.999  -9.999    .067  -9.999
  2 MANCELONA       
    99   2.650   1.490    .844    .051    .105  -9.999  -9.999    .077  -9.999
   300   2.650   1.490    .943    .045    .012  -9.999  -9.999    .015  -9.999
  1 MIAMI           
   152   2.650   1.420    .483    .377    .140  -9.999  -9.999    .087  -9.999
  5 MILFORD         
    31   2.650   1.400    .121    .536    .343    .323    .347    .217  -9.999
    66   2.650   1.400    .145    .474    .381    .328    .346    .218  -9.999
    97   2.650   1.380    .122    .458    .420    .333    .359    .236  -9.999
   132   2.650   1.400    .078    .558    .364    .368    .384    .241  -9.999
   152   2.650   1.400    .089    .611    .300    .363    .385    .228  -9.999
  1 MORLEY          
    79   2.650   1.420    .218    .461    .321  -9.999  -9.999    .216  -9.999
  1 NESTER          
   127   2.650   1.420    .446    .247    .307  -9.999  -9.999    .151  -9.999
  2 ONTONAGON       
    56   2.650   1.380    .017    .532    .451  -9.999  -9.999    .250  -9.999
   152   2.650   1.400    .017    .692    .291  -9.999  -9.999    .171  -9.999
 10 PAAVOLA         
    11   2.650   1.450    .669    .232    .099  -9.999  -9.999    .219  -9.999
    21   2.650   1.490    .844    .114    .042  -9.999  -9.999    .118  -9.999
    33   2.650   1.490    .897    .077    .026  -9.999  -9.999    .069  -9.999
    48   2.650   1.490    .942    .039    .019  -9.999  -9.999    .060  -9.999
    75   2.650   1.490    .937    .030    .033    .100  -9.999    .058  -9.999
    92   2.650   1.850    .593    .333    .074    .163  -9.999    .057  -9.999
   121   2.650   1.450    .697    .226    .077    .158  -9.999    .059  -9.999
   146   2.650   2.100    .764    .194    .042    .174  -9.999    .055  -9.999
   178   2.650   1.450    .751    .191    .058    .122  -9.999    .041  -9.999
   203   2.650   1.490    .961    .032    .007  -9.999  -9.999    .024  -9.999
  3 PARKHILL        
    74   2.650   1.450    .543    .260    .197    .236    .258    .128  -9.999
   114   2.650   1.420    .482    .312    .206    .247    .261    .135  -9.999
   152   2.650   1.420    .474    .350    .176  -9.999  -9.999    .145  -9.999
  2 PARKHILL        
   114   2.650   1.420    .492    .312    .196    .206    .227    .132  -9.999
   152   2.650   1.420    .444    .350    .206  -9.999  -9.999    .125  -9.999
  3 PARKHILL        
    86   2.650   1.420    .399    .314    .287    .291    .318    .170  -9.999
   112   2.650   1.420    .371    .332    .297    .285    .305    .179  -9.999
   152   2.650   1.420    .411    .377    .212    .239    .244    .159  -9.999
  2 PARKHILL        
   112   2.650   1.420    .316    .368    .316    .271    .281    .189  -9.999
   160   2.650   1.420    .312    .391    .297    .298    .304    .177  -9.999
  2 POSEN           
    57   2.650   1.450    .635    .279    .086  -9.999  -9.999    .046  -9.999
   150   2.650   2.020    .494    .400    .106    .198  -9.999    .071  -9.999
  3 RICHTER         
    70   2.650   1.320    .333    .597    .070  -9.999  -9.999    .054  -9.999
    93   2.650   1.740    .298    .636    .066    .275  -9.999    .068  -9.999
   150   2.650   1.750    .153    .720    .127    .329  -9.999    .107  -9.999
  4 RUDYARD         
    23   2.650   1.390    .190    .397    .413  -9.999  -9.999    .246  -9.999
    36   2.650   1.390    .012    .389    .599  -9.999  -9.999    .296  -9.999
    51   2.650   1.380    .003    .433    .564  -9.999  -9.999    .257  -9.999
   152   2.650   1.380    .001    .450    .549  -9.999  -9.999    .250  -9.999
  2 SHEBEON         
    58   2.650   1.420    .376    .326    .298    .251  -9.999    .160  -9.999
   125   2.650   1.420    .501    .334    .165    .142  -9.999    .091   7.900
  2 SHIAWASSEE      
    69   2.650   1.450    .601    .287    .112  -9.999  -9.999    .077  -9.999
   152   2.650   1.420    .495    .336    .169  -9.999  -9.999    .105  -9.999
  2 TAPPAN          
    78   2.650   1.420    .373    .401    .226    .260  -9.999    .125  -9.999
   170   2.650   1.420    .401    .382    .217    .193  -9.999    .116   7.900
  4 TAPPAN          
    15   2.650   1.320    .165    .568    .267  -9.999  -9.999    .202   7.800
    28   2.650   1.400    .056    .619    .325  -9.999  -9.999    .174   7.600
    81   2.650   1.380    .141    .425    .434  -9.999  -9.999    .201   7.600
   114   2.650   1.420    .265    .395    .340  -9.999  -9.999    .173   7.700
  1 TEASDALE        
   152   2.650   1.450    .596    .311    .093  -9.999  -9.999    .065  -9.999
  8 TRIMOUNTAIN     
    10   2.650   1.600    .701    .243    .056    .208  -9.999    .077   4.500
    26   2.650   1.380    .727    .241    .032    .182  -9.999    .120  -9.999
    46   2.650   1.490    .749    .212    .039  -9.999  -9.999    .075  -9.999
    66   2.650   1.600    .751    .215    .034    .138  -9.999    .059  -9.999
    85   2.650   1.450    .669    .273    .058    .093  -9.999    .033  -9.999
   114   2.650   2.010    .762    .187    .051    .066  -9.999    .050  -9.999
   139   2.650   1.800    .869    .108    .023    .153  -9.999    .025  -9.999
   204   2.650   1.490    .886    .089    .025  -9.999  -9.999    .031  -9.999
  1 WABENO          
   140   2.650   2.040    .751    .185    .064    .143  -9.999    .051  -9.999
  4 ZILWAUKEE       
    23   2.650   1.380    .027    .490    .483  -9.999  -9.999    .251   7.300
    41   2.650   1.380    .027    .486    .487  -9.999  -9.999    .266   7.300
    58   2.650   1.380    .030    .545    .425  -9.999  -9.999    .219   7.900
   152   2.650   1.380    .013    .522    .465  -9.999  -9.999    .226   8.000
