  1 BRAINERD        
   114   2.650   1.450    .655    .260    .085    .157  -9.999    .059  -9.999
  5 CHILGREN        
    48   2.650   1.420    .420    .295    .285    .344  -9.999    .195  -9.999
    59   2.650   1.420    .400    .366    .234  -9.999  -9.999    .149  -9.999
    80   2.650   1.780    .387    .392    .221    .319  -9.999    .166  -9.999
   117   2.650   1.420    .410    .420    .170  -9.999  -9.999    .128   7.800
   148   2.650   1.420    .409    .403    .188    .263  -9.999    .101  -9.999
  1 FLAK            
   134   2.650   1.490    .818    .117    .065    .229  -9.999    .055  -9.999
  6 GARNES          
    13   2.650   1.320    .652    .300    .048    .222  -9.999    .091  -9.999
    41   2.650   1.420    .423    .267    .310    .388  -9.999    .197  -9.999
    57   2.650   1.420    .374    .379    .247  -9.999  -9.999    .139  -9.999
    74   2.650   1.710    .388    .402    .210    .320  -9.999    .164  -9.999
   101   2.650   1.420    .409    .419    .172  -9.999  -9.999    .131   7.900
   137   2.650   1.420    .405    .431    .164    .256  -9.999    .129  -9.999
  2 GARNES          
    41   2.650   1.420    .400    .310    .290  -9.999  -9.999    .199  -9.999
   137   2.650   1.420    .400    .436    .164  -9.999  -9.999    .122  -9.999
  1 HAYDEN          
   203   2.650   1.420    .460    .360    .180    .311  -9.999    .148  -9.999
  3 HUBBARD         
   173   2.650   1.490    .957    .041    .002  -9.999  -9.999    .021  -9.999
   203   2.650   1.490    .948    .048    .004  -9.999  -9.999    .018  -9.999
   222   2.650   1.490    .955    .034    .011  -9.999  -9.999    .016  -9.999
  6 KANDOTA         
   102   2.650   1.450    .542    .298    .160    .220  -9.999    .097  -9.999
   130   2.650   1.960    .548    .313    .139    .259  -9.999    .114  -9.999
   163   2.650   2.000    .550    .316    .134    .238  -9.999    .112  -9.999
   200   2.650   1.450    .558    .303    .139    .167  -9.999    .088  -9.999
   245   2.650   1.450    .565    .292    .143    .180  -9.999    .088  -9.999
   295   2.650   1.450    .537    .317    .146    .177  -9.999    .096  -9.999
  3 NOKAY           
   109   2.650   2.080    .664    .243    .093    .202  -9.999    .089  -9.999
   138   2.650   2.100    .691    .253    .056    .166  -9.999    .065  -9.999
   173   2.650   2.170    .682    .246    .072    .174  -9.999    .067  -9.999
  1 NOKAY           
   110   2.650   1.450    .602    .259    .139    .206  -9.999    .090  -9.999
  6 PADDOCK         
    24   2.650   1.680    .659    .253    .088    .269  -9.999    .092  -9.999
    38   2.650   1.450    .575    .319    .106  -9.999  -9.999    .072  -9.999
    55   2.650   1.780    .659    .206    .135    .247  -9.999    .105  -9.999
   109   2.650   1.790    .670    .182    .148    .254  -9.999    .109  -9.999
   142   2.650   1.970    .666    .224    .110    .199  -9.999    .087  -9.999
   178   2.650   1.990    .660    .226    .114    .197  -9.999    .086  -9.999
  9 ROCKWOOD        
    23   2.650   1.450    .644    .242    .114    .242  -9.999    .086  -9.999
    43   2.650   1.900    .677    .242    .081    .205  -9.999    .059  -9.999
    85   2.650   1.840    .640    .188    .172    .272  -9.999    .118  -9.999
   130   2.650   1.970    .603    .246    .151    .240  -9.999    .102  -9.999
   158   2.650   1.450    .614    .248    .138    .184  -9.999    .074  -9.999
   186   2.650   1.450    .618    .244    .138    .164  -9.999    .078  -9.999
   228   2.650   1.450    .667    .211    .122    .148  -9.999    .067  -9.999
   269   2.650   1.450    .708    .183    .109    .138  -9.999    .064  -9.999
   300   2.650   1.450    .715    .172    .113    .136  -9.999    .064  -9.999
  5 ROCKWOOD        
   116   2.650   1.900    .713    .185    .102    .262  -9.999    .099  -9.999
   178   2.650   1.450    .704    .227    .069    .212  -9.999    .058  -9.999
   225   2.650   1.450    .671    .236    .093    .170  -9.999    .064  -9.999
   270   2.650   1.420    .444    .423    .133    .219  -9.999    .088  -9.999
   300   2.650   1.450    .550    .341    .109    .180  -9.999    .081  -9.999
  7 SMILEY          
    24   2.650   1.450    .562    .257    .181  -9.999  -9.999    .149  -9.999
    43   2.650   1.700    .458    .282    .260    .330  -9.999    .204  -9.999
    58   2.650   1.750    .402    .365    .233    .304  -9.999    .168  -9.999
    75   2.650   1.420    .403    .379    .218  -9.999  -9.999    .133  -9.999
   106   2.650   1.770    .399    .393    .208    .315  -9.999    .166   7.900
   143   2.650   1.420    .416    .391    .193  -9.999  -9.999    .132  -9.999
   153   2.650   1.420    .412    .402    .186    .261  -9.999    .135  -9.999
  2 SMILEY          
    43   2.650   1.420    .467    .287    .246  -9.999  -9.999    .170  -9.999
   153   2.650   1.420    .425    .390    .185  -9.999  -9.999    .131  -9.999
  4 WYKEHAM         
    72   2.650   1.730    .587    .211    .202    .329  -9.999    .145  -9.999
    97   2.650   1.450    .543    .293    .164    .203  -9.999    .097  -9.999
   132   2.650   1.950    .547    .298    .155    .255  -9.999    .119  -9.999
   180   2.650   1.450    .537    .304    .159    .193  -9.999    .091  -9.999
