  1 ADCO            
    20   2.650   1.520    .073    .734    .193    .388  -9.999    .143  -9.999
  1 ARBELA          
   152   2.650   1.400    .061    .663    .276  -9.999  -9.999    .193  -9.999
  5 BARDLEY         
    10   2.650   1.450    .545    .354    .101  -9.999  -9.999    .102  -9.999
    30   2.650   1.450    .569    .324    .107  -9.999  -9.999    .071  -9.999
    59   2.650   1.600    .635    .136    .229  -9.999  -9.999    .155  -9.999
    73   2.650   1.600    .687    .029    .284    .365  -9.999    .202  -9.999
    93   2.650   1.600    .769    .020    .211    .286  -9.999    .144  -9.999
  5 BLAKE           
   104   2.650   1.320    .049    .685    .266  -9.999  -9.999    .158  -9.999
   125   2.650   1.320    .339    .572    .089  -9.999  -9.999    .074  -9.999
   145   2.650   1.320    .172    .676    .152  -9.999  -9.999    .106  -9.999
   178   2.650   1.450    .669    .279    .052  -9.999  -9.999    .058  -9.999
   200   2.650   1.320    .221    .646    .133  -9.999  -9.999    .104  -9.999
  2 BLAKE           
   151   2.650   1.490    .939    .030    .031  -9.999  -9.999    .024  -9.999
   175   2.650   1.490    .979    .003    .018  -9.999  -9.999    .013  -9.999
  6 BLAZE           
    95   2.650   1.490    .759    .187    .054  -9.999  -9.999    .064  -9.999
   118   2.650   1.320    .214    .693    .093  -9.999  -9.999    .083  -9.999
   139   2.650   1.450    .650    .305    .045  -9.999  -9.999    .048  -9.999
   165   2.650   1.320    .187    .651    .162  -9.999  -9.999    .084  -9.999
   187   2.650   1.320    .106    .689    .205  -9.999  -9.999    .141  -9.999
   200   2.650   1.490    .868    .101    .031  -9.999  -9.999    .049  -9.999
  6 BLAZE           
    74   2.650   1.450    .547    .355    .098  -9.999  -9.999    .077  -9.999
    91   2.650   1.450    .578    .345    .077  -9.999  -9.999    .068  -9.999
   102   2.650   1.320    .209    .713    .078  -9.999  -9.999    .067  -9.999
   129   2.650   1.490    .816    .147    .037  -9.999  -9.999    .037  -9.999
   140   2.650   1.490    .920    .053    .027  -9.999  -9.999    .028  -9.999
   185   2.650   1.490    .973    .013    .014  -9.999  -9.999    .015  -9.999
  2 BLAZE           
   128   2.650   1.450    .534    .385    .081  -9.999  -9.999    .068  -9.999
   185   2.650   1.490    .787    .171    .042  -9.999  -9.999    .040  -9.999
  7 BLAZE           
    10   2.650   1.380    .014    .427    .559  -9.999  -9.999    .294  -9.999
    20   2.650   1.380    .011    .433    .556  -9.999  -9.999    .323  -9.999
    31   2.650   1.380    .011    .412    .577  -9.999  -9.999    .359  -9.999
    40   2.650   1.390    .007    .367    .626  -9.999  -9.999    .367  -9.999
   129   2.650   1.450    .663    .278    .059  -9.999  -9.999    .057  -9.999
   160   2.650   1.320    .053    .756    .191  -9.999  -9.999    .125  -9.999
   182   2.650   1.320    .223    .686    .091  -9.999  -9.999    .078  -9.999
  3 CARR            
    73   2.650   1.450    .731    .222    .047  -9.999  -9.999    .041  -9.999
   136   2.650   1.490    .905    .061    .034  -9.999  -9.999    .025  -9.999
   172   2.650   1.490    .948    .029    .023  -9.999  -9.999    .018  -9.999
  4 CHEROKEE        
    91   2.650   1.380    .098    .493    .409  -9.999  -9.999    .288  -9.999
   107   2.650   1.400    .128    .541    .331  -9.999  -9.999    .232  -9.999
   137   2.650   1.400    .115    .492    .393  -9.999  -9.999    .286  -9.999
   168   2.650   1.400    .120    .487    .393  -9.999  -9.999    .277  -9.999
  2 CLAFORK         
    94   2.650   1.640    .060    .748    .192    .339  -9.999    .157  -9.999
   114   2.650   1.470    .086    .753    .161    .265  -9.999    .113  -9.999
  4 CLARKSVILLE     
     5   2.650   1.320    .374    .565    .061  -9.999  -9.999    .069  -9.999
    40   2.650   1.320    .366    .556    .078  -9.999  -9.999    .033  -9.999
    82   2.650   1.320    .279    .588    .133  -9.999  -9.999    .069  -9.999
   117   2.650   1.390    .291    .157    .552  -9.999  -9.999    .322  -9.999
  3 CONTRARY        
    20   2.650   1.320    .029    .716    .255  -9.999  -9.999    .176  -9.999
    38   2.650   1.320    .043    .705    .252  -9.999  -9.999    .173  -9.999
    56   2.650   1.320    .038    .754    .208  -9.999  -9.999    .147  -9.999
  1 ELDORADO        
   139   2.650   1.390    .078    .380    .542  -9.999  -9.999    .295  -9.999
  1 GOSS VARIANT    
    13   2.650   1.320    .183    .685    .132  -9.999  -9.999    .112  -9.999
  3 HAMBURG         
    61   2.650   1.320    .149    .720    .131  -9.999  -9.999    .100  -9.999
    84   2.650   1.320    .095    .788    .117  -9.999  -9.999    .099  -9.999
   109   2.650   1.320    .085    .788    .127  -9.999  -9.999    .099  -9.999
  1 HARTWELL        
   159   2.650   1.380    .100    .478    .422  -9.999  -9.999    .288  -9.999
  5 HAYNIE          
    96   2.650   1.450    .592    .340    .068  -9.999  -9.999    .071  -9.999
   127   2.650   1.450    .668    .260    .072  -9.999  -9.999    .088  -9.999
   155   2.650   1.450    .634    .311    .055  -9.999  -9.999    .059  -9.999
   186   2.650   1.450    .726    .205    .069  -9.999  -9.999    .080  -9.999
   216   2.650   1.420    .494    .402    .104  -9.999  -9.999    .108  -9.999
  6 HAYNIE          
    19   2.650   1.600    .506    .261    .233  -9.999  -9.999    .162  -9.999
    67   2.650   1.490    .883    .077    .040  -9.999  -9.999    .042  -9.999
    85   2.650   1.420    .518    .411    .071  -9.999  -9.999    .072  -9.999
   105   2.650   1.450    .714    .244    .042  -9.999  -9.999    .049  -9.999
   125   2.650   1.320    .208    .584    .208  -9.999  -9.999    .139  -9.999
   190   2.650   1.450    .540    .395    .065  -9.999  -9.999    .065  -9.999
  2 HAYNIE          
    94   2.650   1.450    .630    .304    .066  -9.999  -9.999    .059  -9.999
   175   2.650   1.450    .685    .274    .041  -9.999  -9.999    .059  -9.999
  2 HAYNIE          
   138   2.650   1.380    .005    .572    .423  -9.999  -9.999    .258  -9.999
   165   2.650   1.320    .121    .689    .190  -9.999  -9.999    .116  -9.999
  3 HAYNIE          
    74   2.650   1.490    .809    .147    .044  -9.999  -9.999    .052  -9.999
   113   2.650   1.420    .452    .414    .134  -9.999  -9.999    .111  -9.999
   183   2.650   1.450    .687    .252    .061  -9.999  -9.999    .075  -9.999
  2 HIGGINSVILLE    
    23   2.650   1.320    .042    .768    .190  -9.999  -9.999    .123  -9.999
    41   2.650   1.320    .026    .716    .258  -9.999  -9.999    .164  -9.999
  1 HIGGINSVILLE    
    13   2.650   1.320    .027    .764    .209  -9.999  -9.999    .149  -9.999
  2 HOBERG          
    20   2.650   1.320    .098    .689    .213    .279  -9.999    .107  -9.999
   122   2.650   1.390    .078    .146    .776    .268  -9.999    .385  -9.999
  3 JOY             
    25   2.650   1.320    .054    .746    .200  -9.999  -9.999    .139  -9.999
    51   2.650   1.320    .061    .710    .229  -9.999  -9.999    .158  -9.999
   152   2.650   1.320    .104    .730    .166  -9.999  -9.999    .135  -9.999
  2 KEENO           
    11   2.650   1.470    .131    .653    .216    .348  -9.999    .160  -9.999
   100   2.650   1.390    .095    .379    .526    .257  -9.999    .261  -9.999
  2 KILLWINNING     
   252   2.650   1.380    .081    .431    .488  -9.999  -9.999    .301  -9.999
   280   2.650   1.400    .088    .526    .386  -9.999  -9.999    .245  -9.999
  2 KILLWINNING     
    20   2.650   1.600    .046    .685    .269    .390  -9.999    .202  -9.999
    28   2.650   1.380    .025    .532    .443  -9.999  -9.999    .268  -9.999
  5 LINDLEY         
    69   2.650   1.420    .372    .332    .296    .244  -9.999    .170  -9.999
   125   2.650   1.420    .382    .335    .283    .227  -9.999    .149  -9.999
   165   2.650   1.420    .386    .328    .286  -9.999  -9.999    .166  -9.999
   205   2.650   1.420    .373    .335    .292    .237  -9.999    .199  -9.999
   255   2.650   1.420    .377    .330    .293  -9.999  -9.999    .173  -9.999
  5 MACKSBURG       
    18   2.650   1.320    .042    .768    .190  -9.999  -9.999    .123  -9.999
    30   2.650   1.320    .035    .737    .228  -9.999  -9.999    .148  -9.999
    91   2.650   1.400    .018    .617    .365  -9.999  -9.999    .256  -9.999
   119   2.650   1.400    .023    .648    .329  -9.999  -9.999    .252  -9.999
   178   2.650   1.400    .026    .687    .287  -9.999  -9.999    .225  -9.999
  2 MEXICO          
     8   2.650   1.320    .080    .708    .212  -9.999  -9.999    .121  -9.999
    24   2.650   1.320    .077    .711    .212  -9.999  -9.999    .119  -9.999
  2 MEXICO          
     9   2.650   1.320    .066    .759    .175  -9.999  -9.999    .104  -9.999
    22   2.650   1.320    .072    .770    .158  -9.999  -9.999    .106  -9.999
  2 MEXICO          
    14   2.650   1.320    .065    .745    .190  -9.999  -9.999    .100  -9.999
    24   2.650   1.320    .060    .737    .203  -9.999  -9.999    .100  -9.999
  2 MEXICO          
     8   2.650   1.400    .037    .659    .304  -9.999  -9.999    .172  -9.999
    14   2.650   1.400    .037    .659    .304  -9.999  -9.999    .174  -9.999
  4 MEXICO          
    12   2.650   1.320    .060    .730    .210  -9.999  -9.999    .133  -9.999
    23   2.650   1.320    .059    .719    .222  -9.999  -9.999    .140  -9.999
   122   2.650   1.400    .162    .557    .281  -9.999  -9.999    .196  -9.999
   152   2.650   1.400    .188    .528    .284  -9.999  -9.999    .196  -9.999
  6 MEXICO          
    13   2.650   1.320    .145    .610    .245  -9.999  -9.999    .165  -9.999
    25   2.650   1.390    .009    .340    .651  -9.999  -9.999    .391  -9.999
    38   2.650   1.380    .011    .439    .550  -9.999  -9.999    .339  -9.999
    76   2.650   1.400    .027    .587    .386  -9.999  -9.999    .293   5.700
   127   2.650   1.320    .070    .671    .259  -9.999  -9.999    .170   6.400
   152   2.650   1.320    .110    .640    .250  -9.999  -9.999    .158  -9.999
  1 MONITEAU        
   119   2.650   1.400    .042    .637    .321    .332  -9.999    .204  -9.999
  5 NAPIER          
    56   2.650   1.570    .078    .699    .223    .388  -9.999    .155  -9.999
    81   2.650   1.520    .083    .684    .233    .344  -9.999    .164  -9.999
    99   2.650   1.480    .075    .688    .237    .293  -9.999    .166  -9.999
   124   2.650   1.560    .064    .690    .246    .306  -9.999    .173  -9.999
   178   2.650   1.520    .036    .770    .194    .281  -9.999    .152  -9.999
  1 NIANGUA         
   108   2.650   1.600    .622    .102    .276    .250  -9.999    .165  -9.999
  1 NIXA            
    90   2.650   1.380    .088    .447    .465    .195  -9.999    .199  -9.999
  2 NORBORNE        
    64   2.650   1.450    .536    .316    .148  -9.999  -9.999    .100  -9.999
    86   2.650   1.450    .597    .280    .123  -9.999  -9.999    .091  -9.999
  5 OCIE VARIANT    
    56   2.650   1.390    .365    .191    .444  -9.999  -9.999    .297  -9.999
    71   2.650   1.390    .388    .113    .499  -9.999  -9.999    .332  -9.999
    99   2.650   1.390    .274    .156    .570  -9.999  -9.999    .327  -9.999
   145   2.650   1.390    .175    .310    .515  -9.999  -9.999    .300  -9.999
   165   2.650   1.390    .206    .264    .530  -9.999  -9.999    .293  -9.999
  1 PORTAGE         
    13   2.650   1.380    .012    .433    .555  -9.999  -9.999    .322  -9.999
  3 PURDIN          
   140   2.650   1.420    .393    .320    .287  -9.999  -9.999    .173  -9.999
   202   2.650   1.420    .395    .332    .273  -9.999  -9.999    .199  -9.999
   289   2.650   1.420    .381    .333    .286  -9.999  -9.999    .209  -9.999
  3 PURDIN          
   104   2.650   1.420    .407    .303    .290  -9.999  -9.999    .160  -9.999
   122   2.650   1.420    .408    .309    .283  -9.999  -9.999    .160  -9.999
   152   2.650   1.420    .385    .324    .291  -9.999  -9.999    .179  -9.999
  6 SCHULINE        
    13   2.650   1.420    .264    .413    .323  -9.999  -9.999    .177  -9.999
    51   2.650   1.420    .239    .364    .397    .372  -9.999    .239  -9.999
    81   2.650   1.600    .458    .260    .282  -9.999  -9.999    .200  -9.999
   124   2.650   1.420    .274    .440    .286  -9.999  -9.999    .210  -9.999
   184   2.650   1.420    .316    .474    .210  -9.999  -9.999    .136  -9.999
   217   2.650   1.420    .337    .477    .186  -9.999  -9.999    .109  -9.999
  4 SCHULINE        
    18   2.650   1.420    .231    .487    .282  -9.999  -9.999    .172  -9.999
    36   2.650   1.420    .233    .479    .288    .332  -9.999    .175  -9.999
   117   2.650   1.420    .320    .402    .278  -9.999  -9.999    .175  -9.999
   234   2.650   1.420    .331    .377    .292    .297  -9.999    .210  -9.999
  2 SCHULINE        
    51   2.650   1.390    .205    .341    .454  -9.999  -9.999    .268  -9.999
   102   2.650   1.400    .198    .427    .375  -9.999  -9.999    .232  -9.999
  2 SCHULINE        
    56   2.650   1.420    .423    .326    .251  -9.999  -9.999    .155  -9.999
   104   2.650   1.420    .324    .388    .288  -9.999  -9.999    .172  -9.999
  3 SCHULINE        
    43   2.650   1.420    .289    .400    .311  -9.999  -9.999    .219  -9.999
    61   2.650   1.420    .254    .423    .323  -9.999  -9.999    .186  -9.999
   117   2.650   1.420    .313    .390    .297  -9.999  -9.999    .185  -9.999
  1 SENSABAUGH      
    13   2.650   1.320    .268    .562    .170  -9.999  -9.999    .104  -9.999
  2 SHELBY          
   127   2.650   1.420    .405    .305    .290  -9.999  -9.999    .168  -9.999
   152   2.650   1.420    .346    .331    .323  -9.999  -9.999    .197  -9.999
  2 SIBLEY          
   116   2.650   1.540    .027    .703    .270    .416  -9.999    .208  -9.999
   104   2.650   1.400    .022    .661    .317    .379  -9.999    .223  -9.999
  3 SIBLEY          
    46   2.650   1.610    .051    .680    .269    .383  -9.999    .198  -9.999
    64   2.650   1.400    .046    .651    .303    .377  -9.999    .190  -9.999
    97   2.650   1.400    .041    .622    .337    .379  -9.999    .218  -9.999
  1 TWOMILE         
    30   2.650   1.440    .117    .772    .111    .285  -9.999    .072  -9.999
  2 TWOMILE         
    53   2.650   1.500    .052    .798    .150    .324  -9.999    .087  -9.999
    76   2.650   1.540    .072    .773    .155    .334  -9.999    .095  -9.999
  4 VANMETER        
    61   2.650   1.380    .048    .457    .495  -9.999  -9.999    .251  -9.999
    69   2.650   1.380    .049    .479    .472  -9.999  -9.999    .254  -9.999
    91   2.650   1.380    .032    .461    .507  -9.999  -9.999    .253  -9.999
   152   2.650   1.380    .062    .462    .476  -9.999  -9.999    .228  -9.999
  1 VIRATON         
   104   2.650   1.320    .182    .656    .162    .290  -9.999    .086  -9.999
  2 WABASH          
    51   2.650   1.380    .013    .503    .484  -9.999  -9.999    .288  -9.999
    76   2.650   1.380    .018    .478    .504  -9.999  -9.999    .295  -9.999
  3 WABASH          
    51   2.650   1.380    .021    .526    .453  -9.999  -9.999    .268  -9.999
    76   2.650   1.380    .024    .525    .451  -9.999  -9.999    .258  -9.999
   102   2.650   1.380    .021    .522    .457  -9.999  -9.999    .257  -9.999
  3 WALDRON         
    83   2.650   1.380    .034    .547    .419  -9.999  -9.999    .259  -9.999
   138   2.650   1.400    .026    .620    .354  -9.999  -9.999    .224  -9.999
   163   2.650   1.490    .786    .164    .050  -9.999  -9.999    .043  -9.999
  7 WALDRON         
    14   2.650   1.390    .013    .333    .654  -9.999  -9.999    .303  -9.999
    24   2.650   1.390    .008    .328    .664  -9.999  -9.999    .341  -9.999
    39   2.650   1.390    .009    .332    .659  -9.999  -9.999    .354  -9.999
    61   2.650   1.380    .011    .408    .581  -9.999  -9.999    .334  -9.999
   102   2.650   1.390    .010    .385    .605  -9.999  -9.999    .363  -9.999
   140   2.650   1.390    .005    .353    .642  -9.999  -9.999    .352  -9.999
   190   2.650   1.320    .071    .659    .270  -9.999  -9.999    .168  -9.999
  4 WALDRON         
    74   2.650   1.380    .005    .412    .583  -9.999  -9.999    .338  -9.999
    89   2.650   1.390    .004    .386    .610  -9.999  -9.999    .347  -9.999
   106   2.650   1.390    .003    .312    .685  -9.999  -9.999    .374  -9.999
   166   2.650   1.400    .014    .605    .381  -9.999  -9.999    .237  -9.999
  4 WALDRON         
    73   2.650   1.380    .003    .415    .582  -9.999  -9.999    .338  -9.999
    90   2.650   1.380    .004    .540    .456  -9.999  -9.999    .294  -9.999
   131   2.650   1.380    .005    .513    .482  -9.999  -9.999    .270  -9.999
   175   2.650   1.320    .081    .759    .160  -9.999  -9.999    .111  -9.999
  1 WILDERNESS      
   125   2.650   1.320    .143    .590    .267    .298  -9.999    .115  -9.999
  5 WINNEGAN        
    79   2.650   1.420    .285    .356    .359    .317  -9.999    .212  -9.999
   107   2.650   1.420    .289    .374    .337    .275  -9.999    .192  -9.999
   145   2.650   1.420    .285    .377    .338  -9.999  -9.999    .220  -9.999
   200   2.650   1.420    .293    .366    .341    .284  -9.999    .229  -9.999
   260   2.650   1.420    .279    .365    .356  -9.999  -9.999    .239  -9.999
  2 WINNEGAN        
    97   2.650   1.420    .258    .384    .358  -9.999  -9.999    .233  -9.999
   152   2.650   1.420    .244    .443    .313  -9.999  -9.999    .202  -9.999
  5 WINTERSET       
    25   2.650   1.320    .059    .734    .207  -9.999  -9.999    .160  -9.999
    46   2.650   1.320    .051    .751    .198  -9.999  -9.999    .139  -9.999
    66   2.650   1.320    .050    .686    .264  -9.999  -9.999    .177  -9.999
   101   2.650   1.400    .050    .634    .316  -9.999  -9.999    .238  -9.999
   140   2.650   1.400    .063    .660    .277  -9.999  -9.999    .223  -9.999
  3 WIOTA           
    13   2.650   1.320    .168    .563    .269    .366  -9.999    .181  -9.999
    30   2.650   1.400    .160    .554    .286    .374  -9.999    .193  -9.999
   130   2.650   1.420    .318    .545    .137    .318  -9.999    .126  -9.999
  4 WIOTA           
    18   2.650   1.440    .102    .735    .163    .240  -9.999    .120  -9.999
    33   2.650   1.550    .093    .727    .180    .307  -9.999    .135  -9.999
    56   2.650   1.580    .085    .638    .277    .357  -9.999    .202  -9.999
    79   2.650   1.400    .050    .652    .298    .356  -9.999    .197  -9.999
  2 WRENGART        
   225   2.650   1.600    .658    .048    .294    .376  -9.999    .210  -9.999
   250   2.650   1.390    .321    .235    .444    .473  -9.999    .275  -9.999
