  1 ASKEW           
   152   2.650   1.520    .287    .602    .111    .293  -9.999    .106  -9.999
  4 CATALPA         
    13   2.650   1.420    .252    .444    .304  -9.999  -9.999    .190  -9.999
    25   2.650   1.420    .263    .435    .302    .325  -9.999    .186  -9.999
    51   2.650   1.400    .162    .442    .396    .350  -9.999    .253  -9.999
   107   2.650   1.380    .108    .445    .447    .341  -9.999    .250  -9.999
  3 COMMERCE        
    81   2.650   1.520    .110    .653    .237    .397  -9.999    .219  -9.999
    97   2.650   1.500    .119    .661    .220    .393  -9.999    .177  -9.999
   152   2.650   1.520    .043    .729    .228    .423  -9.999    .217  -9.999
  1 DUBBS           
    15   2.650   1.580    .576    .326    .098    .242  -9.999    .081  -9.999
  1 KIPLING         
   152   2.650   1.640    .270    .561    .169    .336  -9.999    .166  -9.999
  5 LEEPER          
    13   2.650   1.400    .091    .552    .357    .308  -9.999    .193  -9.999
    25   2.650   1.380    .065    .510    .425    .357  -9.999    .229  -9.999
    61   2.650   1.400    .187    .473    .340    .354  -9.999    .202  -9.999
   102   2.650   1.420    .239    .400    .361    .362  -9.999    .222  -9.999
   152   2.650   1.420    .207    .399    .394  -9.999  -9.999    .241  -9.999
  1 LORING          
    36   2.650   1.520    .015    .758    .227    .401  -9.999    .158  -9.999
