  3 ABSHER          
    13   2.650   1.600    .469    .248    .283  -9.999  -9.999    .230   7.500
    36   2.650   1.600    .479    .236    .285  -9.999  -9.999    .197   8.000
    51   2.650   1.420    .302    .342    .356    .319    .368    .190   7.600
  2 AMESHA          
    71   2.650   1.350    .237    .352    .411    .429    .475    .173  -9.999
   150   2.650   1.450    .610    .265    .125  -9.999  -9.999    .081  -9.999
  3 AMESHA          
    18   2.650   1.420    .409    .399    .192  -9.999  -9.999    .129  -9.999
    74   2.650   1.420    .447    .336    .217  -9.999  -9.999    .131  -9.999
   102   2.650   1.420    .438    .341    .221  -9.999  -9.999    .122  -9.999
  3 AMESHA          
    46   2.650   1.600    .575    .148    .277  -9.999  -9.999    .142  -9.999
    61   2.650   1.600    .557    .152    .291  -9.999  -9.999    .155  -9.999
   152   2.650   1.600    .559    .164    .277  -9.999  -9.999    .160  -9.999
  1 AMESHA          
    86   2.650   1.320    .415    .510    .075  -9.999  -9.999    .091   7.600
  7 ANACONDA        
    18   2.650   1.420    .483    .351    .166  -9.999  -9.999    .125   6.000
    23   2.650   1.450    .573    .319    .108  -9.999  -9.999    .157  -9.999
    30   2.650   1.450    .720    .226    .054  -9.999  -9.999    .139  -9.999
    48   2.650   1.450    .702    .269    .029  -9.999  -9.999    .107  -9.999
    84   2.650   1.320    .371    .566    .063  -9.999  -9.999    .098  -9.999
   117   2.650   1.450    .653    .306    .041  -9.999  -9.999    .113  -9.999
   152   2.650   1.450    .579    .367    .054  -9.999  -9.999    .135  -9.999
  3 ANACONDA        
    36   2.650   1.450    .625    .183    .192  -9.999  -9.999    .133  -9.999
    69   2.650   1.600    .570    .211    .219  -9.999  -9.999    .149  -9.999
   152   2.650   1.450    .664    .214    .122  -9.999  -9.999    .112  -9.999
  5 ANTWERP         
     3   2.650   1.320    .192    .580    .228  -9.999  -9.999    .123   7.500
    15   2.650   1.400    .173    .496    .331  -9.999  -9.999    .182   8.100
    38   2.650   1.400    .099    .510    .391  -9.999  -9.999    .228   7.800
    60   2.650   1.400    .141    .475    .384  -9.999  -9.999    .216   7.700
   152   2.650   1.320    .137    .662    .201  -9.999  -9.999    .111   8.000
  4 AUCHARD         
     5   2.650   1.420    .346    .483    .171  -9.999  -9.999    .126  -9.999
    15   2.650   1.390    .222    .355    .423  -9.999  -9.999    .274   7.700
    28   2.650   1.420    .293    .333    .374  -9.999  -9.999    .246   8.000
    56   2.650   1.600    .512    .251    .237  -9.999  -9.999    .190   8.100
  2 BASCOVY         
     8   2.650   1.390    .059    .317    .624  -9.999  -9.999    .299   7.100
    36   2.650   1.390    .022    .334    .644  -9.999  -9.999    .316   7.700
  4 BEAVERTON       
    38   2.650   1.600    .615    .137    .248  -9.999  -9.999    .187  -9.999
    48   2.650   1.490    .812    .111    .077  -9.999  -9.999    .069  -9.999
    76   2.650   1.490    .909    .072    .019  -9.999  -9.999    .028  -9.999
   102   2.650   1.490    .885    .092    .023  -9.999  -9.999    .040  -9.999
  2 BELLTOWER       
    89   2.650   1.600    .532    .246    .222  -9.999  -9.999    .198  -9.999
   152   2.650   1.450    .532    .332    .136  -9.999  -9.999    .202  -9.999
  1 BELTON          
    48   2.650   1.380    .040    .470    .490  -9.999  -9.999    .222   8.800
  2 BEMISHCREEK     
    64   2.650   1.390    .233    .216    .551  -9.999  -9.999    .245  -9.999
   152   2.650   1.390    .021    .304    .675  -9.999  -9.999    .328   7.500
  3 BENZ            
    38   2.650   1.390    .173    .399    .428  -9.999  -9.999    .170   7.900
    51   2.650   1.420    .233    .430    .337  -9.999  -9.999    .148   8.000
   152   2.650   1.420    .259    .440    .301  -9.999  -9.999    .172   8.000
  2 BIGDRAW         
    89   2.650   1.450    .664    .197    .139  -9.999  -9.999    .307  -9.999
   152   2.650   1.450    .652    .243    .105  -9.999  -9.999    .280  -9.999
  4 BLOSSBERG       
    38   2.650   1.600    .550    .247    .203  -9.999  -9.999    .208   6.900
    58   2.650   1.600    .522    .246    .232  -9.999  -9.999    .152   6.400
   152   2.650   1.490    .872    .064    .064  -9.999  -9.999    .033   7.900
    71   2.650   1.450    .672    .176    .152  -9.999  -9.999    .093   6.600
  5 BOLACK          
    18   2.650   1.380    .027    .463    .510  -9.999  -9.999    .328   7.400
    61   2.650   1.380    .037    .519    .444  -9.999  -9.999    .353   7.900
    81   2.650   1.380    .012    .469    .519  -9.999  -9.999    .286   7.800
   102   2.650   1.380    .030    .473    .497  -9.999  -9.999    .366   7.500
   152   2.650   1.380    .011    .550    .439  -9.999  -9.999    .328   7.300
  5 BOWERY          
    23   2.650   1.450    .577    .275    .148  -9.999  -9.999    .181  -9.999
    43   2.650   1.450    .643    .229    .128  -9.999  -9.999    .154  -9.999
    79   2.650   1.450    .691    .207    .102  -9.999  -9.999    .138  -9.999
   117   2.650   1.450    .581    .294    .125  -9.999  -9.999    .145  -9.999
   152   2.650   1.450    .701    .224    .075  -9.999  -9.999    .128  -9.999
  4 BOXWELL         
     8   2.650   1.450    .531    .287    .182  -9.999  -9.999    .138  -9.999
    64   2.650   1.420    .234    .461    .305  -9.999  -9.999    .172  -9.999
    91   2.650   1.420    .266    .481    .253  -9.999  -9.999    .125  -9.999
   173   2.650   1.450    .629    .241    .130  -9.999  -9.999    .086  -9.999
  6 BROCKO          
    15   2.650   1.320    .330    .535    .135  -9.999  -9.999    .125   7.800
    43   2.650   1.280    .233    .600    .167    .216  -9.999    .116   8.000
    73   2.650   1.380    .171    .706    .123    .226  -9.999    .097   8.400
   104   2.650   1.350    .186    .687    .127    .209  -9.999    .089   8.300
   142   2.650   1.450    .177    .702    .121    .280  -9.999    .088   7.900
   157   2.650   1.590    .544    .295    .161    .254  -9.999    .107   7.800
  4 BROCKO          
    15   2.650   1.420    .381    .405    .214  -9.999  -9.999    .124   8.000
    28   2.650   1.450    .556    .285    .159  -9.999  -9.999    .104  -9.999
    61   2.650   1.320    .354    .516    .130  -9.999  -9.999    .082  -9.999
   132   2.650   1.320    .235    .659    .106  -9.999  -9.999    .074   8.600
  4 BROCKWAY        
    10   2.650   1.320    .124    .644    .232  -9.999  -9.999    .136   7.700
    20   2.650   1.320    .102    .651    .247  -9.999  -9.999    .147   7.900
    66   2.650   1.400    .024    .669    .307  -9.999  -9.999    .176   8.000
   102   2.650   1.320    .040    .784    .176  -9.999  -9.999    .099   8.000
  6 BRUNELDA        
     3   2.650   1.420    .219    .469    .312  -9.999  -9.999    .202   6.700
    15   2.650   1.380    .177    .413    .410  -9.999  -9.999    .233   7.300
    33   2.650   1.400    .167    .435    .398  -9.999  -9.999    .312   7.700
    50   2.650   1.380    .108    .422    .470  -9.999  -9.999    .345   7.900
   102   2.650   1.380    .103    .434    .463  -9.999  -9.999    .326   7.500
   152   2.650   1.380    .090    .431    .479  -9.999  -9.999    .366   6.800
  5 BULLHOOK        
     8   2.650   1.320    .293    .558    .149  -9.999  -9.999    .114   8.000
    20   2.650   1.420    .342    .498    .160  -9.999  -9.999    .126   8.100
    51   2.650   1.420    .372    .492    .136  -9.999  -9.999    .118   7.900
   114   2.650   1.450    .550    .347    .103  -9.999  -9.999    .075   8.200
   152   2.650   1.450    .741    .204    .055  -9.999  -9.999    .058   8.800
  1 BULLOCK         
    69   2.650   1.600    .475    .255    .270    .349  -9.999    .184   7.500
  5 BULLOCK         
    13   2.650   1.450    .658    .266    .076  -9.999  -9.999    .078  -9.999
    28   2.650   1.600    .516    .277    .207  -9.999  -9.999    .189   8.300
    41   2.650   1.420    .419    .349    .232  -9.999  -9.999    .169   8.100
    61   2.650   1.420    .439    .382    .179  -9.999  -9.999    .139   8.400
    81   2.650   1.420    .455    .359    .186  -9.999  -9.999    .148   8.200
  4 BUSBY           
    10   2.650   1.450    .696    .177    .127  -9.999  -9.999    .086  -9.999
    30   2.650   1.450    .733    .164    .103  -9.999  -9.999    .074  -9.999
    48   2.650   1.490    .785    .142    .073  -9.999  -9.999    .055  -9.999
   102   2.650   1.490    .801    .131    .068  -9.999  -9.999    .051  -9.999
  5 CAMASCREEK      
    20   2.650   1.320    .091    .679    .230  -9.999  -9.999    .331   8.900
    38   2.650   1.420    .330    .464    .206  -9.999  -9.999    .364   8.800
    58   2.650   1.380    .104    .444    .452  -9.999  -9.999    .342   8.500
   109   2.650   1.390    .120    .362    .518  -9.999  -9.999    .363   8.400
   152   2.650   1.390    .036    .203    .761  -9.999  -9.999    .448   8.200
  3 CARGILL         
    20   2.650   1.440    .151    .485    .364    .317    .390    .223  -9.999
    57   2.650   1.370    .299    .374    .327    .312    .374    .138  -9.999
   110   2.650   1.560    .282    .451    .267    .356  -9.999    .114   8.200
  7 CARGILL         
     5   2.650   1.260    .217    .574    .209    .292  -9.999    .122   7.400
    12   2.650   1.390    .202    .570    .228    .335  -9.999    .129   7.500
    22   2.650   1.270    .128    .589    .283    .297  -9.999    .123   7.900
    48   2.650   1.510    .111    .582    .307    .373  -9.999    .145   8.700
    60   2.650   1.400    .163    .557    .280    .349  -9.999    .127   8.800
    88   2.650   1.400    .022    .625    .353    .393  -9.999    .174   8.400
   152   2.650   1.380    .087    .506    .407    .392  -9.999    .207   8.300
  1 CARGILL         
   114   2.650   1.380    .087    .506    .407    .392  -9.999    .207   8.300
  2 CASTNER         
    20   2.650   1.450    .679    .167    .154  -9.999  -9.999    .119  -9.999
    41   2.650   1.450    .715    .167    .118  -9.999  -9.999    .133  -9.999
  6 CETRACK         
    15   2.650   1.420    .462    .340    .198  -9.999  -9.999    .159  -9.999
    25   2.650   1.420    .383    .359    .258  -9.999  -9.999    .187  -9.999
    41   2.650   1.320    .309    .542    .149  -9.999  -9.999    .157  -9.999
    66   2.650   1.420    .432    .478    .090  -9.999  -9.999    .128  -9.999
    76   2.650   1.490    .785    .180    .035  -9.999  -9.999    .067  -9.999
   152   2.650   1.490    .931    .054    .015  -9.999  -9.999    .031  -9.999
 10 CHERRY          
    14   2.650   1.400    .072    .642    .286  -9.999  -9.999    .137   7.700
    19   2.650   1.420    .077    .604    .319    .304  -9.999    .149   7.700
    32   2.650   1.360    .103    .568    .329    .291  -9.999    .155   7.600
    62   2.650   1.400    .246    .521    .233    .241  -9.999    .113   7.900
    80   2.650   1.390    .087    .592    .321    .334  -9.999    .150   8.200
   102   2.650   1.360    .099    .591    .310    .276  -9.999    .148   8.500
   144   2.650   1.440    .110    .607    .283    .272  -9.999    .130   8.700
   180   2.650   1.480    .181    .577    .242    .389  -9.999    .151   8.700
   256   2.650   1.320    .211    .567    .222  -9.999  -9.999    .098   8.400
   300   2.650   1.320    .195    .564    .241  -9.999  -9.999    .102   8.100
  2 CHERRY          
    34   2.650   1.340    .150    .559    .291    .352  -9.999    .138   7.900
    50   2.650   1.410    .143    .539    .318    .323  -9.999    .155   8.000
  2 CHERRY          
    40   2.650   1.420    .097    .552    .351    .344  -9.999    .160   7.800
    60   2.650   1.440    .121    .543    .336    .301  -9.999    .153   7.900
  3 CHERRY          
    20   2.650   1.480    .091    .609    .300    .336  -9.999    .160   7.800
    34   2.650   1.410    .168    .507    .325    .317  -9.999    .157   7.600
    56   2.650   1.560    .102    .591    .307    .346  -9.999    .176   7.600
  1 CHINOOK         
   200   2.650   1.400    .559    .262    .179    .238  -9.999    .127   8.800
  9 CHINOOK         
    10   2.650   1.450    .764    .147    .089  -9.999  -9.999    .075   8.000
    25   2.650   1.650    .783    .136    .081    .147  -9.999    .086   7.900
    38   2.650   1.690    .826    .110    .064    .106  -9.999    .079  -9.999
    48   2.650   1.650    .700    .210    .090    .193  -9.999    .119  -9.999
    76   2.650   1.550    .773    .181    .046    .115  -9.999    .076  -9.999
    84   2.650   1.490    .765    .184    .051  -9.999  -9.999    .069  -9.999
    92   2.650   1.450    .735    .210    .055  -9.999  -9.999    .075  -9.999
    99   2.650   1.490    .789    .156    .055  -9.999  -9.999    .073  -9.999
   152   2.650   1.580    .844    .115    .041    .082  -9.999    .065  -9.999
  4 COOERS          
    38   2.650   1.420    .406    .460    .134  -9.999  -9.999    .132  -9.999
    48   2.650   1.320    .409    .501    .090  -9.999  -9.999    .106  -9.999
    97   2.650   1.420    .511    .396    .093  -9.999  -9.999    .102  -9.999
   152   2.650   1.450    .582    .355    .063  -9.999  -9.999    .107  -9.999
  2 CREED           
    24   2.650   1.390    .164    .338    .498  -9.999  -9.999    .235   8.200
    33   2.650   1.390    .156    .390    .454  -9.999  -9.999    .245   7.800
  7 CREED           
    13   2.650   1.420    .212    .436    .352  -9.999  -9.999    .190  -9.999
    33   2.650   1.380    .151    .418    .431  -9.999  -9.999    .241  -9.999
    43   2.650   1.380    .107    .471    .422  -9.999  -9.999    .235   7.800
    58   2.650   1.400    .197    .411    .392  -9.999  -9.999    .231   8.100
    79   2.650   1.420    .337    .340    .323  -9.999  -9.999    .206   8.200
   122   2.650   1.450    .629    .179    .192  -9.999  -9.999    .144   8.200
   152   2.650   1.420    .326    .406    .268  -9.999  -9.999    .170   8.100
  6 DAGLUM          
    15   2.650   1.420    .250    .403    .347  -9.999  -9.999    .185  -9.999
    30   2.650   1.420    .237    .461    .302  -9.999  -9.999    .168  -9.999
    36   2.650   1.420    .244    .487    .269  -9.999  -9.999    .132  -9.999
    64   2.650   1.390    .159    .373    .468  -9.999  -9.999    .272  -9.999
    74   2.650   1.380    .160    .408    .432  -9.999  -9.999    .241   7.600
   152   2.650   1.380    .152    .428    .420  -9.999  -9.999    .229   8.000
  4 DANVERS         
    41   2.650   1.420    .277    .338    .385  -9.999  -9.999    .248  -9.999
    53   2.650   1.420    .284    .319    .397  -9.999  -9.999    .241  -9.999
    97   2.650   1.390    .225    .294    .481  -9.999  -9.999    .110  -9.999
   152   2.650   1.390    .281    .301    .418  -9.999  -9.999    .217  -9.999
  6 DAVIDELL        
     5   2.650   1.320    .284    .586    .130  -9.999  -9.999    .070  -9.999
    10   2.650   1.320    .273    .511    .216  -9.999  -9.999    .099  -9.999
    30   2.650   1.390    .173    .379    .448  -9.999  -9.999    .196  -9.999
    64   2.650   1.420    .299    .375    .326  -9.999  -9.999    .159   8.100
    96   2.650   1.420    .298    .410    .292  -9.999  -9.999    .160   8.500
   152   2.650   1.420    .256    .446    .298  -9.999  -9.999    .149   8.000
  3 DEGRAND         
    10   2.650   1.420    .378    .494    .128  -9.999  -9.999    .102  -9.999
    81   2.650   1.320    .237    .573    .190  -9.999  -9.999    .099  -9.999
   152   2.650   1.490    .905    .066    .029  -9.999  -9.999    .031  -9.999
  5 DONEY           
    10   2.650   1.420    .279    .471    .250  -9.999  -9.999    .230  -9.999
    28   2.650   1.420    .294    .463    .243  -9.999  -9.999    .128  -9.999
    81   2.650   1.320    .231    .564    .205  -9.999  -9.999    .108  -9.999
    99   2.650   1.320    .301    .515    .184  -9.999  -9.999    .084  -9.999
   142   2.650   1.320    .118    .682    .200  -9.999  -9.999    .102  -9.999
  5 DRYFORK         
    15   2.650   1.320    .248    .660    .092  -9.999  -9.999    .057  -9.999
    41   2.650   1.320    .271    .645    .084  -9.999  -9.999    .045  -9.999
    58   2.650   1.320    .079    .782    .139  -9.999  -9.999    .070   8.500
    79   2.650   1.320    .043    .775    .182  -9.999  -9.999    .079   8.200
   152   2.650   1.320    .004    .891    .105  -9.999  -9.999    .055  -9.999
  3 ELKROCK         
    33   2.650   1.320    .278    .588    .134  -9.999  -9.999    .121  -9.999
   152   2.650   1.420    .393    .491    .116  -9.999  -9.999    .068  -9.999
   152   2.650   1.450    .592    .349    .059  -9.999  -9.999    .126  -9.999
  3 ELLOAM          
    13   2.650   1.390    .134    .344    .522  -9.999  -9.999    .288   7.600
    23   2.650   1.390    .143    .391    .466  -9.999  -9.999    .247   8.100
    38   2.650   1.380    .162    .422    .416  -9.999  -9.999    .203   8.300
  2 ELLOAM          
    25   2.650   1.420    .499    .347    .154  -9.999  -9.999    .229   7.400
    41   2.650   1.420    .434    .263    .303  -9.999  -9.999    .158   7.900
  6 ELLOAM          
     8   2.650   1.450    .552    .298    .150  -9.999  -9.999    .115   6.300
    30   2.650   1.420    .348    .290    .362    .307  -9.999    .185   7.200
    61   2.650   1.700    .409    .312    .279    .337  -9.999    .170   8.100
   114   2.650   1.420    .329    .341    .330    .240  -9.999    .156   8.100
   150   2.650   1.420    .415    .313    .272    .246  -9.999    .125   7.800
   190   2.650   1.420    .429    .314    .257    .270  -9.999    .128   7.700
  6 ESTESLAKE       
     8   2.650   1.320    .094    .688    .218  -9.999  -9.999    .137   8.100
    18   2.650   1.400    .032    .596    .372  -9.999  -9.999    .195   8.700
    30   2.650   1.380    .007    .562    .431  -9.999  -9.999    .184   9.800
    48   2.650   1.380    .003    .567    .430  -9.999  -9.999    .168   9.900
   104   2.650   1.400    .000    .656    .344  -9.999  -9.999    .144   9.500
   132   2.650   1.400    .000    .705    .295  -9.999  -9.999    .126   9.000
  3 EVANSTON        
    64   2.650   1.420    .320    .311    .369  -9.999  -9.999    .183  -9.999
    74   2.650   1.420    .289    .406    .305  -9.999  -9.999    .177  -9.999
   107   2.650   1.420    .368    .454    .178  -9.999  -9.999    .159  -9.999
  1 EVANSTON        
    10   2.650   1.450    .635    .211    .154  -9.999  -9.999    .093  -9.999
  4 EVANSTON        
     8   2.650   1.420    .414    .384    .202  -9.999  -9.999    .128  -9.999
    30   2.650   1.420    .415    .301    .284  -9.999  -9.999    .160   7.500
    38   2.650   1.420    .431    .285    .284  -9.999  -9.999    .173  -9.999
    48   2.650   1.420    .460    .316    .224  -9.999  -9.999    .132   8.100
  2 FARLAND         
   152   2.650   1.320    .191    .617    .192  -9.999  -9.999    .120  -9.999
    97   2.650   1.400    .151    .498    .351  -9.999  -9.999    .223  -9.999
  3 FERD            
    13   2.650   1.420    .268    .446    .286  -9.999  -9.999    .149  -9.999
    23   2.650   1.390    .193    .388    .419  -9.999  -9.999    .185  -9.999
    58   2.650   1.390    .121    .332    .547  -9.999  -9.999    .250  -9.999
  5 FERD            
    13   2.650   1.420    .340    .398    .262  -9.999  -9.999    .153  -9.999
    23   2.650   1.420    .324    .358    .318  -9.999  -9.999    .168  -9.999
    41   2.650   1.420    .304    .304    .392  -9.999  -9.999    .219  -9.999
    56   2.650   1.420    .386    .304    .310  -9.999  -9.999    .163  -9.999
   127   2.650   1.420    .352    .370    .278  -9.999  -9.999    .133  -9.999
  5 FERD            
    13   2.650   1.420    .277    .458    .265  -9.999  -9.999    .128  -9.999
    15   2.650   1.420    .307    .458    .235  -9.999  -9.999    .112  -9.999
    25   2.650   1.390    .218    .285    .497  -9.999  -9.999    .297   7.400
    30   2.650   1.390    .244    .354    .402  -9.999  -9.999    .236   7.900
    41   2.650   1.420    .249    .425    .326  -9.999  -9.999    .182   8.000
  3 FERD            
    15   2.650   1.380    .105    .466    .429  -9.999  -9.999    .232   7.600
    20   2.650   1.380    .097    .450    .453  -9.999  -9.999    .253   7.700
    76   2.650   1.380    .027    .542    .431  -9.999  -9.999    .224   8.000
  3 FERD            
    33   2.650   1.380    .081    .456    .463  -9.999  -9.999    .250   7.600
    43   2.650   1.380    .072    .454    .474  -9.999  -9.999    .269   7.800
    84   2.650   1.380    .053    .512    .435  -9.999  -9.999    .228   8.300
  3 FERD            
    30   2.650   1.390    .180    .340    .480  -9.999  -9.999    .268   7.400
    41   2.650   1.390    .197    .391    .412  -9.999  -9.999    .220   8.000
    76   2.650   1.380    .173    .400    .427  -9.999  -9.999    .232   8.100
  9 GERBER          
    13   2.650   1.390    .160    .373    .467  -9.999  -9.999    .224  -9.999
    28   2.650   1.390    .141    .326    .533    .353  -9.999    .263   7.100
    53   2.650   1.640    .230    .389    .381    .359  -9.999    .210   7.800
    84   2.650   1.390    .058    .398    .544    .371  -9.999    .252   8.000
   114   2.650   1.480    .086    .480    .434    .395  -9.999    .266   7.800
   145   2.650   1.380    .082    .442    .476    .364  -9.999    .293   7.800
   175   2.650   1.380    .079    .519    .402    .403  -9.999    .240   7.700
   206   2.650   1.660    .364    .370    .266    .310  -9.999    .174   7.600
   236   2.650   1.660    .288    .422    .290    .344  -9.999    .229   7.600
  3 GERDRUM         
    33   2.650   1.380    .054    .480    .466  -9.999  -9.999    .247   7.000
    46   2.650   1.400    .029    .609    .362  -9.999  -9.999    .213   8.100
   102   2.650   1.400    .010    .677    .313  -9.999  -9.999    .186   8.400
  6 GERDRUM         
    13   2.650   1.420    .215    .481    .304  -9.999  -9.999    .179   7.800
    33   2.650   1.380    .133    .451    .416  -9.999  -9.999    .255   8.300
    48   2.650   1.380    .089    .425    .486  -9.999  -9.999    .264   7.800
    64   2.650   1.400    .065    .593    .342  -9.999  -9.999    .216   7.800
    86   2.650   1.420    .271    .428    .301  -9.999  -9.999    .200   7.600
   152   2.650   1.320    .037    .705    .258  -9.999  -9.999    .148   7.600
  2 GERRARD         
    28   2.650   1.450    .618    .220    .162  -9.999  -9.999    .160  -9.999
   152   2.650   1.490    .916    .076    .008  -9.999  -9.999    .024  -9.999
  1 GRANTSDALE      
    15   2.650   1.420    .459    .415    .126  -9.999  -9.999    .116   6.700
  4 GRASSVALLEY     
    18   2.650   1.380    .009    .491    .500  -9.999  -9.999    .244   6.500
    38   2.650   1.380    .001    .405    .594  -9.999  -9.999    .261  -9.999
    76   2.650   1.380    .004    .532    .464  -9.999  -9.999    .219   7.500
   152   2.650   1.380    .001    .587    .412  -9.999  -9.999    .197   7.700
  5 HINGHAM         
    15   2.650   1.450    .565    .331    .104  -9.999  -9.999    .074  -9.999
    36   2.650   1.420    .429    .452    .119  -9.999  -9.999    .089  -9.999
    56   2.650   1.320    .131    .743    .126  -9.999  -9.999    .087  -9.999
    89   2.650   1.320    .230    .663    .107  -9.999  -9.999    .074  -9.999
   152   2.650   1.320    .315    .622    .063  -9.999  -9.999    .046  -9.999
  6 HOGHEAVEN       
     5   2.650   1.400    .059    .593    .348  -9.999  -9.999    .363   7.500
    20   2.650   1.400    .040    .656    .304  -9.999  -9.999    .356   8.100
    38   2.650   1.320    .059    .681    .260  -9.999  -9.999    .280   8.000
    53   2.650   1.320    .052    .815    .133  -9.999  -9.999    .148   8.100
   107   2.650   1.320    .309    .677    .014  -9.999  -9.999    .048   8.600
   152   2.650   1.320    .073    .902    .025  -9.999  -9.999    .048  -9.999
  5 HORSEPLAINS     
    10   2.650   1.490    .830    .139    .031  -9.999  -9.999    .067  -9.999
    25   2.650   1.490    .815    .168    .017  -9.999  -9.999    .045  -9.999
    89   2.650   1.490    .892    .104    .004  -9.999  -9.999    .033  -9.999
    99   2.650   1.450    .560    .385    .055  -9.999  -9.999    .067  -9.999
   152   2.650   1.490    .834    .149    .017  -9.999  -9.999    .039  -9.999
  4 IRVINE          
     5   2.650   1.380    .023    .469    .508  -9.999  -9.999    .178   7.200
    20   2.650   1.380    .019    .450    .531  -9.999  -9.999    .181   7.200
    36   2.650   1.380    .013    .548    .439  -9.999  -9.999    .135   7.800
   152   2.650   1.380    .012    .464    .524  -9.999  -9.999    .185   7.600
  3 IRVINE          
    15   2.650   1.380    .011    .459    .530  -9.999  -9.999    .247   7.500
    36   2.650   1.380    .006    .521    .473  -9.999  -9.999    .217   7.400
   152   2.650   1.380    .003    .428    .569  -9.999  -9.999    .257   7.800
  6 ISMAY           
    20   2.650   1.400    .066    .534    .400  -9.999  -9.999    .207   7.700
    43   2.650   1.400    .021    .601    .378  -9.999  -9.999    .200   8.300
    64   2.650   1.320    .261    .522    .217  -9.999  -9.999    .114   8.100
   127   2.650   1.420    .375    .437    .188  -9.999  -9.999    .109   7.900
   152   2.650   1.420    .429    .392    .179  -9.999  -9.999    .106   8.300
   100   2.650   1.420    .375    .454    .171  -9.999  -9.999    .094   7.900
  5 IVANELL         
     8   2.650   1.420    .449    .374    .177  -9.999  -9.999    .102  -9.999
    17   2.650   1.390    .271    .306    .423  -9.999  -9.999    .196   7.300
    28   2.650   1.420    .304    .364    .332  -9.999  -9.999    .149   7.500
    56   2.650   1.420    .300    .383    .317  -9.999  -9.999    .138   7.600
    94   2.650   1.420    .316    .391    .293  -9.999  -9.999    .172   8.300
  1 JOPLIN          
    23   2.650   1.420    .406    .359    .235    .285  -9.999    .151  -9.999
  3 JUDITH          
    12   2.650   1.420    .402    .306    .292  -9.999  -9.999    .183  -9.999
    23   2.650   1.320    .196    .403    .401    .418    .463    .240  -9.999
    35   2.650   1.400    .199    .351    .450    .386    .421    .244  -9.999
  7 KENILWORTH      
    15   2.650   1.490    .830    .097    .073  -9.999  -9.999    .052  -9.999
    23   2.650   1.450    .641    .195    .164  -9.999  -9.999    .103  -9.999
    30   2.650   1.450    .567    .256    .177  -9.999  -9.999    .103  -9.999
    51   2.650   1.420    .410    .384    .206  -9.999  -9.999    .121  -9.999
    61   2.650   1.420    .389    .352    .259  -9.999  -9.999    .125  -9.999
   104   2.650   1.420    .308    .421    .271  -9.999  -9.999    .128  -9.999
   130   2.650   1.420    .483    .342    .175  -9.999  -9.999    .108   8.500
  1 KENILWORTH      
    15   2.650   1.450    .621    .267    .112  -9.999  -9.999    .078  -9.999
  5 KERRDAM         
    13   2.650   1.320    .334    .532    .134  -9.999  -9.999    .084  -9.999
    18   2.650   1.320    .195    .553    .252  -9.999  -9.999    .152   7.300
    30   2.650   1.320    .193    .560    .247  -9.999  -9.999    .120  -9.999
    41   2.650   1.450    .543    .426    .031  -9.999  -9.999    .028  -9.999
    86   2.650   1.320    .424    .549    .027  -9.999  -9.999    .021   9.200
  4 KEVIN           
    13   2.650   1.420    .336    .311    .353  -9.999  -9.999    .168   7.300
    23   2.650   1.390    .331    .265    .404  -9.999  -9.999    .188  -9.999
    61   2.650   1.420    .397    .385    .218  -9.999  -9.999    .111   7.900
   102   2.650   1.420    .497    .384    .119  -9.999  -9.999    .172   6.600
  4 KOBAR           
    15   2.650   1.400    .077    .527    .396  -9.999  -9.999    .199  -9.999
    36   2.650   1.380    .037    .536    .427  -9.999  -9.999    .196   7.800
    53   2.650   1.400    .132    .507    .361  -9.999  -9.999    .158   7.900
   152   2.650   1.400    .065    .566    .369  -9.999  -9.999    .189   8.200
  6 KOBAR           
     3   2.650   1.390    .174    .354    .472  -9.999  -9.999    .206  -9.999
    15   2.650   1.390    .175    .363    .462  -9.999  -9.999    .215  -9.999
    46   2.650   1.390    .154    .352    .494  -9.999  -9.999    .240  -9.999
    61   2.650   1.420    .249    .407    .344  -9.999  -9.999    .180  -9.999
    91   2.650   1.420    .270    .410    .320  -9.999  -9.999    .175  -9.999
   152   2.650   1.420    .283    .410    .307  -9.999  -9.999    .169  -9.999
  4 KOBAR           
    10   2.650   1.390    .191    .360    .449  -9.999  -9.999    .218  -9.999
    35   2.650   1.420    .307    .320    .373  -9.999  -9.999    .192  -9.999
    71   2.650   1.420    .220    .382    .398  -9.999  -9.999    .212  -9.999
   152   2.650   1.420    .311    .332    .357  -9.999  -9.999    .196  -9.999
  2 KRAUSE          
    79   2.650   1.490    .788    .172    .040  -9.999  -9.999    .043  -9.999
   152   2.650   1.490    .813    .153    .034  -9.999  -9.999    .045  -9.999
  1 LAMEDEER        
   152   2.650   1.490    .841    .121    .038  -9.999  -9.999    .106  -9.999
  4 LAP             
    10   2.650   1.320    .102    .661    .237  -9.999  -9.999    .244  -9.999
    23   2.650   1.320    .108    .675    .217  -9.999  -9.999    .252  -9.999
    36   2.650   1.320    .204    .665    .131  -9.999  -9.999    .201  -9.999
    46   2.650   1.420    .379    .485    .136  -9.999  -9.999    .142  -9.999
  2 LIHEN           
   102   2.650   1.490    .825    .071    .104  -9.999  -9.999    .066  -9.999
   152   2.650   1.490    .878    .057    .065  -9.999  -9.999    .049  -9.999
  2 LONESOME        
    30   2.650   1.490    .904    .055    .041  -9.999  -9.999    .037  -9.999
    81   2.650   1.490    .853    .069    .078  -9.999  -9.999    .055  -9.999
  4 LONESOME        
    18   2.650   1.490    .831    .112    .057  -9.999  -9.999    .054  -9.999
    53   2.650   1.490    .870    .062    .068  -9.999  -9.999    .060  -9.999
   104   2.650   1.490    .871    .064    .065  -9.999  -9.999    .060  -9.999
   152   2.650   1.450    .553    .316    .131  -9.999  -9.999    .100   7.300
  2 LONESOME        
    53   2.650   1.420    .488    .367    .145  -9.999  -9.999    .080  -9.999
    64   2.650   1.420    .512    .344    .144  -9.999  -9.999    .077   8.300
  5 LONNA           
    15   2.650   1.400    .044    .570    .386  -9.999  -9.999    .207  -9.999
    28   2.650   1.400    .035    .625    .340  -9.999  -9.999    .188  -9.999
    56   2.650   1.400    .024    .683    .293  -9.999  -9.999    .151   8.100
    86   2.650   1.400    .082    .618    .300  -9.999  -9.999    .147   8.000
   152   2.650   1.400    .103    .623    .274  -9.999  -9.999    .154   8.100
  9 LONNA           
     5   2.650   1.320    .188    .600    .212    .405  -9.999    .149   7.000
    15   2.650   1.300    .182    .587    .231    .390  -9.999    .127   7.400
    30   2.650   1.230    .151    .579    .270    .369  -9.999    .123   7.800
    45   2.650   1.450    .088    .632    .280    .349  -9.999    .128   7.900
    68   2.650   1.400    .094    .594    .312    .372  -9.999    .139   8.600
    99   2.650   1.520    .168    .595    .237    .404  -9.999    .128   8.600
   124   2.650   1.520    .236    .522    .242    .377  -9.999    .125   8.400
   160   2.650   1.490    .170    .573    .257    .381  -9.999    .133   8.200
   200   2.650   1.730    .590    .279    .131    .311  -9.999    .099   8.000
  4 LOSTRIVER       
     8   2.650   1.380    .041    .493    .466  -9.999  -9.999    .275   7.700
    23   2.650   1.380    .026    .485    .489  -9.999  -9.999    .286   8.300
    56   2.650   1.400    .077    .560    .363  -9.999  -9.999    .206   7.700
   152   2.650   1.380    .008    .437    .555  -9.999  -9.999    .326   7.900
  2 LOUSCOT         
    35   2.650   1.320    .053    .735    .212  -9.999  -9.999    .100   3.900
    86   2.650   1.320    .037    .714    .249  -9.999  -9.999    .129   4.100
  5 MARIAS          
    13   2.650   1.380    .039    .405    .556  -9.999  -9.999    .284  -9.999
    23   2.650   1.380    .036    .404    .560  -9.999  -9.999    .290  -9.999
    56   2.650   1.380    .034    .409    .557  -9.999  -9.999    .286   8.000
    84   2.650   1.380    .026    .425    .549  -9.999  -9.999    .273   8.100
   152   2.650   1.380    .024    .407    .569  -9.999  -9.999    .270   7.800
  4 MARIAS          
    15   2.650   1.390    .102    .294    .604  -9.999  -9.999    .316  -9.999
    53   2.650   1.390    .100    .259    .641  -9.999  -9.999    .306  -9.999
    89   2.650   1.390    .099    .253    .648  -9.999  -9.999    .310  -9.999
   152   2.650   1.390    .144    .359    .497  -9.999  -9.999    .228  -9.999
  1 MARTINSDALE     
   152   2.650   1.450    .687    .217    .096  -9.999  -9.999    .077  -9.999
 10 MARTINSDALE     
    13   2.650   1.320    .323    .505    .172  -9.999  -9.999    .125   7.700
    18   2.650   1.630    .327    .488    .185    .347  -9.999    .163   7.700
    30   2.650   1.590    .292    .508    .200    .343  -9.999    .164   7.700
    40   2.650   1.590    .300    .492    .208    .326  -9.999    .176   7.800
    53   2.650   1.620    .351    .434    .215    .360  -9.999    .165   8.000
    78   2.650   1.630    .482    .311    .207    .333  -9.999    .156  -9.999
    96   2.650   1.570    .531    .285    .184    .265  -9.999    .152  -9.999
   117   2.650   1.530    .539    .293    .168    .272  -9.999    .142  -9.999
   140   2.650   1.540    .547    .318    .135    .331  -9.999    .148  -9.999
   152   2.650   1.450    .573    .324    .103  -9.999  -9.999    .133  -9.999
  4 MARVAN          
    18   2.650   1.390    .111    .333    .556  -9.999  -9.999    .239  -9.999
    33   2.650   1.390    .103    .318    .579  -9.999  -9.999    .240  -9.999
    66   2.650   1.390    .106    .326    .568  -9.999  -9.999    .240   7.800
   102   2.650   1.390    .133    .355    .512  -9.999  -9.999    .238   8.500
  3 MARVAN          
    15   2.650   1.380    .064    .439    .497  -9.999  -9.999    .254   8.000
    51   2.650   1.380    .085    .480    .435  -9.999  -9.999    .235   7.800
   107   2.650   1.380    .015    .509    .476  -9.999  -9.999    .239   7.900
  4 MARVAN          
    10   2.650   1.380    .104    .436    .460  -9.999  -9.999    .251   7.700
    38   2.650   1.380    .082    .410    .508  -9.999  -9.999    .261   8.000
    61   2.650   1.380    .067    .404    .529  -9.999  -9.999    .264   8.200
   152   2.650   1.380    .102    .407    .491  -9.999  -9.999    .253   8.000
  2 MARVAN          
    41   2.650   1.450    .605    .318    .077  -9.999  -9.999    .318   8.000
    76   2.650   1.450    .611    .313    .076  -9.999  -9.999    .305   7.700
  5 MARVAN          
     8   2.650   1.380    .072    .504    .424  -9.999  -9.999    .253   8.200
    30   2.650   1.380    .054    .456    .490  -9.999  -9.999    .309   8.400
    69   2.650   1.380    .019    .481    .500  -9.999  -9.999    .297   8.200
   112   2.650   1.380    .008    .439    .553  -9.999  -9.999    .308   8.300
   152   2.650   1.390    .009    .380    .611  -9.999  -9.999    .331   8.200
  3 MASCHETAH       
    15   2.650   1.420    .252    .488    .260  -9.999  -9.999    .197  -9.999
    33   2.650   1.400    .154    .561    .285  -9.999  -9.999    .186  -9.999
   152   2.650   1.400    .116    .518    .366  -9.999  -9.999    .178  -9.999
  3 MASCHETAH       
    13   2.650   1.320    .128    .657    .215  -9.999  -9.999    .153  -9.999
    46   2.650   1.320    .132    .624    .244  -9.999  -9.999    .128  -9.999
   152   2.650   1.320    .164    .569    .267  -9.999  -9.999    .149  -9.999
  1 MEADOWPASS      
    76   2.650   1.450    .682    .183    .135  -9.999  -9.999    .132  -9.999
  6 MILL POCKET     
    18   2.650   1.400    .044    .683    .273  -9.999  -9.999    .140  -9.999
    28   2.650   1.400    .030    .661    .309  -9.999  -9.999    .165  -9.999
    51   2.650   1.380    .007    .511    .482  -9.999  -9.999    .224  -9.999
    71   2.650   1.380    .007    .579    .414  -9.999  -9.999    .195  -9.999
    99   2.650   1.380    .016    .549    .435  -9.999  -9.999    .200  -9.999
   152   2.650   1.380    .001    .578    .421  -9.999  -9.999    .186  -9.999
  2 MUSSELSHELL     
    23   2.650   1.170    .329    .369    .302    .349  -9.999    .212  -9.999
    49   2.650   1.300    .342    .337    .321    .408    .461    .174  -9.999
  2 NELDORE         
     5   2.650   1.390    .020    .343    .637  -9.999  -9.999    .291  -9.999
    30   2.650   1.390    .033    .376    .591  -9.999  -9.999    .286  -9.999
  2 NELDORE         
     8   2.650   1.380    .046    .473    .481  -9.999  -9.999    .276  -9.999
    33   2.650   1.380    .069    .453    .478  -9.999  -9.999    .254  -9.999
  2 NILER           
     7   2.650   1.400    .179    .507    .314  -9.999  -9.999    .136   7.300
    32   2.650   1.400    .119    .531    .350  -9.999  -9.999    .188   7.300
  4 OBRIEN          
    20   2.650   1.420    .462    .330    .208  -9.999  -9.999    .214  -9.999
    74   2.650   1.420    .477    .341    .182  -9.999  -9.999    .165   7.400
   109   2.650   1.420    .435    .350    .215  -9.999  -9.999    .183   7.500
   152   2.650   1.420    .434    .364    .202  -9.999  -9.999    .158   7.600
  4 ORINOCO         
    10   2.650   1.380    .097    .415    .488  -9.999  -9.999    .246   7.800
    19   2.650   1.380    .085    .458    .457  -9.999  -9.999    .200   7.400
    42   2.650   1.380    .093    .473    .434  -9.999  -9.999    .204   7.400
    80   2.650   1.380    .095    .431    .474  -9.999  -9.999    .208   5.200
  4 ORINOCO         
    15   2.650   1.390    .234    .275    .491  -9.999  -9.999    .268   7.600
    23   2.650   1.390    .155    .330    .515  -9.999  -9.999    .288   7.700
    64   2.650   1.400    .188    .431    .381  -9.999  -9.999    .286   7.700
    76   2.650   1.390    .064    .387    .549  -9.999  -9.999    .359   7.600
  1 PASHUA          
    94   2.650   1.320    .217    .547    .236  -9.999  -9.999    .143  -9.999
  6 PENDROY         
    15   2.650   1.390    .059    .250    .691  -9.999  -9.999    .345  -9.999
    41   2.650   1.390    .054    .248    .698  -9.999  -9.999    .356  -9.999
    71   2.650   1.390    .037    .223    .740  -9.999  -9.999    .343  -9.999
    97   2.650   1.390    .020    .211    .769  -9.999  -9.999    .360   7.700
   127   2.650   1.390    .012    .268    .720  -9.999  -9.999    .346   7.600
   152   2.650   1.390    .009    .150    .841  -9.999  -9.999    .420   7.600
  5 PHILLIPS        
    18   2.650   1.420    .349    .402    .249  -9.999  -9.999    .121   6.900
    25   2.650   1.390    .246    .277    .477  -9.999  -9.999    .245   7.200
    41   2.650   1.390    .220    .357    .423  -9.999  -9.999    .192  -9.999
    76   2.650   1.420    .228    .381    .391  -9.999  -9.999    .175  -9.999
   127   2.650   1.420    .261    .423    .316  -9.999  -9.999    .160  -9.999
  4 PHILLIPS        
    15   2.650   1.420    .219    .411    .370  -9.999  -9.999    .207   7.300
    25   2.650   1.390    .169    .297    .534  -9.999  -9.999    .277   7.700
    33   2.650   1.420    .250    .377    .373  -9.999  -9.999    .214   7.500
    76   2.650   1.420    .283    .341    .376  -9.999  -9.999    .195   7.600
  3 PHILLIPS        
    20   2.650   1.420    .224    .445    .331  -9.999  -9.999    .182  -9.999
    30   2.650   1.390    .191    .378    .431  -9.999  -9.999    .215   7.700
    91   2.650   1.420    .239    .397    .364  -9.999  -9.999    .177   7.900
  4 PHILLIPS        
    15   2.650   1.420    .267    .467    .266  -9.999  -9.999    .141  -9.999
    28   2.650   1.420    .231    .393    .376  -9.999  -9.999    .226   7.000
    38   2.650   1.400    .175    .455    .370  -9.999  -9.999    .196   7.700
    86   2.650   1.380    .144    .445    .411  -9.999  -9.999    .200   8.200
  3 PHILLIPS        
    25   2.650   1.400    .145    .470    .385  -9.999  -9.999    .203  -9.999
    36   2.650   1.400    .153    .497    .350  -9.999  -9.999    .183  -9.999
    51   2.650   1.380    .163    .412    .425  -9.999  -9.999    .186   7.900
  5 PHILLIPS        
     8   2.650   1.420    .312    .379    .309  -9.999  -9.999    .151   6.600
    28   2.650   1.390    .137    .328    .535  -9.999  -9.999    .225   7.300
    56   2.650   1.420    .227    .390    .383  -9.999  -9.999    .182   7.900
    76   2.650   1.420    .237    .409    .354  -9.999  -9.999    .159   7.800
   152   2.650   1.420    .250    .455    .295  -9.999  -9.999    .135   8.100
  8 PHILLIPS        
     5   2.650   1.420    .502    .329    .169  -9.999  -9.999    .124   6.200
    13   2.650   1.420    .489    .311    .200  -9.999  -9.999    .104  -9.999
    28   2.650   1.390    .302    .265    .433    .381  -9.999    .232   6.800
    38   2.650   1.390    .287    .298    .415    .385  -9.999    .208   7.400
    63   2.650   1.420    .290    .337    .373    .321  -9.999    .187   7.900
    91   2.650   1.420    .313    .347    .340    .331  -9.999    .186   7.900
   142   2.650   1.420    .342    .328    .330    .365  -9.999    .148   7.800
   190   2.650   1.420    .368    .326    .306    .294  -9.999    .153   7.800
  8 PHILLIPS        
     5   2.650   1.450    .538    .294    .168  -9.999  -9.999    .149   6.600
    18   2.650   1.710    .560    .283    .157    .192  -9.999    .103  -9.999
    38   2.650   1.420    .355    .281    .364    .341  -9.999    .189   7.100
    56   2.650   1.770    .379    .323    .298    .331  -9.999    .200   7.600
    81   2.650   1.880    .380    .315    .305    .290  -9.999    .203   7.900
   130   2.650   1.730    .408    .305    .287    .306  -9.999    .166   7.600
   155   2.650   1.900    .630    .192    .178    .257  -9.999    .118   7.600
   190   2.650   1.590    .533    .319    .148    .232  -9.999    .079   8.000
  2 POLSON          
    46   2.650   1.320    .027    .737    .236  -9.999  -9.999    .115   8.500
    94   2.650   1.400    .025    .702    .273  -9.999  -9.999    .113   8.700
  3 POST            
    74   2.650   1.390    .047    .258    .695  -9.999  -9.999    .288   8.700
   107   2.650   1.380    .110    .478    .412  -9.999  -9.999    .240   9.200
   152   2.650   1.400    .151    .509    .340  -9.999  -9.999    .157   8.800
  3 POST            
    41   2.650   1.390    .026    .229    .745  -9.999  -9.999    .271   7.700
    53   2.650   1.390    .028    .204    .768  -9.999  -9.999    .289   7.800
    97   2.650   1.390    .059    .219    .722  -9.999  -9.999    .300   8.100
  7 POZEGA          
     5   2.650   1.380    .124    .425    .451  -9.999  -9.999    .240   8.100
    12   2.650   1.420    .344    .396    .260  -9.999  -9.999    .203   7.800
    27   2.650   1.450    .613    .261    .126  -9.999  -9.999    .190   7.900
    55   2.650   1.450    .552    .373    .075  -9.999  -9.999    .168   7.900
    73   2.650   1.380    .104    .483    .413  -9.999  -9.999    .388   7.600
   137   2.650   1.400    .172    .434    .394  -9.999  -9.999    .328   7.500
   152   2.650   1.450    .562    .338    .100  -9.999  -9.999    .077   7.600
  5 QUIGLEY         
    25   2.650   1.420    .341    .409    .250  -9.999  -9.999    .163  -9.999
    33   2.650   1.420    .331    .351    .318  -9.999  -9.999    .217  -9.999
    58   2.650   1.420    .356    .305    .339  -9.999  -9.999    .220  -9.999
   114   2.650   1.420    .485    .343    .172  -9.999  -9.999    .230  -9.999
   152   2.650   1.450    .573    .285    .142  -9.999  -9.999    .174  -9.999
  7 RAHWORTH        
     5   2.650   1.420    .411    .403    .186  -9.999  -9.999    .097  -9.999
     9   2.650   1.420    .327    .417    .256  -9.999  -9.999    .129   7.500
    28   2.650   1.420    .255    .429    .316  -9.999  -9.999    .142   7.600
    58   2.650   1.400    .178    .475    .347  -9.999  -9.999    .151   8.000
    90   2.650   1.400    .154    .492    .354  -9.999  -9.999    .204   8.000
   110   2.650   1.400    .150    .504    .346  -9.999  -9.999    .217   8.200
   152   2.650   1.400    .139    .507    .354  -9.999  -9.999    .245   8.100
  4 REEDER          
    48   2.650   1.420    .448    .283    .269  -9.999  -9.999    .179  -9.999
    74   2.650   1.420    .339    .395    .266  -9.999  -9.999    .187  -9.999
    89   2.650   1.470    .414    .390    .196  -9.999  -9.999    .194  -9.999
   152   2.650   1.560    .486    .352    .162  -9.999  -9.999    .159  -9.999
  5 RELYEA          
     8   2.650   1.320    .186    .694    .120  -9.999  -9.999    .106  -9.999
    15   2.650   1.400    .143    .465    .392  -9.999  -9.999    .211  -9.999
    38   2.650   1.390    .164    .352    .484  -9.999  -9.999    .239  -9.999
    71   2.650   1.420    .283    .494    .223  -9.999  -9.999    .126   7.200
   152   2.650   1.420    .351    .478    .171  -9.999  -9.999    .133  -9.999
  3 REMOUNT         
    38   2.650   1.420    .497    .295    .208  -9.999  -9.999    .106  -9.999
    64   2.650   1.600    .549    .224    .227  -9.999  -9.999    .117  -9.999
   152   2.650   1.450    .692    .230    .078  -9.999  -9.999    .065  -9.999
  1 REVAIS          
    13   2.650   1.320    .167    .628    .205  -9.999  -9.999    .115  -9.999
  5 RONAN           
    10   2.650   1.320    .168    .579    .253  -9.999  -9.999    .168   6.700
    18   2.650   1.390    .079    .332    .589  -9.999  -9.999    .196   7.100
    41   2.650   1.390    .041    .212    .747  -9.999  -9.999    .242   7.400
    61   2.650   1.390    .064    .226    .710  -9.999  -9.999    .254   8.000
   152   2.650   1.390    .057    .234    .709  -9.999  -9.999    .300   7.600
  4 ROTHIEMAY       
    18   2.650   1.420    .377    .336    .287    .409    .436    .160  -9.999
    60   2.650   1.470    .382    .318    .300    .360    .407    .151  -9.999
    80   2.650   1.650    .451    .241    .308    .274    .305    .135  -9.999
   222   2.650   1.450    .665    .185    .150  -9.999  -9.999    .094  -9.999
  6 SAGEDALE        
    10   2.650   1.420    .218    .418    .364  -9.999  -9.999    .189   7.500
    28   2.650   1.380    .153    .443    .404  -9.999  -9.999    .192   7.500
    53   2.650   1.400    .092    .511    .397  -9.999  -9.999    .185   7.800
    76   2.650   1.390    .024    .330    .646  -9.999  -9.999    .282   7.800
    91   2.650   1.390    .045    .281    .674  -9.999  -9.999    .278   7.800
   152   2.650   1.390    .021    .222    .757  -9.999  -9.999    .295   7.800
  6 SAYPO           
    18   2.650   1.400    .069    .566    .365  -9.999  -9.999    .346   7.500
    38   2.650   1.400    .051    .675    .274  -9.999  -9.999    .364   7.700
    56   2.650   1.400    .054    .627    .319  -9.999  -9.999    .395   7.800
    79   2.650   1.400    .076    .561    .363  -9.999  -9.999    .416   8.000
   119   2.650   1.390    .174    .393    .433  -9.999  -9.999    .389   8.000
   152   2.650   1.450    .680    .190    .130  -9.999  -9.999    .128   7.600
  8 SCOBEY          
     5   2.650   1.620    .292    .380    .328    .386  -9.999    .196   7.000
    15   2.650   1.420    .304    .363    .333    .315  -9.999    .182   6.800
    31   2.650   1.390    .165    .382    .453    .406  -9.999    .228  -9.999
    46   2.650   1.380    .288    .347    .365    .381  -9.999    .168  -9.999
    65   2.650   1.500    .307    .333    .360    .313  -9.999    .167  -9.999
    95   2.650   1.770    .194    .415    .391    .228  -9.999    .211  -9.999
   130   2.650   1.400    .142    .465    .393    .249  -9.999    .171   8.000
   160   2.650   1.400    .171    .436    .393    .284  -9.999    .195   7.800
  5 SCOBEY          
    13   2.650   1.420    .373    .345    .282  -9.999  -9.999    .156  -9.999
    30   2.650   1.420    .331    .314    .355  -9.999  -9.999    .197   7.100
    43   2.650   1.420    .290    .362    .348  -9.999  -9.999    .165   7.800
    58   2.650   1.420    .327    .359    .314  -9.999  -9.999    .152   8.000
   152   2.650   1.400    .186    .426    .388  -9.999  -9.999    .214   7.900
  5 SELOW           
    20   2.650   1.320    .408    .524    .068  -9.999  -9.999    .067  -9.999
    36   2.650   1.420    .281    .453    .266  -9.999  -9.999    .148   8.000
    51   2.650   1.420    .297    .380    .323  -9.999  -9.999    .159   8.600
    71   2.650   1.450    .639    .284    .077  -9.999  -9.999    .045   8.900
   152   2.650   1.490    .747    .231    .022  -9.999  -9.999    .018   9.100
  4 SHURLEY         
    10   2.650   1.450    .765    .118    .117  -9.999  -9.999    .109  -9.999
    25   2.650   1.600    .664    .125    .211  -9.999  -9.999    .210  -9.999
    74   2.650   1.450    .746    .180    .074  -9.999  -9.999    .074  -9.999
   152   2.650   1.490    .841    .098    .061  -9.999  -9.999    .055  -9.999
  6 SPINEKOP        
    28   2.650   1.420    .285    .357    .358  -9.999  -9.999    .207  -9.999
    44   2.650   1.420    .228    .394    .378  -9.999  -9.999    .241  -9.999
    53   2.650   1.450    .532    .290    .178  -9.999  -9.999    .103  -9.999
    85   2.650   1.420    .347    .398    .255  -9.999  -9.999    .139  -9.999
   110   2.650   1.420    .478    .322    .200  -9.999  -9.999    .116  -9.999
   152   2.650   1.450    .625    .221    .154  -9.999  -9.999    .094  -9.999
  8 STORMITT        
     2   2.650   1.450    .754    .172    .074  -9.999  -9.999    .064   7.200
     7   2.650   1.550    .712    .171    .117    .279  -9.999    .087   7.600
    17   2.650   1.460    .624    .225    .151    .329  -9.999    .115   7.600
    33   2.650   1.500    .546    .267    .187    .348  -9.999    .129   7.800
    48   2.650   1.400    .479    .239    .282    .336  -9.999    .120   8.100
    60   2.650   1.450    .642    .191    .167  -9.999  -9.999    .091   8.300
    78   2.650   1.450    .720    .173    .107  -9.999  -9.999    .078   8.400
   101   2.650   1.490    .766    .175    .059  -9.999  -9.999    .049   8.600
  4 SUMATRA         
     5   2.650   1.400    .188    .528    .284  -9.999  -9.999    .120   7.700
    22   2.650   1.400    .131    .547    .322  -9.999  -9.999    .144   7.700
    73   2.650   1.400    .145    .544    .311  -9.999  -9.999    .172   8.000
   152   2.650   1.400    .183    .523    .294  -9.999  -9.999    .172   8.000
  6 SUNBURST        
     5   2.650   1.420    .436    .322    .242  -9.999  -9.999    .165   6.700
    10   2.650   1.420    .366    .329    .305  -9.999  -9.999    .182   7.400
    25   2.650   1.420    .279    .367    .354  -9.999  -9.999    .187   7.600
    56   2.650   1.420    .229    .399    .372  -9.999  -9.999    .209   7.900
    76   2.650   1.420    .300    .360    .340  -9.999  -9.999    .169   7.600
   152   2.650   1.420    .258    .352    .390  -9.999  -9.999    .233   7.900
  3 TANNA           
    43   2.650   1.390    .170    .241    .589  -9.999  -9.999    .265  -9.999
    79   2.650   1.390    .205    .297    .498  -9.999  -9.999    .193  -9.999
   152   2.650   1.420    .359    .315    .326  -9.999  -9.999    .116  -9.999
  8 TELSTAD         
     5   2.650    .970    .506    .346    .148    .286  -9.999    .076   6.600
    12   2.650   1.480    .463    .305    .232    .253  -9.999    .129   6.400
    30   2.650   1.590    .405    .244    .351    .331  -9.999    .224   7.100
    60   2.650   1.420    .379    .305    .316    .317  -9.999    .158   7.900
    78   2.650   1.420    .322    .316    .362    .325  -9.999    .187   8.300
   101   2.650   1.420    .333    .318    .349    .319  -9.999    .185   8.400
   132   2.650   1.660    .339    .322    .339    .349  -9.999    .194   7.900
   167   2.650   1.420    .330    .319    .351    .337  -9.999    .186   7.700
  7 TELSTAD         
    13   2.650   1.370    .374    .461    .165    .245  -9.999    .118   7.100
    33   2.650   1.460    .261    .401    .338    .383  -9.999    .223   7.200
    48   2.650   1.510    .291    .440    .269    .340  -9.999    .169   7.600
    84   2.650   1.700    .360    .399    .241    .315  -9.999    .167   8.100
   122   2.650   1.640    .360    .410    .230    .359  -9.999    .182   8.900
   188   2.650   1.420    .378    .394    .228    .297  -9.999    .151   8.200
   250   2.650   1.420    .381    .391    .228    .301  -9.999    .153   7.900
  1 TELSTAD         
    40   2.650   1.510    .303    .456    .241    .300  -9.999    .171  -9.999
  2 TELSTAD         
    13   2.650   1.420    .489    .313    .198  -9.999  -9.999    .133  -9.999
    28   2.650   1.750    .502    .296    .202    .301  -9.999    .164  -9.999
  5 THIBADEAU       
     5   2.650   1.450    .551    .334    .115  -9.999  -9.999    .099   7.700
    36   2.650   1.450    .641    .247    .112  -9.999  -9.999    .109   8.100
    66   2.650   1.420    .383    .447    .170  -9.999  -9.999    .126   8.700
    86   2.650   1.450    .660    .248    .092  -9.999  -9.999    .061   8.700
   152   2.650   1.400    .174    .486    .340  -9.999  -9.999    .277   9.400
  4 THOENY          
    13   2.650   1.420    .241    .435    .324  -9.999  -9.999    .146   7.200
    23   2.650   1.420    .221    .393    .386  -9.999  -9.999    .207   7.500
    33   2.650   1.380    .170    .401    .429  -9.999  -9.999    .197   8.000
    64   2.650   1.420    .207    .413    .380  -9.999  -9.999    .189   7.900
  4 TOSTON          
    20   2.650   1.420    .266    .417    .317  -9.999  -9.999    .273   8.000
    41   2.650   1.420    .340    .468    .192  -9.999  -9.999    .200   8.000
    86   2.650   1.320    .207    .623    .170  -9.999  -9.999    .180   7.800
   152   2.650   1.320    .300    .539    .161  -9.999  -9.999    .176   7.800
  5 TURRAH          
    20   2.650   1.380    .137    .408    .455  -9.999  -9.999    .301   5.700
    30   2.650   1.420    .226    .376    .398  -9.999  -9.999    .261   6.400
    64   2.650   1.380    .125    .414    .461  -9.999  -9.999    .294   7.100
    97   2.650   1.420    .241    .391    .368  -9.999  -9.999    .247   7.400
   152   2.650   1.600    .599    .172    .229  -9.999  -9.999    .166   7.200
  1 VANSTEL         
    60   2.650   1.420    .372    .363    .265  -9.999  -9.999    .182  -9.999
  5 VANSTEL         
    28   2.650   1.420    .322    .405    .273  -9.999  -9.999    .170  -9.999
    46   2.650   1.420    .266    .482    .252  -9.999  -9.999    .165  -9.999
    60   2.650   1.420    .325    .468    .207  -9.999  -9.999    .132  -9.999
    90   2.650   1.420    .360    .440    .200  -9.999  -9.999    .114  -9.999
   152   2.650   1.420    .421    .405    .174  -9.999  -9.999    .098  -9.999
  8 VANSTEL         
     5   2.650   1.420    .418    .432    .150  -9.999  -9.999    .109  -9.999
    20   2.650   1.420    .283    .411    .306  -9.999  -9.999    .175  -9.999
    33   2.650   1.420    .207    .393    .400  -9.999  -9.999    .222   7.100
    46   2.650   1.420    .318    .394    .288  -9.999  -9.999    .170  -9.999
    66   2.650   1.420    .395    .346    .259  -9.999  -9.999    .158  -9.999
    89   2.650   1.420    .383    .358    .259  -9.999  -9.999    .160   8.300
   107   2.650   1.450    .657    .187    .156  -9.999  -9.999    .145   8.300
   152   2.650   1.420    .484    .319    .197  -9.999  -9.999    .141   8.500
  7 VANSTEL         
    15   2.650   1.420    .221    .447    .332  -9.999  -9.999    .185  -9.999
    36   2.650   1.420    .261    .390    .349  -9.999  -9.999    .179  -9.999
    51   2.650   1.420    .248    .477    .275  -9.999  -9.999    .173  -9.999
    64   2.650   1.420    .329    .441    .230  -9.999  -9.999    .126  -9.999
    79   2.650   1.420    .259    .465    .276  -9.999  -9.999    .162  -9.999
   119   2.650   1.420    .427    .323    .250  -9.999  -9.999    .155   8.200
   152   2.650   1.420    .364    .389    .247  -9.999  -9.999    .170   8.500
  2 VARNEY          
    38   2.650   1.600    .528    .245    .227  -9.999  -9.999    .184  -9.999
    61   2.650   1.420    .351    .382    .267  -9.999  -9.999    .183  -9.999
  4 VARNEY          
    18   2.650   1.420    .445    .349    .206  -9.999  -9.999    .122  -9.999
    30   2.650   1.420    .391    .371    .238  -9.999  -9.999    .145  -9.999
    38   2.650   1.420    .405    .378    .217  -9.999  -9.999    .126  -9.999
    46   2.650   1.420    .398    .371    .231  -9.999  -9.999    .138  -9.999
  9 VARNEY          
     5   2.650   1.450    .614    .280    .106  -9.999  -9.999    .112   6.100
    10   2.650   1.600    .505    .236    .259  -9.999  -9.999    .152  -9.999
    20   2.650   1.450    .523    .309    .168  -9.999  -9.999    .107  -9.999
    30   2.650   1.450    .763    .166    .071  -9.999  -9.999    .043  -9.999
    48   2.650   1.450    .554    .367    .079  -9.999  -9.999    .117  -9.999
    66   2.650   1.450    .665    .277    .058  -9.999  -9.999    .144   8.100
    97   2.650   1.490    .863    .117    .020  -9.999  -9.999    .131   8.000
   112   2.650   1.490    .730    .249    .021  -9.999  -9.999    .083   7.800
   152   2.650   1.450    .638    .321    .041  -9.999  -9.999    .117   7.800
  2 VEBAR           
    53   2.650   1.450    .734    .145    .121  -9.999  -9.999    .112  -9.999
    79   2.650   1.450    .755    .110    .135  -9.999  -9.999    .146  -9.999
  5 VIDA            
     4   2.650   1.420    .448    .375    .177  -9.999  -9.999    .136   7.000
     8   2.650   1.420    .453    .336    .211    .268  -9.999    .143  -9.999
    18   2.650   1.410    .373    .338    .289    .323  -9.999    .173   7.200
    31   2.650   1.460    .329    .355    .316    .248  -9.999    .158  -9.999
    70   2.650   1.620    .324    .384    .292    .332  -9.999    .173  -9.999
  5 VIDA            
     4   2.650   1.420    .489    .360    .151  -9.999  -9.999    .143   7.000
    10   2.650   1.530    .518    .309    .173    .330  -9.999    .135  -9.999
    25   2.650   1.470    .464    .309    .227    .300  -9.999    .159   7.000
    38   2.650   1.480    .476    .338    .186    .268  -9.999    .112  -9.999
    48   2.650   1.660    .358    .378    .264    .307  -9.999    .153  -9.999
  7 VIDA            
     4   2.650   1.420    .511    .341    .148  -9.999  -9.999    .124   7.000
     8   2.650   1.460    .511    .342    .147    .374  -9.999    .115  -9.999
    25   2.650   1.520    .446    .313    .241    .333  -9.999    .167   7.100
    48   2.650   1.560    .319    .373    .308    .304  -9.999    .161  -9.999
    75   2.650   1.710    .355    .361    .284    .315  -9.999    .166  -9.999
   120   2.650   1.690    .336    .383    .281    .319  -9.999    .193   8.400
   152   2.650   1.740    .337    .390    .273    .329  -9.999    .190   8.600
  5 VIDA            
     4   2.650   1.420    .397    .433    .170  -9.999  -9.999    .148  -9.999
     7   2.650   1.420    .425    .388    .187    .341  -9.999    .121  -9.999
    24   2.650   1.370    .388    .315    .297    .327  -9.999    .171  -9.999
    45   2.650   1.530    .291    .386    .323    .300  -9.999    .171  -9.999
    70   2.650   1.640    .344    .377    .279    .307  -9.999    .157  -9.999
  2 VOLBORG         
     8   2.650   1.390    .035    .328    .637  -9.999  -9.999    .259  -9.999
    38   2.650   1.390    .028    .305    .667  -9.999  -9.999    .268  -9.999
  6 VOLBORG         
     5   2.650   1.390    .025    .336    .639  -9.999  -9.999    .300  -9.999
    13   2.650   1.390    .015    .317    .668  -9.999  -9.999    .295  -9.999
    43   2.650   1.390    .028    .350    .622  -9.999  -9.999    .303  -9.999
    81   2.650   1.380    .046    .414    .540  -9.999  -9.999    .272   3.700
   107   2.650   1.380    .048    .432    .520  -9.999  -9.999    .248   3.700
   152   2.650   1.390    .062    .396    .542  -9.999  -9.999    .281   3.600
  4 VOLBORG         
    10   2.650   1.390    .072    .379    .549  -9.999  -9.999    .299  -9.999
    30   2.650   1.380    .091    .406    .503  -9.999  -9.999    .326  -9.999
   107   2.650   1.380    .098    .404    .498  -9.999  -9.999    .323   4.000
   203   2.650   1.390    .167    .395    .438  -9.999  -9.999    .360   4.000
  8 WALTHAM         
     5   2.650   1.420    .273    .493    .234  -9.999  -9.999    .109   7.000
    15   2.650   1.390    .065    .301    .634  -9.999  -9.999    .321  -9.999
    28   2.650   1.390    .060    .325    .615  -9.999  -9.999    .327   7.400
    46   2.650   1.380    .058    .527    .415  -9.999  -9.999    .213  -9.999
    76   2.650   1.420    .322    .465    .213  -9.999  -9.999    .124   7.700
   112   2.650   1.320    .269    .513    .218  -9.999  -9.999    .116   7.700
   152   2.650   1.420    .307    .469    .224  -9.999  -9.999    .151   7.600
   203   2.650   1.420    .344    .430    .226  -9.999  -9.999    .146   7.600
  4 WHEATBELT       
     5   2.650   1.390    .014    .165    .821  -9.999  -9.999    .473  -9.999
    41   2.650   1.390    .013    .147    .840  -9.999  -9.999    .461   8.000
    97   2.650   1.390    .018    .152    .830  -9.999  -9.999    .450   7.700
   152   2.650   1.390    .055    .181    .764  -9.999  -9.999    .431   8.000
  2 WHITEARTH       
    23   2.650   1.680    .066    .712    .222    .326  -9.999    .131   8.400
    81   2.650   1.470    .035    .647    .318    .415  -9.999    .165   8.700
  3 WHITORE         
    20   2.650   1.400    .109    .548    .343  -9.999  -9.999    .259  -9.999
    51   2.650   1.420    .336    .446    .218  -9.999  -9.999    .236  -9.999
   152   2.650   1.420    .386    .349    .265  -9.999  -9.999    .267  -9.999
  6 WILLIAMS        
    13   2.650   1.420    .307    .464    .229  -9.999  -9.999    .135   7.600
    30   2.650   1.460    .301    .432    .267    .307  -9.999    .162  -9.999
    53   2.650   1.430    .291    .395    .314    .297  -9.999    .149   7.700
    84   2.650   1.600    .281    .410    .309    .298  -9.999    .176   8.000
   117   2.650   1.600    .250    .462    .288    .312  -9.999    .181   8.400
   145   2.650   1.420    .342    .412    .246  -9.999  -9.999    .169   8.500
  6 WILLIAMS        
    13   2.650   1.470    .527    .331    .142    .235  -9.999    .104  -9.999
    30   2.650   1.620    .447    .328    .225    .298  -9.999    .172  -9.999
    53   2.650   1.420    .345    .331    .324  -9.999  -9.999    .158   7.700
    84   2.650   1.420    .396    .346    .258  -9.999  -9.999    .131   8.200
   114   2.650   1.420    .454    .325    .221  -9.999  -9.999    .121   8.400
   140   2.650   1.420    .448    .331    .221  -9.999  -9.999    .129   8.400
  8 WILLIAMS VARIANT
    10   2.650   1.450    .595    .268    .137  -9.999  -9.999    .093  -9.999
    25   2.650   1.590    .589    .250    .161    .243  -9.999    .114  -9.999
    43   2.650   1.450    .618    .238    .144  -9.999  -9.999    .102  -9.999
    74   2.650   1.540    .560    .259    .181    .234  -9.999    .128  -9.999
    91   2.650   1.580    .317    .366    .317    .354  -9.999    .194   8.300
   117   2.650   1.420    .346    .366    .288  -9.999  -9.999    .168   8.400
   152   2.650   1.690    .372    .377    .251    .331  -9.999    .191   8.300
   183   2.650   1.420    .409    .395    .196  -9.999  -9.999    .128   8.300
  2 WINKLER         
     5   2.650   1.320    .247    .701    .052  -9.999  -9.999    .024   6.500
    15   2.650   1.450    .677    .250    .073  -9.999  -9.999    .049   5.400
  8 ZAHL            
     8   2.650   1.420    .463    .297    .240  -9.999  -9.999    .145   7.600
    18   2.650   1.660    .461    .299    .240    .337  -9.999    .171  -9.999
    31   2.650   1.480    .353    .363    .284    .321  -9.999    .173  -9.999
    53   2.650   1.490    .298    .402    .300    .313  -9.999    .162  -9.999
    80   2.650   1.600    .286    .422    .292    .358  -9.999    .173   8.100
   105   2.650   1.420    .290    .433    .277    .270  -9.999    .155   8.400
   150   2.650   1.420    .295    .440    .265    .271  -9.999    .165   8.200
   175   2.650   1.420    .306    .443    .251    .266  -9.999    .160   7.800
  4 ZAHL            
     8   2.650   1.420    .473    .292    .235  -9.999  -9.999    .148   7.500
    15   2.650   1.680    .468    .293    .239    .333  -9.999    .175   7.300
    31   2.650   1.550    .450    .295    .255    .294  -9.999    .170  -9.999
    55   2.650   1.470    .321    .393    .286    .328  -9.999    .160  -9.999
  5 ZAHL            
     9   2.650   1.420    .491    .283    .226  -9.999  -9.999    .138   7.600
    13   2.650   1.700    .452    .305    .243    .315  -9.999    .180   7.600
    37   2.650   1.460    .314    .401    .285    .336  -9.999    .164  -9.999
    47   2.650   1.660    .293    .409    .298    .320  -9.999    .191  -9.999
    57   2.650   1.710    .299    .420    .281    .330  -9.999    .205  -9.999
  4 ZAHL            
     8   2.650   1.420    .486    .288    .226  -9.999  -9.999    .148   7.500
    14   2.650   1.670    .456    .297    .247    .319  -9.999    .180   7.400
    30   2.650   1.490    .345    .358    .297    .326  -9.999    .182  -9.999
    54   2.650   1.510    .290    .430    .280    .323  -9.999    .174  -9.999
  5 ZATOVILLE       
     8   2.650   1.400    .115    .544    .341  -9.999  -9.999    .174  -9.999
    31   2.650   1.380    .103    .466    .431  -9.999  -9.999    .211   7.700
    53   2.650   1.380    .086    .465    .449  -9.999  -9.999    .232   8.200
   116   2.650   1.400    .184    .505    .311  -9.999  -9.999    .179   7.900
   133   2.650   1.380    .062    .445    .493  -9.999  -9.999    .236   5.400
