  6 CREEDMOOR       
    25   2.650   1.320    .329    .610    .061  -9.999  -9.999    .037   4.400
    94   2.650   1.400    .131    .512    .357  -9.999  -9.999    .232  -9.999
   127   2.650   1.400    .144    .506    .350  -9.999  -9.999    .182  -9.999
   170   2.650   1.420    .235    .498    .267  -9.999  -9.999    .210  -9.999
   229   2.650   1.320    .413    .518    .069  -9.999  -9.999    .088   5.000
   263   2.650   1.450    .467    .468    .065  -9.999  -9.999    .086   5.200
  4 CREEDMOOR       
   102   2.650   1.380    .076    .492    .432  -9.999  -9.999    .316  -9.999
   203   2.650   1.400    .088    .534    .378  -9.999  -9.999    .302   4.900
   279   2.650   1.400    .122    .599    .279  -9.999  -9.999    .252   4.800
   300   2.650   1.320    .334    .617    .049  -9.999  -9.999    .099   4.900
  1 HUMMINGTON      
    10   2.650   1.390    .183    .358    .459  -9.999  -9.999    .260  -9.999
  1 INVERSHIEL      
   165   2.650   1.420    .494    .391    .115  -9.999  -9.999    .082  -9.999
  6 MAYODAN         
    20   2.650   1.610    .518    .204    .278    .243  -9.999    .179   5.600
    61   2.650   1.390    .320    .178    .502    .402  -9.999    .322   5.000
    97   2.650   1.520    .441    .209    .350    .357  -9.999    .284   5.300
   127   2.650   1.590    .584    .202    .214    .296  -9.999    .207   5.100
   249   2.650   1.440    .584    .242    .174    .334  -9.999    .151   5.100
   300   2.650   1.480    .658    .233    .109    .389  -9.999    .102   5.000
  5 MAYODAN         
    23   2.650   1.640    .558    .217    .225    .223  -9.999    .162   5.100
    84   2.650   1.390    .343    .222    .435    .324  -9.999    .272   4.800
   135   2.650   1.420    .320    .311    .369    .358  -9.999    .283   5.200
   254   2.650   1.520    .391    .344    .265    .400  -9.999    .254   5.000
   300   2.650   1.400    .589    .334    .077    .386  -9.999    .144   4.900
  2 NORFOLK         
   104   2.650   1.760    .561    .132    .307    .299  -9.999    .222   4.900
   130   2.650   1.800    .420    .252    .328    .311  -9.999    .223   4.800
  6 PINKSTON        
    15   2.650   1.340    .224    .646    .130    .332  -9.999    .079  -9.999
    33   2.650   1.560    .248    .634    .118    .381  -9.999    .081  -9.999
    41   2.650   1.320    .293    .618    .089  -9.999  -9.999    .070  -9.999
    71   2.650   1.320    .300    .607    .093    .181  -9.999    .067   5.000
    97   2.650   1.320    .263    .672    .065  -9.999  -9.999    .053  -9.999
   112   2.650   1.320    .308    .640    .052  -9.999  -9.999    .038  -9.999
