  7 ALKABO          
    15   2.650   1.320    .162    .594    .244  -9.999  -9.999    .141   6.400
    23   2.650   1.400    .125    .589    .286  -9.999  -9.999    .164  -9.999
    33   2.650   1.400    .127    .591    .282  -9.999  -9.999    .160  -9.999
    43   2.650   1.320    .081    .676    .243  -9.999  -9.999    .141  -9.999
    69   2.650   1.320    .016    .771    .213  -9.999  -9.999    .135   8.000
   114   2.650   1.400    .051    .617    .332  -9.999  -9.999    .185   8.000
   152   2.650   1.420    .339    .378    .283  -9.999  -9.999    .173   8.000
  5 AMOR            
    22   2.650   1.560    .619    .211    .170    .381  -9.999    .105   7.700
    38   2.650   1.500    .538    .283    .179    .351  -9.999    .105   7.700
    59   2.650   1.490    .491    .326    .183    .215  -9.999    .109   7.800
    76   2.650   1.520    .075    .578    .347    .222  -9.999    .173   7.900
   152   2.650   1.610    .012    .599    .389    .216  -9.999    .243   8.400
  3 AMOR            
    22   2.650   1.450    .642    .175    .183  -9.999  -9.999    .096   7.700
    76   2.650   1.400    .088    .557    .355  -9.999  -9.999    .157   8.000
    79   2.650   1.600    .621    .167    .212  -9.999  -9.999    .157  -9.999
  2 AMOR            
    64   2.650   1.600    .558    .203    .239  -9.999  -9.999    .146  -9.999
    81   2.650   1.450    .698    .141    .161  -9.999  -9.999    .120  -9.999
  4 AMOR            
    18   2.650   1.600    .517    .260    .223  -9.999  -9.999    .205  -9.999
    41   2.650   1.600    .518    .249    .233  -9.999  -9.999    .194  -9.999
    66   2.650   1.600    .581    .208    .211  -9.999  -9.999    .203  -9.999
   152   2.650   1.600    .589    .200    .211  -9.999  -9.999    .203  -9.999
  4 AMOR            
    41   2.650   1.600    .573    .180    .247  -9.999  -9.999    .211  -9.999
    58   2.650   1.320    .232    .530    .238  -9.999  -9.999    .183  -9.999
    74   2.650   1.400    .076    .558    .366  -9.999  -9.999    .218  -9.999
   152   2.650   1.420    .363    .408    .229  -9.999  -9.999    .199  -9.999
  2 ARVILLA         
    19   2.650   1.490    .890    .067    .043  -9.999  -9.999    .054  -9.999
    60   2.650   1.490    .877    .085    .038  -9.999  -9.999    .057  -9.999
  2 BANKS           
    10   2.650   1.420    .432    .390    .178  -9.999  -9.999    .135  -9.999
   152   2.650   1.490    .872    .071    .057  -9.999  -9.999    .049  -9.999
  2 BARNES          
    94   2.650   1.420    .434    .377    .189  -9.999  -9.999    .169  -9.999
   152   2.650   1.420    .435    .377    .188  -9.999  -9.999    .207  -9.999
  4 BARNES          
    46   2.650   1.450    .579    .254    .167  -9.999  -9.999    .125  -9.999
    76   2.650   1.420    .445    .363    .192  -9.999  -9.999    .163  -9.999
   122   2.650   1.420    .329    .399    .272  -9.999  -9.999    .197  -9.999
   152   2.650   1.320    .246    .517    .237  -9.999  -9.999    .213  -9.999
  3 BARNES          
    76   2.650   1.420    .255    .377    .368  -9.999  -9.999    .180  -9.999
   107   2.650   1.420    .228    .446    .326  -9.999  -9.999    .246  -9.999
   152   2.650   1.420    .452    .429    .119  -9.999  -9.999    .128  -9.999
  3 BARNES          
    15   2.650   1.420    .345    .430    .225  -9.999  -9.999    .156   6.100
    30   2.650   1.420    .293    .454    .253  -9.999  -9.999    .148   6.200
    66   2.650   1.420    .298    .450    .252  -9.999  -9.999    .139   6.700
  6 BEISIGL         
    13   2.650   1.450    .790    .128    .082    .135    .160    .067   8.000
    31   2.650   1.410    .771    .142    .087    .125    .210    .068   8.000
    50   2.650   1.440    .787    .142    .071    .099    .204    .050   8.200
    68   2.650   1.450    .812    .135    .053    .090    .194    .041   8.300
   102   2.650   1.580    .856    .104    .040    .095    .234    .035   8.600
   152   2.650   1.660    .882    .078    .040    .086    .259    .032   8.700
  5 BEOTIA          
    18   2.650   1.420    .373    .385    .242  -9.999  -9.999    .210  -9.999
    56   2.650   1.420    .375    .389    .236  -9.999  -9.999    .197  -9.999
    76   2.650   1.320    .166    .564    .270  -9.999  -9.999    .199  -9.999
   122   2.650   1.320    .186    .599    .215  -9.999  -9.999    .191  -9.999
   152   2.650   1.320    .181    .649    .170  -9.999  -9.999    .170  -9.999
  2 BINFORD         
    38   2.650   1.450    .566    .260    .174  -9.999  -9.999    .136  -9.999
    41   2.650   1.600    .574    .223    .203  -9.999  -9.999    .197  -9.999
  8 BOWBELLS        
    18   2.650   1.320    .197    .557    .246    .363  -9.999    .161  -9.999
    28   2.650   1.420    .231    .444    .325    .359  -9.999    .190  -9.999
    64   2.650   1.420    .282    .367    .351    .327  -9.999    .217  -9.999
    76   2.650   1.420    .381    .357    .262  -9.999  -9.999    .179   7.600
   114   2.650   1.550    .369    .353    .278    .325  -9.999    .192  -9.999
   152   2.650   1.530    .325    .379    .296    .369  -9.999    .220   8.200
   183   2.650   1.520    .341    .373    .286    .403  -9.999    .226   8.400
   203   2.650   1.420    .405    .384    .211  -9.999  -9.999    .166   8.300
  1 BRANTFORD       
    18   2.650   1.420    .503    .302    .195  -9.999  -9.999    .192  -9.999
  5 BREIEN          
    15   2.650   1.450    .628    .231    .141  -9.999  -9.999    .099  -9.999
    25   2.650   1.450    .745    .144    .111  -9.999  -9.999    .084  -9.999
    38   2.650   1.450    .740    .153    .107  -9.999  -9.999    .078  -9.999
    56   2.650   1.490    .819    .116    .065  -9.999  -9.999    .052  -9.999
   152   2.650   1.490    .941    .023    .036  -9.999  -9.999    .028  -9.999
  5 BRYANT          
    18   2.650   1.420    .273    .474    .253  -9.999  -9.999    .165  -9.999
    46   2.650   1.320    .233    .524    .243  -9.999  -9.999    .139  -9.999
    71   2.650   1.320    .198    .552    .250  -9.999  -9.999    .120  -9.999
   107   2.650   1.320    .259    .508    .233  -9.999  -9.999    .133  -9.999
   152   2.650   1.320    .201    .611    .188  -9.999  -9.999    .125  -9.999
  3 BRYANT          
    38   2.650   1.420    .390    .420    .190  -9.999  -9.999    .136  -9.999
    97   2.650   1.420    .369    .456    .175  -9.999  -9.999    .118  -9.999
   152   2.650   1.450    .600    .274    .126  -9.999  -9.999    .100  -9.999
  3 BRYANT          
    43   2.650   1.420    .275    .470    .255  -9.999  -9.999    .126  -9.999
    69   2.650   1.420    .272    .491    .237  -9.999  -9.999    .151  -9.999
   152   2.650   1.320    .177    .615    .208  -9.999  -9.999    .140  -9.999
  5 CABBA           
    23   2.650   1.430    .472    .349    .179    .237  -9.999    .109   7.800
    43   2.650   1.320    .342    .541    .117    .165  -9.999    .070   8.300
    58   2.650   1.320    .336    .508    .156    .135  -9.999    .084   8.400
    78   2.650   1.450    .616    .295    .089  -9.999  -9.999    .059   8.600
   135   2.650   1.650    .740    .169    .091    .112  -9.999    .053   8.600
  4 CATHAY          
    13   2.650   1.420    .441    .362    .197  -9.999  -9.999    .132   5.400
    25   2.650   1.420    .434    .367    .199  -9.999  -9.999    .105   5.800
    38   2.650   1.420    .367    .330    .303  -9.999  -9.999    .163   6.300
    58   2.650   1.420    .438    .296    .266  -9.999  -9.999    .146   7.000
  4 CRESBARD        
    15   2.650   1.420    .330    .410    .260  -9.999  -9.999    .160   6.100
    30   2.650   1.420    .373    .391    .236  -9.999  -9.999    .122   7.000
    43   2.650   1.420    .250    .351    .399  -9.999  -9.999    .214   6.800
    69   2.650   1.420    .285    .366    .349  -9.999  -9.999    .187   6.900
  3 CRESBARD        
    13   2.650   1.420    .274    .490    .236  -9.999  -9.999    .182   7.500
    25   2.650   1.320    .254    .540    .206  -9.999  -9.999    .127   7.500
    43   2.650   1.420    .213    .463    .324  -9.999  -9.999    .203   7.600
  6 DEGATER         
    15   2.650   1.420    .395    .359    .246    .405  -9.999    .180   6.100
    30   2.650   1.450    .390    .327    .283    .309  -9.999    .165  -9.999
    46   2.650   1.460    .373    .369    .258    .302  -9.999    .161  -9.999
    71   2.650   1.570    .339    .425    .236    .301  -9.999    .140  -9.999
    97   2.650   1.560    .350    .434    .216    .382  -9.999    .148   8.200
   152   2.650   1.640    .435    .376    .189    .366  -9.999    .156   8.300
  3 EMRICK          
    76   2.650   1.450    .612    .226    .162  -9.999  -9.999    .113  -9.999
    97   2.650   1.420    .464    .341    .195  -9.999  -9.999    .135  -9.999
   152   2.650   1.450    .540    .332    .128  -9.999  -9.999    .120  -9.999
  2 ERAMOSH         
   132   2.650   1.380    .097    .441    .462  -9.999  -9.999    .382  -9.999
   152   2.650   1.380    .074    .495    .431  -9.999  -9.999    .204  -9.999
  3 ERAMOSH         
    30   2.650   1.400    .183    .514    .303  -9.999  -9.999    .276  -9.999
    53   2.650   1.380    .038    .448    .514  -9.999  -9.999    .393  -9.999
    65   2.650   1.380    .024    .565    .411  -9.999  -9.999    .420  -9.999
  6 FLASHER         
     8   2.650   1.420    .866    .078    .056    .156  -9.999    .053   7.800
    25   2.650   1.500    .858    .089    .053    .150  -9.999    .043   8.000
    33   2.650   1.570    .816    .109    .075    .155  -9.999    .061   8.000
    44   2.650   1.460    .807    .126    .067    .181  -9.999    .058   8.000
    71   2.650   1.650    .846    .116    .038    .101  -9.999    .043   8.400
   152   2.650   1.620    .850    .119    .031    .092  -9.999    .037   8.500
  5 FORMAN          
    18   2.650   1.420    .263    .394    .343  -9.999  -9.999    .277   6.900
    28   2.650   1.420    .281    .377    .342  -9.999  -9.999    .278   7.000
    48   2.650   1.420    .365    .328    .307  -9.999  -9.999    .219   7.600
    97   2.650   1.420    .271    .403    .326  -9.999  -9.999    .222   8.200
   152   2.650   1.420    .335    .374    .291  -9.999  -9.999    .210   7.800
  4 FRAM            
    25   2.650   1.420    .460    .312    .228  -9.999  -9.999    .168  -9.999
    46   2.650   1.420    .376    .307    .317  -9.999  -9.999    .155  -9.999
    76   2.650   1.450    .572    .254    .174  -9.999  -9.999    .204  -9.999
   152   2.650   1.450    .579    .334    .087  -9.999  -9.999    .119  -9.999
  5 FRAM            
    18   2.650   1.420    .501    .296    .203  -9.999  -9.999    .166  -9.999
    53   2.650   1.420    .412    .386    .202  -9.999  -9.999    .185  -9.999
    89   2.650   1.420    .470    .387    .143  -9.999  -9.999    .159  -9.999
   122   2.650   1.420    .487    .359    .154  -9.999  -9.999    .149  -9.999
   152   2.650   1.420    .486    .365    .149  -9.999  -9.999    .152  -9.999
  6 GOLVA           
    18   2.650   1.320    .219    .535    .246  -9.999  -9.999    .156   7.800
    28   2.650   1.400    .130    .576    .294  -9.999  -9.999    .188   7.900
    51   2.650   1.400    .078    .631    .291  -9.999  -9.999    .183   8.200
   102   2.650   1.320    .170    .610    .220  -9.999  -9.999    .164   8.600
   165   2.650   1.320    .202    .597    .201  -9.999  -9.999    .129   8.300
   203   2.650   1.320    .193    .607    .200  -9.999  -9.999    .117   8.600
  7 GWINNER         
    18   2.650   1.400    .142    .496    .362  -9.999  -9.999    .272   6.400
    28   2.650   1.400    .131    .507    .362  -9.999  -9.999    .314   6.200
    53   2.650   1.380    .095    .461    .444  -9.999  -9.999    .301  -9.999
    69   2.650   1.420    .369    .352    .279  -9.999  -9.999    .206  -9.999
    79   2.650   1.420    .332    .389    .279  -9.999  -9.999    .195   8.000
    97   2.650   1.420    .267    .383    .350  -9.999  -9.999    .210   8.000
   152   2.650   1.420    .337    .424    .239  -9.999  -9.999    .234   8.000
  2 HEIMDAL         
    76   2.650   1.420    .230    .500    .270  -9.999  -9.999    .145  -9.999
   152   2.650   1.420    .502    .350    .148  -9.999  -9.999    .116  -9.999
  5 HEIMDAL         
    13   2.650   1.450    .536    .289    .175  -9.999  -9.999    .151  -9.999
    46   2.650   1.450    .667    .175    .158  -9.999  -9.999    .109  -9.999
    97   2.650   1.600    .515    .267    .218  -9.999  -9.999    .182  -9.999
   135   2.650   1.450    .543    .315    .142  -9.999  -9.999    .123  -9.999
   152   2.650   1.450    .547    .314    .139  -9.999  -9.999    .125  -9.999
  7 LAWTHER         
    10   2.650   1.380    .088    .476    .436    .367  -9.999    .222   6.600
    26   2.650   1.410    .091    .493    .416    .367  -9.999    .223   5.800
    55   2.650   1.380    .067    .478    .455    .360  -9.999    .230   7.100
    84   2.650   1.380    .057    .506    .437    .323  -9.999    .207   7.800
   119   2.650   1.380    .089    .491    .420    .334  -9.999    .186   8.100
   161   2.650   1.570    .207    .456    .337    .358  -9.999    .192   8.400
   190   2.650   1.420    .300    .452    .248  -9.999  -9.999    .128   8.500
  2 LAWTHER         
    10   2.650   1.380    .111    .439    .450  -9.999  -9.999    .221   6.700
    55   2.650   1.380    .070    .454    .476  -9.999  -9.999    .233   7.200
  6 LAWTHER         
    10   2.650   1.380    .029    .409    .562  -9.999  -9.999    .288   7.600
    28   2.650   1.390    .021    .392    .587  -9.999  -9.999    .300   7.600
    56   2.650   1.390    .013    .386    .601  -9.999  -9.999    .304   7.800
    86   2.650   1.390    .009    .374    .617  -9.999  -9.999    .313   8.000
   132   2.650   1.380    .009    .411    .580  -9.999  -9.999    .320   7.900
   173   2.650   1.400    .082    .528    .390  -9.999  -9.999    .224   7.900
  8 LAWTHER         
    10   2.650   1.380    .062    .413    .525  -9.999  -9.999    .257   7.700
    30   2.650   1.380    .075    .409    .516  -9.999  -9.999    .269   7.800
    58   2.650   1.380    .086    .411    .503  -9.999  -9.999    .291   8.200
    84   2.650   1.380    .079    .411    .510  -9.999  -9.999    .284  -9.999
    99   2.650   1.380    .072    .433    .495  -9.999  -9.999    .270   8.300
   130   2.650   1.380    .068    .456    .476  -9.999  -9.999    .251   7.900
   150   2.650   1.400    .181    .439    .380  -9.999  -9.999    .217   8.000
   183   2.650   1.420    .231    .431    .338  -9.999  -9.999    .193   7.900
  5 LEFOR           
    23   2.650   1.450    .594    .262    .144  -9.999  -9.999    .088  -9.999
    38   2.650   1.450    .680    .195    .125  -9.999  -9.999    .070  -9.999
    69   2.650   1.600    .595    .189    .216  -9.999  -9.999    .138  -9.999
    94   2.650   1.600    .493    .232    .275  -9.999  -9.999    .174  -9.999
   152   2.650   1.450    .602    .216    .182  -9.999  -9.999    .117  -9.999
  4 LEFOR           
    15   2.650   1.450    .599    .257    .144  -9.999  -9.999    .087  -9.999
    28   2.650   1.450    .649    .221    .130  -9.999  -9.999    .077  -9.999
    61   2.650   1.420    .356    .347    .297  -9.999  -9.999    .168  -9.999
   152   2.650   1.490    .884    .048    .068  -9.999  -9.999    .049  -9.999
  6 LIHEN           
    17   2.650   1.450    .790    .129    .081    .104    .151    .064   7.500
    28   2.650   1.470    .829    .099    .072    .088    .129    .053   7.800
    46   2.650   1.440    .800    .128    .072    .085    .156    .053   7.900
    75   2.650   1.480    .781    .139    .080    .084    .192    .059   8.100
   115   2.650   1.500    .771    .135    .094    .097    .167    .063   8.300
   153   2.650   1.500    .801    .110    .089    .087    .150    .057   8.400
  1 LINTION         
   107   2.650   1.420    .513    .325    .162  -9.999  -9.999    .098  -9.999
  4 LITTLEMO        
    86   2.650   1.420    .275    .493    .232  -9.999  -9.999    .116  -9.999
    99   2.650   1.420    .475    .305    .220  -9.999  -9.999    .111  -9.999
   122   2.650   1.450    .722    .177    .101  -9.999  -9.999    .070  -9.999
   152   2.650   1.490    .879    .064    .057  -9.999  -9.999    .043  -9.999
  5 LITTLEMO        
    15   2.650   1.320    .315    .502    .183  -9.999  -9.999    .108  -9.999
    56   2.650   1.420    .340    .459    .201  -9.999  -9.999    .128  -9.999
    71   2.650   1.420    .305    .377    .318  -9.999  -9.999    .153  -9.999
    86   2.650   1.600    .565    .231    .204  -9.999  -9.999    .118  -9.999
   152   2.650   1.450    .745    .178    .077  -9.999  -9.999    .068  -9.999
  3 LOHNES          
    20   2.650   1.490    .814    .121    .065  -9.999  -9.999    .060  -9.999
    41   2.650   1.490    .812    .115    .073  -9.999  -9.999    .061  -9.999
   152   2.650   1.490    .912    .054    .034  -9.999  -9.999    .037  -9.999
  3 MADDOCK         
    71   2.650   1.450    .785    .105    .110  -9.999  -9.999    .068  -9.999
   117   2.650   1.490    .922    .021    .057  -9.999  -9.999    .040  -9.999
   152   2.650   1.490    .924    .032    .044  -9.999  -9.999    .039  -9.999
  7 MAKOTI          
    23   2.650   1.400    .185    .518    .297  -9.999  -9.999    .221  -9.999
    41   2.650   1.420    .204    .462    .334  -9.999  -9.999    .233  -9.999
    53   2.650   1.400    .191    .441    .368  -9.999  -9.999    .252  -9.999
    66   2.650   1.420    .242    .440    .318  -9.999  -9.999    .216  -9.999
   102   2.650   1.400    .058    .596    .346  -9.999  -9.999    .224  -9.999
   132   2.650   1.400    .084    .596    .320  -9.999  -9.999    .234  -9.999
   152   2.650   1.320    .152    .592    .256  -9.999  -9.999    .182  -9.999
  6 MAKOTI          
    46   2.650   1.420    .250    .462    .288  -9.999  -9.999    .200  -9.999
    56   2.650   1.420    .271    .472    .257  -9.999  -9.999    .176  -9.999
    71   2.650   1.320    .193    .561    .246  -9.999  -9.999    .149  -9.999
   104   2.650   1.420    .294    .482    .224  -9.999  -9.999    .151  -9.999
   152   2.650   1.420    .276    .486    .238  -9.999  -9.999    .176  -9.999
   152   2.650   1.490    .781    .144    .075  -9.999  -9.999    .057  -9.999
  6 MONDAMIN        
    15   2.650   1.420    .292    .358    .350  -9.999  -9.999    .200  -9.999
    33   2.650   1.380    .179    .405    .416  -9.999  -9.999    .224   7.400
    58   2.650   1.380    .158    .410    .432  -9.999  -9.999    .206   7.700
    94   2.650   1.380    .120    .425    .455  -9.999  -9.999    .211   8.100
   135   2.650   1.380    .105    .474    .421  -9.999  -9.999    .218   8.300
   173   2.650   1.400    .126    .481    .393  -9.999  -9.999    .204   8.200
  3 NIOBELL         
    38   2.650   1.420    .416    .235    .349    .291  -9.999    .227   7.200
   114   2.650   1.390    .203    .370    .427  -9.999  -9.999    .240  -9.999
   152   2.650   1.420    .270    .383    .347  -9.999  -9.999    .206  -9.999
  3 NIOBELL         
    13   2.650   1.420    .381    .381    .238  -9.999  -9.999    .139   5.900
    23   2.650   1.420    .400    .369    .231  -9.999  -9.999    .136   5.600
    56   2.650   1.420    .370    .268    .362  -9.999  -9.999    .196   6.000
  3 NIOBELL         
    15   2.650   1.420    .365    .386    .249  -9.999  -9.999    .149   6.100
    23   2.650   1.420    .311    .453    .236  -9.999  -9.999    .139   5.900
    43   2.650   1.420    .217    .383    .400  -9.999  -9.999    .234   6.600
  3 NIOBELL         
    13   2.650   1.420    .448    .363    .189  -9.999  -9.999    .119   6.900
    23   2.650   1.420    .436    .398    .166  -9.999  -9.999    .092   7.200
    41   2.650   1.420    .349    .328    .323  -9.999  -9.999    .197   7.300
  5 NIOBELL         
    23   2.650   1.400    .126    .539    .335  -9.999  -9.999    .196   6.500
    41   2.650   1.380    .126    .453    .421  -9.999  -9.999    .241   6.500
    53   2.650   1.380    .109    .484    .407  -9.999  -9.999    .232   7.500
    94   2.650   1.400    .048    .564    .388  -9.999  -9.999    .210   7.900
   152   2.650   1.400    .024    .662    .314  -9.999  -9.999    .207   8.100
  2 NIOBELL         
    15   2.650   1.420    .353    .432    .215  -9.999  -9.999    .119   5.600
    48   2.650   1.420    .318    .386    .296  -9.999  -9.999    .166  -9.999
  3 NOONAN          
    15   2.650   1.420    .399    .378    .223  -9.999  -9.999    .129   5.700
    23   2.650   1.420    .381    .423    .196  -9.999  -9.999    .098   5.800
    43   2.650   1.420    .315    .296    .389  -9.999  -9.999    .233   7.300
  3 NOONAN          
    13   2.650   1.420    .360    .405    .235  -9.999  -9.999    .128   5.400
    28   2.650   1.420    .362    .403    .235  -9.999  -9.999    .122   5.000
    58   2.650   1.420    .291    .330    .379  -9.999  -9.999    .212   6.900
  3 NOONAN          
    15   2.650   1.420    .301    .436    .263  -9.999  -9.999    .141   4.700
    25   2.650   1.420    .372    .454    .174  -9.999  -9.999    .080   5.100
    53   2.650   1.390    .261    .326    .413  -9.999  -9.999    .284   7.700
  3 NOONAN          
    15   2.650   1.420    .353    .413    .234  -9.999  -9.999    .151   5.900
    23   2.650   1.420    .323    .473    .204  -9.999  -9.999    .115   5.300
    43   2.650   1.420    .276    .396    .328  -9.999  -9.999    .196   5.700
  6 NOONAN          
    20   2.650   1.420    .287    .483    .230  -9.999  -9.999    .141   5.500
    36   2.650   1.450    .555    .280    .165  -9.999  -9.999    .088   5.400
    53   2.650   1.400    .047    .590    .363  -9.999  -9.999    .230   6.700
    69   2.650   1.420    .262    .366    .372  -9.999  -9.999    .237   7.400
    84   2.650   1.420    .260    .412    .328  -9.999  -9.999    .179   8.000
   152   2.650   1.420    .302    .359    .339  -9.999  -9.999    .190   7.600
  3 NOONAN          
    15   2.650   1.420    .301    .469    .230  -9.999  -9.999    .138   5.700
    30   2.650   1.420    .348    .420    .232  -9.999  -9.999    .136  -9.999
    36   2.650   1.450    .261    .339    .400    .407  -9.999    .242   7.400
  3 PARSHALL        
    66   2.650   1.310    .392    .428    .180    .199  -9.999    .102  -9.999
   140   2.650   1.470    .372    .437    .191    .259  -9.999    .128  -9.999
   211   2.650   1.490    .895    .073    .032  -9.999  -9.999    .036  -9.999
  5 PARSHALL        
    41   2.650   1.720    .616    .251    .133    .234  -9.999    .112  -9.999
    53   2.650   1.600    .697    .196    .107    .136  -9.999    .085  -9.999
    69   2.650   1.490    .796    .118    .086  -9.999  -9.999    .063  -9.999
    89   2.650   1.490    .878    .057    .065  -9.999  -9.999    .051  -9.999
   213   2.650   1.490    .933    .039    .028  -9.999  -9.999    .031  -9.999
  8 PARSHALL        
    25   2.650   1.610    .770    .148    .082    .211  -9.999    .084   7.600
    56   2.650   1.570    .791    .135    .074    .209  -9.999    .071   6.800
   107   2.650   1.450    .772    .154    .074  -9.999  -9.999    .070   6.800
   122   2.650   1.570    .590    .279    .131    .196  -9.999    .113   7.800
   152   2.650   1.480    .594    .283    .123    .195  -9.999    .099  -9.999
   178   2.650   1.450    .770    .157    .073  -9.999  -9.999    .068  -9.999
   216   2.650   1.350    .812    .110    .078    .185  -9.999    .074  -9.999
   244   2.650   1.490    .876    .075    .049  -9.999  -9.999    .064  -9.999
  7 PARSHALL        
    23   2.650   1.450    .624    .260    .116  -9.999  -9.999    .093  -9.999
    58   2.650   1.450    .639    .245    .116  -9.999  -9.999    .094  -9.999
    76   2.650   1.450    .669    .232    .099  -9.999  -9.999    .088  -9.999
    91   2.650   1.450    .751    .167    .082  -9.999  -9.999    .072  -9.999
   122   2.650   1.490    .802    .120    .078  -9.999  -9.999    .072  -9.999
   152   2.650   1.450    .607    .275    .118  -9.999  -9.999    .086  -9.999
   213   2.650   1.450    .605    .293    .102  -9.999  -9.999    .083  -9.999
  6 PERELLA         
    18   2.650   1.450    .702    .154    .144  -9.999  -9.999    .283  -9.999
    51   2.650   1.450    .646    .183    .171  -9.999  -9.999    .145  -9.999
    71   2.650   1.600    .567    .226    .207  -9.999  -9.999    .102  -9.999
    94   2.650   1.600    .558    .231    .211  -9.999  -9.999    .101  -9.999
   127   2.650   1.420    .495    .290    .215  -9.999  -9.999    .048  -9.999
   165   2.650   1.450    .559    .256    .185  -9.999  -9.999    .019  -9.999
  6 PERELLA         
    18   2.650   1.600    .548    .236    .216  -9.999  -9.999    .093  -9.999
    43   2.650   1.600    .571    .225    .204  -9.999  -9.999    .259  -9.999
    66   2.650   1.450    .581    .231    .188  -9.999  -9.999    .249  -9.999
    81   2.650   1.450    .578    .230    .192  -9.999  -9.999    .249  -9.999
   124   2.650   1.420    .484    .327    .189  -9.999  -9.999    .213  -9.999
   165   2.650   1.420    .485    .351    .164  -9.999  -9.999    .241  -9.999
  5 PERELLA         
    18   2.650   1.420    .457    .287    .256  -9.999  -9.999    .202  -9.999
    51   2.650   1.600    .498    .256    .246  -9.999  -9.999    .093  -9.999
    79   2.650   1.600    .508    .260    .232  -9.999  -9.999    .149  -9.999
   114   2.650   1.450    .591    .220    .189  -9.999  -9.999    .180  -9.999
   165   2.650   1.450    .541    .316    .143  -9.999  -9.999    .097  -9.999
  5 PERELLA         
    18   2.650   1.420    .419    .394    .187  -9.999  -9.999    .267  -9.999
    51   2.650   1.420    .386    .441    .173  -9.999  -9.999    .156  -9.999
    84   2.650   1.420    .355    .469    .176  -9.999  -9.999    .163  -9.999
   112   2.650   1.320    .322    .584    .094  -9.999  -9.999    .136  -9.999
   165   2.650   1.320    .343    .586    .071  -9.999  -9.999    .062  -9.999
  6 PERELLA         
    15   2.650   1.450    .608    .209    .183  -9.999  -9.999    .017  -9.999
    48   2.650   1.450    .621    .223    .156  -9.999  -9.999    .019  -9.999
    74   2.650   1.450    .563    .237    .200  -9.999  -9.999    .193  -9.999
   104   2.650   1.450    .564    .253    .183  -9.999  -9.999    .165  -9.999
   124   2.650   1.450    .741    .180    .079  -9.999  -9.999    .123  -9.999
   165   2.650   1.450    .703    .242    .055  -9.999  -9.999    .117  -9.999
  6 PORTAL          
    15   2.650   1.450    .713    .176    .111  -9.999  -9.999    .074  -9.999
    20   2.650   1.450    .747    .162    .091  -9.999  -9.999    .059  -9.999
    30   2.650   1.450    .694    .150    .156  -9.999  -9.999    .102  -9.999
    56   2.650   1.450    .727    .146    .127  -9.999  -9.999    .081   8.300
   102   2.650   1.450    .712    .138    .150  -9.999  -9.999    .094   8.500
   152   2.650   1.450    .667    .208    .125  -9.999  -9.999    .096   8.900
  1 RENSHAW         
    60   2.650   1.490    .888    .084    .028  -9.999  -9.999    .052  -9.999
  3 SCORIO          
    20   2.650   1.380    .049    .437    .514  -9.999  -9.999    .295   7.300
    81   2.650   1.380    .064    .417    .519  -9.999  -9.999    .293   7.400
   165   2.650   1.450    .632    .221    .147  -9.999  -9.999    .115   7.800
  3 SCORIO          
    20   2.650   1.380    .040    .446    .514  -9.999  -9.999    .277   7.600
    61   2.650   1.380    .036    .453    .511  -9.999  -9.999    .282   7.500
   165   2.650   1.420    .385    .470    .145  -9.999  -9.999    .111   7.700
  5 SEN             
    38   2.650   1.420    .365    .428    .207  -9.999  -9.999    .153  -9.999
    51   2.650   1.420    .351    .438    .211  -9.999  -9.999    .158  -9.999
    71   2.650   1.380    .061    .515    .424  -9.999  -9.999    .244  -9.999
    79   2.650   1.420    .334    .442    .224  -9.999  -9.999    .187  -9.999
   152   2.650   1.420    .388    .360    .252  -9.999  -9.999    .197  -9.999
  4 SINAI           
    61   2.650   1.380    .096    .475    .429  -9.999  -9.999    .297  -9.999
    81   2.650   1.380    .062    .509    .429  -9.999  -9.999    .276  -9.999
   112   2.650   1.380    .035    .501    .464  -9.999  -9.999    .294  -9.999
   152   2.650   1.420    .244    .448    .308  -9.999  -9.999    .231  -9.999
  4 TALLY           
    36   2.650   1.490    .628    .215    .157    .174  -9.999    .097  -9.999
    61   2.650   1.470    .492    .278    .230    .250  -9.999    .146  -9.999
   112   2.650   1.610    .905    .050    .045    .063  -9.999    .042  -9.999
   213   2.650   1.490    .940    .036    .024  -9.999  -9.999    .033  -9.999
  2 TALLY           
    89   2.650   1.590    .749    .169    .082    .100  -9.999    .073  -9.999
   213   2.650   1.490    .941    .039    .020  -9.999  -9.999    .033  -9.999
  7 TALLY           
    18   2.650   1.450    .716    .180    .104  -9.999  -9.999    .083  -9.999
    25   2.650   1.380    .692    .196    .112    .171  -9.999    .077  -9.999
    43   2.650   1.620    .687    .206    .107    .194  -9.999    .089  -9.999
    58   2.650   1.520    .725    .140    .135    .154  -9.999    .076  -9.999
    89   2.650   1.600    .783    .107    .110    .118  -9.999    .066  -9.999
   132   2.650   1.490    .891    .036    .073  -9.999  -9.999    .045  -9.999
   213   2.650   1.490    .879    .064    .057  -9.999  -9.999    .051  -9.999
  2 TALLY           
   107   2.650   1.470    .761    .116    .123    .157  -9.999    .088  -9.999
   213   2.650   1.450    .703    .145    .152    .225  -9.999    .113  -9.999
  5 VEBAR           
    30   2.650   1.450    .735    .119    .146  -9.999  -9.999    .110  -9.999
    61   2.650   1.450    .728    .139    .133  -9.999  -9.999    .110  -9.999
    81   2.650   1.450    .783    .106    .111  -9.999  -9.999    .100  -9.999
    74   2.650   1.450    .677    .176    .147  -9.999  -9.999    .128  -9.999
   152   2.650   1.450    .774    .120    .106  -9.999  -9.999    .106  -9.999
  2 VEBAR           
    91   2.650   1.450    .760    .141    .099  -9.999  -9.999    .136  -9.999
   152   2.650   1.490    .871    .080    .049  -9.999  -9.999    .085  -9.999
  6 WAYDEN          
    10   2.650   1.460    .056    .466    .478    .407  -9.999    .250   7.700
    23   2.650   1.380    .017    .459    .524    .371  -9.999    .244   7.500
    46   2.650   1.380    .009    .510    .481    .344  -9.999    .240   7.500
    56   2.650   1.380    .001    .500    .499    .335  -9.999    .257   7.700
    81   2.650   1.380    .001    .547    .452    .323  -9.999    .233   7.800
   140   2.650   1.380    .002    .435    .563    .353  -9.999    .273   7.500
  8 WILDROSE        
    15   2.650   1.390    .167    .275    .558  -9.999  -9.999    .310   6.900
    36   2.650   1.390    .141    .260    .599  -9.999  -9.999    .378   7.600
    53   2.650   1.390    .141    .248    .611  -9.999  -9.999    .388   7.700
    79   2.650   1.390    .128    .257    .615  -9.999  -9.999    .343   7.900
    97   2.650   1.390    .095    .276    .629  -9.999  -9.999    .324   7.800
   112   2.650   1.390    .051    .325    .624  -9.999  -9.999    .316   7.500
   159   2.650   1.390    .014    .360    .626  -9.999  -9.999    .322   7.700
   203   2.650   1.380    .007    .421    .572  -9.999  -9.999    .323   7.700
  5 WILLIAMS        
    33   2.650   1.420    .430    .327    .243  -9.999  -9.999    .143  -9.999
    48   2.650   1.550    .253    .340    .407    .364  -9.999    .232  -9.999
    74   2.650   1.570    .431    .327    .242    .328  -9.999    .154  -9.999
   117   2.650   1.610    .267    .459    .274    .357  -9.999    .159  -9.999
   213   2.650   1.420    .347    .328    .325  -9.999  -9.999    .172  -9.999
  6 WILLIAMS        
    10   2.650   1.290    .234    .520    .246    .352  -9.999    .160  -9.999
    25   2.650   1.430    .394    .274    .332    .325  -9.999    .176  -9.999
    51   2.650   1.420    .346    .344    .310  -9.999  -9.999    .196  -9.999
    76   2.650   1.560    .282    .369    .349    .406  -9.999    .217  -9.999
   104   2.650   1.420    .357    .321    .322    .378  -9.999    .197  -9.999
   213   2.650   1.420    .386    .313    .301  -9.999  -9.999    .199  -9.999
  4 WILLIAMS        
    48   2.650   1.420    .251    .375    .374  -9.999  -9.999    .219  -9.999
    69   2.650   1.420    .232    .417    .351  -9.999  -9.999    .199  -9.999
   104   2.650   1.500    .230    .437    .333    .417  -9.999    .228  -9.999
   213   2.650   1.420    .283    .398    .319    .416  -9.999    .230  -9.999
  1 ZAHL            
    18   2.650   1.600    .477    .248    .275  -9.999  -9.999    .192  -9.999
