  1 BECKET          
   145   2.650   1.740    .669    .315    .016    .143  -9.999    .038  -9.999
  1 MARLOW          
   153   2.650   1.760    .530    .304    .166    .271  -9.999    .143  -9.999
  1 OSSIPEE         
   152   2.650   1.420    .280    .408    .312  -9.999  -9.999    .237  -9.999
  1 PERU            
   124   2.650   1.690    .567    .348    .085    .272  -9.999    .101  -9.999
  1 SCITICO         
    56   2.650   1.380    .030    .521    .449  -9.999  -9.999    .283  -9.999
