  6 ALGERITA        
    10   2.650   1.580    .879    .050    .071    .172  -9.999    .062  -9.999
    45   2.650   1.610    .823    .077    .100    .138  -9.999    .080  -9.999
    86   2.650   1.450    .382    .284    .334    .344  -9.999    .165  -9.999
   117   2.650   1.560    .470    .266    .264    .363  -9.999    .195  -9.999
   145   2.650   1.600    .559    .257    .184    .314  -9.999    .194  -9.999
   160   2.650   1.450    .573    .245    .182  -9.999  -9.999    .183  -9.999
  7 AMARILLO        
    13   2.650   1.550    .836    .089    .075    .166  -9.999    .056  -9.999
    28   2.650   1.520    .770    .084    .146    .175  -9.999    .093  -9.999
    48   2.650   1.580    .670    .112    .218    .235  -9.999    .141  -9.999
    66   2.650   1.580    .737    .091    .172    .212  -9.999    .101  -9.999
    86   2.650   1.450    .742    .089    .169  -9.999  -9.999    .100  -9.999
   119   2.650   1.670    .780    .085    .135    .179  -9.999    .092  -9.999
   165   2.650   1.520    .681    .167    .152    .307  -9.999    .105   7.800
  4 ANDERGEORGE     
    13   2.650   1.450    .561    .282    .157  -9.999  -9.999    .119  -9.999
    41   2.650   1.420    .462    .282    .256  -9.999  -9.999    .129  -9.999
    51   2.650   1.420    .474    .332    .194  -9.999  -9.999    .106  -9.999
   178   2.650   1.450    .675    .175    .150  -9.999  -9.999    .104  -9.999
  4 ANDERGEORGE     
    15   2.650   1.450    .667    .200    .133  -9.999  -9.999    .097  -9.999
    46   2.650   1.600    .515    .251    .234  -9.999  -9.999    .162  -9.999
    56   2.650   1.450    .595    .277    .128  -9.999  -9.999    .106  -9.999
   211   2.650   1.450    .715    .187    .098  -9.999  -9.999    .074  -9.999
  3 APARK           
   100   2.650   1.450    .768    .079    .153  -9.999  -9.999    .146  -9.999
   135   2.650   1.490    .832    .063    .105  -9.999  -9.999    .112  -9.999
   178   2.650   1.490    .867    .051    .082  -9.999  -9.999    .086  -9.999
  9 AQUIMA          
     3   2.650   1.420    .418    .353    .229  -9.999  -9.999    .186   7.600
    18   2.650   1.540    .418    .381    .201    .320  -9.999    .191  -9.999
    43   2.650   1.450    .546    .315    .139  -9.999  -9.999    .145  -9.999
    66   2.650   1.390    .481    .359    .160    .318  -9.999    .192  -9.999
    76   2.650   1.450    .559    .303    .138  -9.999  -9.999    .187  -9.999
    84   2.650   1.450    .564    .301    .135  -9.999  -9.999    .183  -9.999
   114   2.650   1.520    .493    .361    .146    .312  -9.999    .196   7.900
   124   2.650   1.450    .521    .327    .152  -9.999  -9.999    .161   7.900
   152   2.650   1.420    .472    .313    .215  -9.999  -9.999    .136  -9.999
  4 ARNO            
     8   2.650   1.380    .017    .473    .510  -9.999  -9.999    .293   7.500
    43   2.650   1.390    .002    .345    .653  -9.999  -9.999    .342   7.700
   104   2.650   1.390    .001    .391    .608  -9.999  -9.999    .352   7.500
   152   2.650   1.420    .214    .462    .324  -9.999  -9.999    .220   7.900
  1 ASPARAS         
    97   2.650   1.380    .179    .402    .419  -9.999  -9.999    .207  -9.999
  3 ATOKA           
    15   2.650   1.420    .460    .379    .161  -9.999  -9.999    .139   7.600
    48   2.650   1.420    .379    .354    .267  -9.999  -9.999    .165   7.800
    76   2.650   1.420    .363    .341    .296  -9.999  -9.999    .160  -9.999
  4 ATOKA           
     8   2.650   1.450    .560    .356    .084  -9.999  -9.999    .102   7.800
    18   2.650   1.420    .454    .350    .196  -9.999  -9.999    .151   7.900
    36   2.650   1.420    .434    .346    .220  -9.999  -9.999    .155  -9.999
    79   2.650   1.420    .397    .343    .260  -9.999  -9.999    .159  -9.999
  7 AUGUSTINE       
     5   2.650   1.570    .618    .246    .136    .140  -9.999    .086   7.500
    13   2.650   1.600    .490    .221    .289  -9.999  -9.999    .144  -9.999
    36   2.650   1.720    .495    .181    .324    .330  -9.999    .208  -9.999
    64   2.650   1.600    .503    .243    .254    .322  -9.999    .166  -9.999
    84   2.650   1.420    .474    .294    .232  -9.999  -9.999    .141   8.200
   127   2.650   1.680    .555    .234    .211    .200  -9.999    .151   8.200
   165   2.650   1.420    .498    .304    .198  -9.999  -9.999    .133   8.100
  7 AUGUSTINE       
     5   2.650   1.610    .653    .200    .147    .151  -9.999    .092  -9.999
    15   2.650   1.430    .503    .299    .198    .207  -9.999    .109   7.700
    30   2.650   1.420    .413    .214    .373    .304  -9.999    .182   7.900
    46   2.650   1.420    .330    .287    .383  -9.999  -9.999    .202   8.100
    66   2.650   1.420    .394    .226    .380    .254  -9.999    .182   8.200
   114   2.650   1.420    .235    .380    .385    .278  -9.999    .183   7.800
   152   2.650   1.390    .067    .390    .543  -9.999  -9.999    .239   7.700
  3 BANDERA         
    10   2.650   1.420    .433    .452    .115  -9.999  -9.999    .197  -9.999
    23   2.650   1.420    .437    .455    .108  -9.999  -9.999    .204  -9.999
    41   2.650   1.420    .476    .421    .103  -9.999  -9.999    .199  -9.999
  4 BANDERA         
    10   2.650   1.320    .351    .504    .145  -9.999  -9.999    .180  -9.999
    20   2.650   1.320    .314    .507    .179  -9.999  -9.999    .205  -9.999
    38   2.650   1.420    .468    .411    .121  -9.999  -9.999    .125  -9.999
    79   2.650   1.390    .141    .340    .519  -9.999  -9.999    .272  -9.999
  2 BARIO           
    43   2.650   1.390    .449    .130    .421  -9.999  -9.999    .231  -9.999
   122   2.650   1.600    .505    .167    .328  -9.999  -9.999    .234  -9.999
  4 BENALLY         
    10   2.650   1.420    .416    .224    .360  -9.999  -9.999    .158   8.400
    28   2.650   1.420    .332    .299    .369  -9.999  -9.999    .169   8.400
    48   2.650   1.420    .313    .365    .322  -9.999  -9.999    .126   8.000
    79   2.650   1.320    .322    .580    .098  -9.999  -9.999    .108   8.100
  7 BENALLY         
     3   2.650   1.750    .781    .100    .119    .105  -9.999    .080  -9.999
    13   2.650   1.730    .814    .070    .116    .145  -9.999    .078  -9.999
    28   2.650   1.700    .661    .126    .213    .275  -9.999    .160   8.400
    43   2.650   1.600    .473    .182    .345  -9.999  -9.999    .221   8.100
    58   2.650   1.600    .508    .184    .308  -9.999  -9.999    .202   8.200
    89   2.650   1.750    .669    .136    .195    .308  -9.999    .137   8.200
   163   2.650   1.450    .724    .110    .166  -9.999  -9.999    .107   8.300
  7 BERWOLF         
     6   2.650   1.490    .877    .074    .049  -9.999  -9.999    .033   7.500
    20   2.650   1.630    .873    .054    .073    .098  -9.999    .049  -9.999
    51   2.650   1.450    .723    .092    .185  -9.999  -9.999    .113  -9.999
    89   2.650   1.700    .766    .079    .155    .187  -9.999    .109  -9.999
   117   2.650   1.450    .715    .093    .192  -9.999  -9.999    .109  -9.999
   168   2.650   1.720    .626    .171    .203    .258  -9.999    .103  -9.999
   200   2.650   1.450    .682    .122    .196  -9.999  -9.999    .084   8.200
  9 BERWOLF         
     6   2.650   1.490    .950    .042    .008  -9.999  -9.999    .028   7.400
    20   2.650   2.310    .952    .036    .012  -9.999  -9.999    .032  -9.999
    32   2.650   1.490    .946    .038    .016  -9.999  -9.999    .024  -9.999
    43   2.650   1.490    .880    .047    .073  -9.999  -9.999    .064  -9.999
    73   2.650   1.570    .819    .062    .119    .160  -9.999    .099  -9.999
   113   2.650   1.600    .589    .207    .204  -9.999  -9.999    .110  -9.999
   143   2.650   1.700    .530    .259    .211    .248  -9.999    .124  -9.999
   165   2.650   1.600    .603    .186    .211  -9.999  -9.999    .112   8.200
   190   2.650   1.690    .753    .117    .130    .154  -9.999    .118   8.200
  7 BERWOLF         
     5   2.650   1.570    .781    .139    .080    .294  -9.999    .057   7.600
    13   2.650   1.490    .806    .110    .084  -9.999  -9.999    .057  -9.999
    33   2.650   1.830    .809    .082    .109    .181  -9.999    .077  -9.999
    71   2.650   1.470    .723    .143    .134    .216  -9.999    .084  -9.999
   104   2.650   1.450    .785    .112    .103    .319  -9.999    .058  -9.999
   137   2.650   1.640    .757    .123    .120    .177  -9.999    .079  -9.999
   165   2.650   1.600    .575    .250    .175    .248  -9.999    .098  -9.999
  8 BETONNIE        
     8   2.650   1.620    .765    .164    .071    .097  -9.999    .062  -9.999
    28   2.650   1.590    .702    .178    .120    .124  -9.999    .073  -9.999
    53   2.650   1.780    .795    .100    .105    .153  -9.999    .080  -9.999
    74   2.650   1.780    .825    .075    .100    .150  -9.999    .082  -9.999
   105   2.650   1.690    .838    .073    .089    .118  -9.999    .066  -9.999
   132   2.650   1.450    .759    .156    .085  -9.999  -9.999    .064  -9.999
   145   2.650   1.700    .628    .215    .157    .299  -9.999    .138   8.100
   167   2.650   1.670    .834    .078    .088    .170  -9.999    .065   8.400
  8 BETONNIE        
     5   2.650   1.490    .747    .177    .076    .119  -9.999    .052  -9.999
    20   2.650   1.600    .889    .035    .076    .182  -9.999    .048  -9.999
    33   2.650   1.690    .877    .042    .081    .162  -9.999    .056  -9.999
    48   2.650   1.730    .820    .074    .106    .137  -9.999    .083  -9.999
    63   2.650   1.800    .864    .038    .098    .151  -9.999    .077  -9.999
    91   2.650   1.700    .847    .041    .112    .151  -9.999    .078  -9.999
   121   2.650   1.760    .794    .067    .139    .114  -9.999    .102  -9.999
   180   2.650   1.710    .737    .108    .155    .106  -9.999    .106  -9.999
  5 BIGETTY         
    10   2.650   1.430    .264    .547    .189    .282  -9.999    .177   7.700
    26   2.650   1.240    .151    .618    .231    .300  -9.999    .138  -9.999
    61   2.650   1.280    .123    .655    .222    .320  -9.999    .151   7.800
   102   2.650   1.320    .150    .642    .208    .354  -9.999    .140   7.800
   168   2.650   1.350    .213    .589    .198    .327  -9.999    .140   7.700
 10 BLUEPOINT       
    13   2.650   1.490    .927    .056    .017  -9.999  -9.999    .031  -9.999
    23   2.650   1.490    .917    .064    .019  -9.999  -9.999    .028  -9.999
    34   2.650   1.490    .865    .104    .031  -9.999  -9.999    .040  -9.999
    43   2.650   1.490    .846    .117    .037  -9.999  -9.999    .051  -9.999
    68   2.650   1.490    .821    .137    .042  -9.999  -9.999    .058  -9.999
    92   2.650   1.490    .816    .144    .040  -9.999  -9.999    .051  -9.999
   106   2.650   1.490    .838    .110    .052  -9.999  -9.999    .048  -9.999
   119   2.650   1.490    .827    .113    .060  -9.999  -9.999    .049  -9.999
   143   2.650   1.490    .864    .097    .039  -9.999  -9.999    .046  -9.999
   162   2.650   1.490    .892    .087    .021  -9.999  -9.999    .037  -9.999
  7 BRIMHALL        
     3   2.650   1.450    .803    .075    .122  -9.999  -9.999    .062  -9.999
    10   2.650   1.730    .765    .099    .136    .135  -9.999    .083  -9.999
    23   2.650   1.650    .719    .128    .153    .150  -9.999    .094  -9.999
    36   2.650   1.450    .663    .153    .184  -9.999  -9.999    .109  -9.999
    61   2.650   1.680    .684    .139    .177    .222  -9.999    .104  -9.999
    86   2.650   1.540    .733    .117    .150    .283  -9.999    .075   7.900
   137   2.650   1.450    .707    .183    .110  -9.999  -9.999    .062   7.800
  8 BUCKLEBAR       
   138   2.650   1.450    .743    .141    .116  -9.999  -9.999    .086  -9.999
   171   2.650   1.450    .760    .155    .085  -9.999  -9.999    .136  -9.999
   195   2.650   1.450    .770    .145    .085  -9.999  -9.999    .115  -9.999
   208   2.650   1.490    .821    .129    .050  -9.999  -9.999    .095  -9.999
   237   2.650   1.490    .884    .091    .025  -9.999  -9.999    .086  -9.999
   260   2.650   1.490    .929    .059    .012  -9.999  -9.999    .089  -9.999
   284   2.650   1.490    .918    .076    .006  -9.999  -9.999    .092  -9.999
   292   2.650   1.490    .827    .135    .038  -9.999  -9.999    .112  -9.999
 10 BUCKLEBAR       
     3   2.650   1.600    .584    .215    .201  -9.999  -9.999    .131  -9.999
     8   2.650   1.600    .488    .244    .268  -9.999  -9.999    .168  -9.999
    14   2.650   1.600    .494    .245    .261  -9.999  -9.999    .165  -9.999
    25   2.650   1.420    .457    .283    .260  -9.999  -9.999    .129  -9.999
    42   2.650   1.600    .531    .250    .219  -9.999  -9.999    .133  -9.999
    56   2.650   1.450    .573    .244    .183  -9.999  -9.999    .106  -9.999
    69   2.650   1.450    .619    .218    .163  -9.999  -9.999    .103  -9.999
    85   2.650   1.450    .650    .201    .149  -9.999  -9.999    .093  -9.999
   101   2.650   1.450    .709    .160    .131  -9.999  -9.999    .084  -9.999
   118   2.650   1.490    .856    .082    .062  -9.999  -9.999    .061  -9.999
  1 CALAVERAS       
   138   2.650   1.600    .568    .249    .183    .309  -9.999    .139  -9.999
 10 CALIZA          
     8   2.650   1.490    .841    .116    .043  -9.999  -9.999    .052  -9.999
    20   2.650   1.490    .824    .129    .047  -9.999  -9.999    .057  -9.999
    31   2.650   1.490    .790    .151    .059  -9.999  -9.999    .072  -9.999
    46   2.650   1.450    .767    .160    .073  -9.999  -9.999    .071  -9.999
    64   2.650   1.490    .785    .155    .060  -9.999  -9.999    .070  -9.999
    74   2.650   1.490    .818    .117    .065  -9.999  -9.999    .057  -9.999
    82   2.650   1.490    .816    .115    .069  -9.999  -9.999    .064  -9.999
    95   2.650   1.490    .833    .110    .057  -9.999  -9.999    .052  -9.999
   107   2.650   1.490    .857    .092    .051  -9.999  -9.999    .045   8.600
   115   2.650   1.490    .869    .086    .045  -9.999  -9.999    .042   8.300
  8 CANEZ           
     5   2.650   1.630    .727    .107    .166    .106  -9.999    .095   7.800
    20   2.650   1.620    .778    .088    .134    .154  -9.999    .076   7.600
    43   2.650   1.610    .698    .090    .212    .233  -9.999    .124  -9.999
    56   2.650   1.570    .703    .100    .197    .220  -9.999    .115   7.700
    97   2.650   1.570    .747    .125    .128    .196  -9.999    .085   7.100
   122   2.650   1.650    .626    .154    .220    .246  -9.999    .114   7.800
   140   2.650   1.420    .409    .242    .349    .339  -9.999    .196   7.600
   165   2.650   1.780    .419    .295    .286    .326  -9.999    .187   7.800
  4 CENIZA          
     9   2.650   1.450    .535    .338    .127  -9.999  -9.999    .186   7.200
    27   2.650   1.420    .508    .345    .147  -9.999  -9.999    .169  -9.999
    42   2.650   1.450    .584    .304    .112  -9.999  -9.999    .177  -9.999
    53   2.650   1.450    .580    .308    .112  -9.999  -9.999    .058   8.000
  7 CERRILLOS       
     8   2.650   1.580    .775    .126    .099    .103  -9.999    .070  -9.999
    20   2.650   1.590    .618    .127    .255    .251  -9.999    .140  -9.999
    30   2.650   1.630    .632    .123    .245    .205  -9.999    .156  -9.999
    41   2.650   1.600    .487    .237    .276  -9.999  -9.999    .158  -9.999
    79   2.650   1.610    .576    .184    .240    .274  -9.999    .155  -9.999
    97   2.650   1.600    .629    .163    .208  -9.999  -9.999    .115   8.100
   168   2.650   1.750    .685    .148    .167    .175  -9.999    .110   8.100
  6 CHAMITA         
     5   2.650   1.420    .222    .495    .283  -9.999  -9.999    .220  -9.999
    15   2.650   1.420    .286    .421    .293  -9.999  -9.999    .217  -9.999
    25   2.650   1.420    .308    .402    .290  -9.999  -9.999    .203  -9.999
    36   2.650   1.420    .311    .397    .292  -9.999  -9.999    .200  -9.999
    46   2.650   1.420    .250    .467    .283  -9.999  -9.999    .203  -9.999
    56   2.650   1.450    .696    .144    .160  -9.999  -9.999    .164  -9.999
  8 CHARETTE        
     5   2.650   1.170    .316    .471    .213    .226  -9.999    .108  -9.999
    29   2.650   1.550    .273    .417    .310    .298  -9.999    .175  -9.999
    47   2.650   1.660    .238    .369    .393    .365  -9.999    .239  -9.999
    74   2.650   1.660    .228    .375    .397    .359  -9.999    .249  -9.999
    97   2.650   1.550    .295    .356    .349    .336  -9.999    .208  -9.999
   130   2.650   1.420    .348    .307    .345    .319  -9.999    .197  -9.999
   152   2.650   1.420    .371    .267    .362    .319  -9.999    .213  -9.999
   177   2.650   1.420    .410    .265    .325    .354  -9.999    .189  -9.999
  8 CHUPADERA       
     8   2.650   1.450    .797    .092    .111  -9.999  -9.999    .071   7.900
    20   2.650   1.560    .736    .093    .171    .158  -9.999    .095  -9.999
    33   2.650   1.450    .714    .119    .167  -9.999  -9.999    .097  -9.999
    53   2.650   1.710    .672    .146    .182    .227  -9.999    .120  -9.999
    74   2.650   1.600    .550    .206    .244  -9.999  -9.999    .160  -9.999
    91   2.650   1.600    .576    .235    .189    .266  -9.999    .139   8.600
   112   2.650   1.450    .616    .226    .158  -9.999  -9.999    .107   8.700
   122   2.650   1.450    .681    .164    .155    .196  -9.999    .103   8.500
  6 CLOVIS          
     5   2.650   1.700    .580    .228    .192    .277  -9.999    .127   7.700
    15   2.650   1.570    .626    .243    .131    .221  -9.999    .085  -9.999
    38   2.650   1.510    .597    .210    .193    .248  -9.999    .121  -9.999
    71   2.650   1.600    .497    .273    .230    .306  -9.999    .139  -9.999
    97   2.650   1.620    .583    .220    .197    .232  -9.999    .138  -9.999
   118   2.650   1.610    .590    .194    .216    .324  -9.999    .126   8.200
  6 COUNCELOR       
     5   2.650   1.550    .715    .213    .072    .332  -9.999    .050  -9.999
    40   2.650   1.500    .766    .143    .091    .331  -9.999    .056  -9.999
    68   2.650   1.550    .765    .144    .091    .267  -9.999    .060  -9.999
    81   2.650   1.610    .746    .144    .110    .187  -9.999    .074   8.000
   130   2.650   1.540    .853    .080    .067    .234  -9.999    .045   8.700
   152   2.650   1.580    .851    .084    .065    .229  -9.999    .047   8.600
  9 COUNCELOR       
     5   2.650   1.520    .649    .267    .084    .169  -9.999    .067  -9.999
    18   2.650   1.500    .783    .121    .096    .152  -9.999    .061  -9.999
    33   2.650   1.420    .493    .375    .132  -9.999  -9.999    .095   7.900
    81   2.650   1.460    .416    .448    .136    .364  -9.999    .120   8.300
    91   2.650   1.520    .322    .431    .247    .395  -9.999    .190   8.000
   114   2.650   1.440    .606    .241    .153    .240  -9.999    .101   7.900
   127   2.650   1.420    .344    .465    .191  -9.999  -9.999    .175   8.200
   145   2.650   1.410    .343    .486    .171    .238  -9.999    .145   8.100
   152   2.650   1.530    .507    .289    .204    .269  -9.999    .139   8.100
  1 DENAZAR         
    69   2.650   1.450    .771    .123    .106  -9.999  -9.999    .070   8.100
  6 DIOXICE         
    10   2.650   1.420    .309    .355    .336  -9.999  -9.999    .187  -9.999
    20   2.650   1.420    .359    .303    .338  -9.999  -9.999    .189  -9.999
    46   2.650   1.420    .235    .471    .294  -9.999  -9.999    .204  -9.999
    71   2.650   1.400    .189    .464    .347  -9.999  -9.999    .206  -9.999
    99   2.650   1.400    .177    .442    .381  -9.999  -9.999    .213  -9.999
   152   2.650   1.390    .136    .377    .487  -9.999  -9.999    .211  -9.999
  8 DOAK            
     3   2.650   1.450    .689    .112    .199  -9.999  -9.999    .100  -9.999
    10   2.650   1.550    .667    .112    .221    .177  -9.999    .108  -9.999
    20   2.650   1.450    .748    .078    .174  -9.999  -9.999    .087  -9.999
    36   2.650   1.620    .649    .074    .277    .238  -9.999    .136  -9.999
    56   2.650   1.600    .683    .094    .223  -9.999  -9.999    .120  -9.999
    86   2.650   1.650    .667    .092    .241    .213  -9.999    .137  -9.999
   104   2.650   1.450    .783    .075    .142  -9.999  -9.999    .078  -9.999
   152   2.650   1.610    .757    .110    .133    .169  -9.999    .090   8.100
  3 DOAKUM          
     5   2.650   1.450    .723    .188    .089  -9.999  -9.999    .061   7.400
    25   2.650   1.600    .601    .186    .213  -9.999  -9.999    .133   7.600
    41   2.650   1.450    .669    .163    .168  -9.999  -9.999    .107   7.900
  7 DOAKUM          
     2   2.650   1.450    .695    .236    .069  -9.999  -9.999    .045  -9.999
    10   2.650   1.450    .644    .248    .108  -9.999  -9.999    .051  -9.999
    31   2.650   1.640    .557    .150    .293    .238  -9.999    .180  -9.999
    46   2.650   1.660    .703    .132    .165    .232  -9.999    .115   8.100
    92   2.650   1.700    .638    .209    .153    .280  -9.999    .097   7.900
   135   2.650   1.580    .623    .174    .203    .300  -9.999    .128   7.700
   152   2.650   1.680    .664    .142    .194    .254  -9.999    .123   8.000
  7 DOAKUM          
    10   2.650   1.580    .615    .292    .093    .150  -9.999    .066  -9.999
    25   2.650   1.560    .613    .204    .183    .167  -9.999    .115  -9.999
    51   2.650   1.670    .717    .119    .164    .222  -9.999    .125  -9.999
    76   2.650   1.670    .702    .139    .159    .232  -9.999    .112  -9.999
   122   2.650   1.630    .720    .130    .150    .220  -9.999    .114   8.000
   142   2.650   1.450    .775    .095    .130  -9.999  -9.999    .090   8.000
   182   2.650   1.490    .846    .048    .106  -9.999  -9.999    .067   8.000
  8 DOAKUM          
     8   2.650   1.440    .661    .259    .080    .278  -9.999    .056  -9.999
    25   2.650   1.600    .588    .228    .184    .309  -9.999    .112  -9.999
    40   2.650   1.450    .588    .214    .198  -9.999  -9.999    .115  -9.999
    69   2.650   1.770    .565    .241    .194    .276  -9.999    .143   8.000
    86   2.650   1.800    .661    .184    .155    .196  -9.999    .112   8.000
   104   2.650   1.790    .728    .147    .125    .206  -9.999    .097   8.100
   120   2.650   1.710    .657    .209    .134    .236  -9.999    .106   8.100
   178   2.650   1.590    .533    .290    .177    .272  -9.999    .127   7.900
  3 DUMAS           
    51   2.650   1.600    .459    .245    .296  -9.999  -9.999    .182  -9.999
    91   2.650   1.600    .539    .195    .266  -9.999  -9.999    .179  -9.999
   152   2.650   1.600    .609    .139    .252  -9.999  -9.999    .126  -9.999
  5 EBA             
     5   2.650   1.450    .640    .239    .121  -9.999  -9.999    .086  -9.999
    53   2.650   1.390    .341    .210    .449  -9.999  -9.999    .222  -9.999
    86   2.650   1.390    .181    .298    .521  -9.999  -9.999    .339   7.600
   104   2.650   1.390    .297    .253    .450  -9.999  -9.999    .300   7.600
   163   2.650   1.420    .339    .319    .342  -9.999  -9.999    .224   7.700
  4 FLACO           
     5   2.650   1.420    .495    .359    .146  -9.999  -9.999    .118  -9.999
    18   2.650   1.420    .398    .305    .297  -9.999  -9.999    .206  -9.999
    41   2.650   1.420    .303    .408    .289  -9.999  -9.999    .209  -9.999
    74   2.650   1.420    .336    .352    .312  -9.999  -9.999    .192  -9.999
  7 FLUGLE          
     5   2.650   1.510    .573    .328    .099    .169  -9.999    .068   7.100
    15   2.650   1.540    .424    .321    .255    .299  -9.999    .125  -9.999
    41   2.650   1.730    .378    .315    .307    .346  -9.999    .227   7.300
    71   2.650   1.680    .569    .217    .214    .279  -9.999    .143   7.900
   109   2.650   1.640    .373    .382    .245    .371  -9.999    .180   8.100
   132   2.650   1.640    .439    .340    .221    .338  -9.999    .159   8.100
   152   2.650   1.650    .530    .264    .206    .299  -9.999    .139   8.100
  2 FLUGLE          
    71   2.650   1.600    .527    .249    .224  -9.999  -9.999    .150   7.800
   109   2.650   1.420    .382    .387    .231  -9.999  -9.999    .152   8.200
  8 FLUGLE          
     5   2.650   1.450    .767    .158    .075  -9.999  -9.999    .059   7.100
    18   2.650   1.670    .716    .168    .116    .266    .304    .089  -9.999
    61   2.650   1.560    .611    .198    .191    .192    .331    .129  -9.999
    81   2.650   1.450    .623    .204    .173    .242    .290    .110  -9.999
   104   2.650   1.640    .678    .177    .145    .295    .325    .107  -9.999
   165   2.650   1.450    .776    .089    .135  -9.999  -9.999    .087  -9.999
   185   2.650   1.600    .768    .109    .123    .328    .349    .093  -9.999
   214   2.650   1.580    .706    .145    .149    .365    .346    .103   8.100
  5 FORDBUTTE       
    15   2.650   1.590    .530    .302    .168    .164  -9.999    .095   7.700
    40   2.650   1.620    .407    .378    .215    .224  -9.999    .107  -9.999
    55   2.650   1.680    .416    .393    .191    .237  -9.999    .114   8.600
    70   2.650   1.680    .398    .433    .169    .252  -9.999    .101   8.700
    88   2.650   1.840    .442    .401    .157    .212  -9.999    .107   8.200
  1 FRAGUNI         
    94   2.650   1.810    .789    .064    .147    .264  -9.999    .159  -9.999
  7 FRUITLAND       
    10   2.650   1.450    .717    .160    .123  -9.999  -9.999    .083  -9.999
    51   2.650   1.660    .725    .164    .111    .198  -9.999    .100  -9.999
    81   2.650   1.600    .683    .198    .119    .243  -9.999    .099  -9.999
   102   2.650   1.450    .790    .116    .094  -9.999  -9.999    .081  -9.999
   137   2.650   1.670    .631    .242    .127    .219  -9.999    .112  -9.999
   191   2.650   1.650    .806    .133    .061    .132  -9.999    .063  -9.999
   244   2.650   1.450    .688    .185    .127  -9.999  -9.999    .091  -9.999
  6 FRUITLAND       
    10   2.650   1.450    .712    .169    .119  -9.999  -9.999    .077  -9.999
    36   2.650   1.450    .619    .182    .199  -9.999  -9.999    .120  -9.999
    69   2.650   1.450    .621    .214    .165  -9.999  -9.999    .106  -9.999
    89   2.650   1.450    .746    .148    .106  -9.999  -9.999    .072  -9.999
   127   2.650   1.490    .886    .061    .053  -9.999  -9.999    .045  -9.999
   152   2.650   1.450    .637    .261    .102  -9.999  -9.999    .071  -9.999
  7 FRUITLAND       
    13   2.650   1.590    .799    .116    .085    .156  -9.999    .075   7.200
    33   2.650   1.650    .816    .109    .075    .112  -9.999    .064  -9.999
    53   2.650   1.580    .817    .109    .074    .103  -9.999    .057   7.700
    69   2.650   1.590    .748    .137    .115    .188  -9.999    .081   7.600
   100   2.650   1.680    .659    .210    .131    .175  -9.999    .097   7.800
   123   2.650   1.610    .704    .182    .114    .171  -9.999    .076  -9.999
   152   2.650   1.760    .779    .134    .087    .092  -9.999    .077  -9.999
  5 GALESTINA       
     5   2.650   1.420    .433    .485    .082  -9.999  -9.999    .087   6.200
    18   2.650   1.320    .337    .511    .152  -9.999  -9.999    .087   6.700
    61   2.650   1.420    .203    .445    .352  -9.999  -9.999    .179   6.900
    79   2.650   1.420    .294    .382    .324  -9.999  -9.999    .172   7.600
   107   2.650   1.420    .351    .344    .305  -9.999  -9.999    .165   7.700
  6 GATLIN          
    10   2.650   1.450    .582    .295    .123  -9.999  -9.999    .212   6.900
    29   2.650   1.470    .631    .252    .117    .404  -9.999    .041   7.700
    53   2.650   1.450    .582    .260    .158  -9.999  -9.999    .202   7.900
    58   2.650   1.490    .921    .034    .045  -9.999  -9.999    .125   8.300
   104   2.650   1.490    .951    .020    .029  -9.999  -9.999    .101   8.700
   135   2.650   1.490    .951    .021    .028  -9.999  -9.999    .067  -9.999
  4 GRIETA          
    20   2.650   1.490    .885    .050    .065  -9.999  -9.999    .043  -9.999
    41   2.650   1.600    .689    .078    .233  -9.999  -9.999    .144  -9.999
    71   2.650   1.450    .691    .128    .181  -9.999  -9.999    .112  -9.999
   152   2.650   1.450    .626    .186    .188  -9.999  -9.999    .104  -9.999
  1 GUY             
   190   2.650   1.320    .292    .639    .069  -9.999  -9.999    .040   7.800
  6 HACKROY         
     2   2.650   1.420    .498    .432    .070  -9.999  -9.999    .064   6.700
    15   2.650   1.400    .359    .489    .152    .224  -9.999    .098  -9.999
    24   2.650   1.520    .302    .463    .235    .245  -9.999    .150  -9.999
    31   2.650   1.670    .366    .404    .230    .271  -9.999    .185  -9.999
    42   2.650   1.690    .561    .285    .154    .250  -9.999    .120  -9.999
    80   2.650   1.520    .680    .304    .016    .266  -9.999    .015  -9.999
  7 HACKROY         
     2   2.650   1.450    .486    .450    .064  -9.999  -9.999    .075   6.600
     4   2.650   1.420    .423    .498    .079  -9.999  -9.999    .068  -9.999
    10   2.650   1.460    .386    .492    .122    .199  -9.999    .089  -9.999
    23   2.650   1.400    .358    .496    .146    .197  -9.999    .090  -9.999
    33   2.650   1.420    .301    .488    .211    .237  -9.999    .145  -9.999
    48   2.650   1.370    .333    .447    .220    .299  -9.999    .149  -9.999
    61   2.650   1.620    .524    .357    .119    .253  -9.999    .122  -9.999
  5 HACKROY         
     3   2.650   1.420    .506    .415    .079  -9.999  -9.999    .077   6.400
    10   2.650   1.440    .423    .446    .131    .177  -9.999    .076  -9.999
    15   2.650   1.440    .386    .459    .155    .168  -9.999    .098  -9.999
    30   2.650   1.440    .333    .468    .199    .197  -9.999    .128  -9.999
    65   2.650   1.590    .564    .297    .139    .250  -9.999    .114  -9.999
  7 HAMBURN         
     8   2.650   1.420    .382    .339    .279  -9.999  -9.999    .135  -9.999
    23   2.650   1.600    .539    .230    .231  -9.999  -9.999    .141   7.900
    30   2.650   1.600    .459    .264    .277  -9.999  -9.999    .165   8.100
    61   2.650   1.600    .531    .206    .263  -9.999  -9.999    .171   8.300
    84   2.650   1.600    .457    .243    .300  -9.999  -9.999    .195   8.400
   102   2.650   1.420    .436    .259    .305  -9.999  -9.999    .162   7.900
   132   2.650   1.600    .521    .211    .268  -9.999  -9.999    .160   8.300
  6 HAP             
     7   2.650   1.450    .779    .119    .102  -9.999  -9.999    .071  -9.999
    33   2.650   1.750    .671    .063    .266    .296  -9.999    .133  -9.999
    60   2.650   1.900    .709    .138    .153    .198  -9.999    .129  -9.999
    80   2.650   1.450    .708    .115    .177    .199  -9.999    .115  -9.999
   104   2.650   1.910    .683    .168    .149    .231  -9.999    .139  -9.999
   155   2.650   1.910    .599    .240    .161    .246  -9.999    .141   8.000
  3 HARKEY          
    23   2.650   1.450    .712    .179    .109  -9.999  -9.999    .075   8.100
    71   2.650   1.450    .662    .222    .116  -9.999  -9.999    .083   7.700
   152   2.650   1.420    .498    .337    .165  -9.999  -9.999    .115   7.700
  7 HASSELL         
     6   2.650   1.740    .394    .303    .303    .296  -9.999    .183   7.900
    16   2.650   1.390    .285    .306    .409  -9.999  -9.999    .196   8.200
    30   2.650   1.390    .286    .298    .416    .332  -9.999    .225   8.300
    54   2.650   1.390    .256    .319    .425  -9.999  -9.999    .236   8.100
    74   2.650   1.420    .255    .440    .305    .337  -9.999    .200   7.900
    92   2.650   1.320    .287    .526    .187  -9.999  -9.999    .168   7.800
   145   2.650   1.320    .162    .577    .261    .256  -9.999    .189   7.900
  4 HESHOTAUTHLA    
     7   2.650   1.390    .208    .370    .422  -9.999  -9.999    .211   7.900
    23   2.650   1.390    .161    .291    .548  -9.999  -9.999    .286   7.900
    46   2.650   1.390    .137    .297    .566  -9.999  -9.999    .297   7.600
   100   2.650   1.390    .206    .309    .485  -9.999  -9.999    .253   7.600
  1 HOLLOMEX        
     5   2.650   1.370    .488    .412    .100    .226  -9.999    .107   7.600
  8 HUBBELL         
     5   2.650   1.490    .837    .114    .049  -9.999  -9.999    .089  -9.999
    19   2.650   1.490    .779    .155    .066  -9.999  -9.999    .124  -9.999
    39   2.650   1.450    .671    .255    .074  -9.999  -9.999    .113   8.600
    59   2.650   1.410    .717    .242    .041    .307  -9.999    .103   9.400
    77   2.650   1.410    .668    .316    .016    .357  -9.999    .118   9.400
    98   2.650   1.430    .625    .350    .025    .395  -9.999    .119   9.000
   115   2.650   1.500    .681    .307    .012    .373  -9.999    .096   8.800
   158   2.650   1.450    .681    .299    .020  -9.999  -9.999    .178   8.600
  8 HUECO           
    11   2.650   1.490    .885    .050    .065  -9.999  -9.999    .034  -9.999
    18   2.650   1.490    .856    .070    .074  -9.999  -9.999    .040  -9.999
    26   2.650   1.490    .845    .047    .108  -9.999  -9.999    .054  -9.999
    35   2.650   1.490    .824    .054    .122    .253  -9.999    .067  -9.999
    50   2.650   1.490    .822    .060    .118    .313  -9.999    .066  -9.999
    71   2.650   1.720    .810    .071    .119    .119  -9.999    .077  -9.999
    84   2.650   1.450    .778    .081    .141  -9.999  -9.999    .077  -9.999
    88   2.650   1.990    .770    .140    .090  -9.999  -9.999    .221   7.900
  8 HUECO           
    11   2.650   1.490    .889    .044    .067  -9.999  -9.999    .033  -9.999
    18   2.650   1.520    .819    .078    .103    .160  -9.999    .061  -9.999
    29   2.650   1.840    .825    .053    .122    .125  -9.999    .083  -9.999
    41   2.650   1.490    .832    .052    .116  -9.999  -9.999    .067  -9.999
    53   2.650   1.650    .808    .040    .152    .124  -9.999    .089  -9.999
    66   2.650   1.590    .773    .073    .154    .154  -9.999    .105  -9.999
    76   2.650   1.450    .759    .154    .087  -9.999  -9.999    .157   8.200
    80   2.650   1.980    .806    .103    .091  -9.999  -9.999    .160   8.200
  7 HUECO           
     5   2.650   1.490    .888    .023    .089  -9.999  -9.999    .048   7.300
    12   2.650   1.490    .888    .020    .092  -9.999  -9.999    .049  -9.999
    23   2.650   1.620    .811    .042    .147    .105  -9.999    .081  -9.999
    34   2.650   1.450    .757    .054    .189  -9.999  -9.999    .090  -9.999
    44   2.650   1.640    .764    .037    .199    .177  -9.999    .125  -9.999
    57   2.650   1.450    .773    .066    .161  -9.999  -9.999    .093  -9.999
    67   2.650   1.790    .697    .106    .197    .227  -9.999    .122  -9.999
  4 ILLCAMP         
    15   2.650   1.450    .531    .303    .166  -9.999  -9.999    .141  -9.999
    28   2.650   1.420    .423    .260    .317  -9.999  -9.999    .187  -9.999
    43   2.650   1.420    .334    .282    .384  -9.999  -9.999    .217  -9.999
    56   2.650   1.420    .372    .260    .368  -9.999  -9.999    .217  -9.999
  3 JARMILLO        
   134   2.650   1.530    .768    .119    .113    .211  -9.999    .095  -9.999
   160   2.650   1.450    .435    .412    .153    .225  -9.999    .106  -9.999
   220   2.650   1.440    .781    .097    .122    .225  -9.999    .079  -9.999
  7 JOCITY          
     8   2.650   1.600    .466    .242    .292  -9.999  -9.999    .160   7.400
    25   2.650   1.680    .409    .256    .335    .328  -9.999    .180  -9.999
    46   2.650   1.420    .343    .288    .369  -9.999  -9.999    .163  -9.999
    71   2.650   1.690    .570    .184    .246    .282  -9.999    .150  -9.999
    97   2.650   1.420    .332    .321    .347  -9.999  -9.999    .180   8.000
   127   2.650   1.600    .477    .212    .311  -9.999  -9.999    .179   8.000
   152   2.650   1.680    .518    .223    .259    .244  -9.999    .197   8.000
  6 KIMBETO         
     8   2.650   1.490    .846    .072    .082  -9.999  -9.999    .051  -9.999
    25   2.650   1.450    .758    .086    .156  -9.999  -9.999    .084  -9.999
    46   2.650   1.600    .639    .122    .239  -9.999  -9.999    .133  -9.999
    56   2.650   1.450    .680    .140    .180  -9.999  -9.999    .103  -9.999
    74   2.650   1.450    .785    .112    .103  -9.999  -9.999    .052  -9.999
   107   2.650   1.490    .824    .103    .073  -9.999  -9.999    .040   8.500
  6 KIMBETO         
     5   2.650   1.420    .749    .174    .077    .133  -9.999    .058   7.400
    18   2.650   1.540    .592    .225    .183    .211  -9.999    .105  -9.999
    40   2.650   1.630    .506    .266    .228    .266  -9.999    .127  -9.999
    65   2.650   1.610    .621    .190    .189    .225  -9.999    .092   8.200
    95   2.650   1.750    .671    .160    .169    .180  -9.999    .084   8.300
   125   2.650   1.420    .309    .307    .384  -9.999  -9.999    .169   7.900
  6 LA FONDA        
     3   2.650   1.420    .405    .437    .158  -9.999  -9.999    .115   7.200
    18   2.650   1.510    .468    .376    .156    .233  -9.999    .133   7.500
    41   2.650   1.470    .376    .390    .234    .250  -9.999    .150  -9.999
    74   2.650   1.570    .362    .375    .263    .297  -9.999    .171  -9.999
    97   2.650   1.510    .263    .414    .323    .269  -9.999    .177  -9.999
   178   2.650   1.750    .298    .427    .275    .231  -9.999    .175   8.000
  5 LABRIER         
     5   2.650   1.420    .441    .271    .288  -9.999  -9.999    .149  -9.999
    20   2.650   1.420    .340    .402    .258  -9.999  -9.999    .156  -9.999
    79   2.650   1.420    .290    .318    .392  -9.999  -9.999    .226  -9.999
   107   2.650   1.420    .392    .295    .313  -9.999  -9.999    .233  -9.999
   152   2.650   1.390    .287    .280    .433  -9.999  -9.999    .158  -9.999
  6 LATENE          
     7   2.650   1.520    .570    .275    .155    .307    .377    .105  -9.999
    24   2.650   1.380    .473    .305    .222    .364    .395    .137  -9.999
    38   2.650   1.260    .453    .313    .234    .314    .412    .120  -9.999
    71   2.650   1.950    .510    .292    .198    .214    .246    .179  -9.999
   102   2.650   1.460    .544    .242    .214    .337    .419    .165  -9.999
   145   2.650   1.360    .537    .231    .232    .279    .390    .143  -9.999
  5 LATENE          
     9   2.650   1.450    .734    .187    .079  -9.999  -9.999    .064  -9.999
    37   2.650   1.430    .554    .269    .177    .347    .385    .120  -9.999
    61   2.650   1.490    .482    .229    .289    .355    .402    .200  -9.999
    74   2.650   1.600    .471    .232    .297  -9.999  -9.999    .206  -9.999
   140   2.650   1.600    .469    .267    .264  -9.999  -9.999    .240   7.800
  1 LAVODNAS        
    23   2.650   1.600    .486    .239    .275  -9.999  -9.999    .126   7.400
  5 LINDRITH        
     5   2.650   1.420    .326    .443    .231  -9.999  -9.999    .151   6.600
    18   2.650   1.220    .304    .463    .233    .354  -9.999    .144   6.800
    63   2.650   1.430    .655    .199    .146    .239  -9.999    .089   7.100
   114   2.650   1.510    .690    .199    .111    .220  -9.999    .079   7.600
   152   2.650   1.590    .748    .155    .097    .132  -9.999    .070  -9.999
  1 LITHIC HAPLARGID
     4   2.650   1.450    .794    .109    .097  -9.999  -9.999    .065  -9.999
  6 LITTLEHAT       
     5   2.650   1.500    .205    .610    .185    .258  -9.999    .119   8.000
    25   2.650   1.260    .140    .647    .213    .243  -9.999    .108   8.300
    36   2.650   1.560    .115    .684    .201    .314  -9.999    .123   8.300
    58   2.650   1.780    .171    .641    .188    .297  -9.999    .141   8.400
    79   2.650   1.320    .117    .693    .190  -9.999  -9.999    .104   8.400
    79   2.650   1.320    .153    .668    .179  -9.999  -9.999    .090   8.400
  2 LOZIER          
     5   2.650   1.420    .513    .305    .182  -9.999  -9.999    .135   7.800
    18   2.650   1.450    .600    .289    .111  -9.999  -9.999    .094   7.600
  6 MANZANO         
    25   2.650   1.330    .441    .262    .297    .246  -9.999    .158   7.700
    41   2.650   1.440    .530    .253    .217    .233  -9.999    .135  -9.999
    63   2.650   1.640    .241    .420    .339    .364  -9.999    .236   7.900
   102   2.650   1.600    .557    .224    .219    .235  -9.999    .149  -9.999
   132   2.650   1.740    .387    .227    .386    .294  -9.999    .184   8.000
   178   2.650   1.740    .445    .197    .358    .287  -9.999    .181   7.900
  1 MARCMILL        
    61   2.650   1.450    .662    .259    .079  -9.999  -9.999    .065  -9.999
  4 MESPUN          
    20   2.650   1.490    .929    .038    .033  -9.999  -9.999    .030  -9.999
    51   2.650   1.490    .912    .044    .044  -9.999  -9.999    .036  -9.999
   107   2.650   1.490    .893    .062    .045  -9.999  -9.999    .037  -9.999
   117   2.650   1.490    .899    .054    .047  -9.999  -9.999    .039  -9.999
  4 MESPUN          
    20   2.650   1.490    .845    .086    .069  -9.999  -9.999    .054  -9.999
    51   2.650   1.490    .813    .106    .081  -9.999  -9.999    .060  -9.999
    71   2.650   1.490    .792    .116    .092  -9.999  -9.999    .069  -9.999
    81   2.650   1.450    .781    .124    .095  -9.999  -9.999    .068  -9.999
  4 MESPUN          
    20   2.650   1.490    .939    .016    .045  -9.999  -9.999    .033  -9.999
    51   2.650   1.490    .937    .016    .047  -9.999  -9.999    .034  -9.999
    71   2.650   1.490    .834    .087    .079  -9.999  -9.999    .063  -9.999
    81   2.650   1.490    .826    .090    .084  -9.999  -9.999    .067  -9.999
  6 MESPUN          
    20   2.650   1.490    .919    .030    .051  -9.999  -9.999    .040  -9.999
    33   2.650   1.490    .917    .034    .049  -9.999  -9.999    .039  -9.999
    58   2.650   1.490    .889    .049    .062  -9.999  -9.999    .045  -9.999
    81   2.650   1.490    .827    .091    .082  -9.999  -9.999    .058  -9.999
   107   2.650   1.490    .942    .013    .045  -9.999  -9.999    .034  -9.999
   117   2.650   1.490    .949    .013    .038  -9.999  -9.999    .031  -9.999
  4 MESPUN          
    20   2.650   1.490    .944    .013    .043  -9.999  -9.999    .030  -9.999
    51   2.650   1.490    .953    .010    .037  -9.999  -9.999    .024  -9.999
    81   2.650   1.490    .946    .010    .044  -9.999  -9.999    .030  -9.999
   117   2.650   1.490    .946    .008    .046  -9.999  -9.999    .028  -9.999
  5 MILLET          
     8   2.650   1.510    .442    .426    .132    .222  -9.999    .094  -9.999
    20   2.650   1.570    .424    .382    .194    .232  -9.999    .127  -9.999
    30   2.650   1.700    .452    .333    .215    .280  -9.999    .145  -9.999
    41   2.650   1.710    .529    .269    .202    .284  -9.999    .164  -9.999
   102   2.650   1.590    .389    .372    .239    .261  -9.999    .173  -9.999
  2 MILNER          
    10   2.650   1.420    .368    .472    .160  -9.999  -9.999    .125  -9.999
    30   2.650   1.420    .307    .437    .256  -9.999  -9.999    .141  -9.999
  3 MILNER          
     8   2.650   1.420    .370    .437    .193  -9.999  -9.999  -9.999  -9.999
    23   2.650   1.420    .264    .397    .339  -9.999  -9.999    .177  -9.999
    38   2.650   1.420    .337    .375    .288  -9.999  -9.999    .166  -9.999
  3 MILNER          
     8   2.650   1.420    .478    .395    .127  -9.999  -9.999    .115  -9.999
    23   2.650   1.420    .322    .353    .325  -9.999  -9.999    .166  -9.999
    33   2.650   1.390    .236    .355    .409  -9.999  -9.999    .183  -9.999
  7 MIMBRES         
     8   2.650   1.400    .196    .532    .272  -9.999  -9.999    .207   7.900
    41   2.650   1.400    .074    .558    .368    .461  -9.999    .249   7.800
    94   2.650   1.460    .262    .416    .322    .422  -9.999    .220   7.700
   127   2.650   1.480    .445    .176    .379    .411  -9.999    .218   7.900
   150   2.650   1.440    .443    .195    .362    .369  -9.999    .230   7.900
   168   2.650   1.270    .592    .206    .202    .312  -9.999    .189   8.000
   190   2.650   1.270    .523    .185    .292    .338  -9.999    .203   8.000
  5 MONCHA          
     5   2.650   1.320    .082    .734    .184  -9.999  -9.999    .160   7.600
    30   2.650   1.320    .126    .637    .237  -9.999  -9.999    .149   7.700
    53   2.650   1.320    .287    .515    .198  -9.999  -9.999    .132   7.600
    97   2.650   1.320    .108    .655    .237  -9.999  -9.999    .160   7.500
   152   2.650   1.320    .110    .670    .220  -9.999  -9.999    .147   7.500
  9 MONTOYA         
     2   2.650   1.450    .642    .183    .175  -9.999  -9.999    .107  -9.999
     8   2.650   1.800    .559    .175    .266    .126  -9.999    .155   7.200
    20   2.650   1.390    .244    .289    .467  -9.999  -9.999    .243   7.500
    34   2.650   1.390    .217    .283    .500    .427  -9.999    .243   7.700
    70   2.650   1.390    .217    .274    .509  -9.999  -9.999    .259   7.700
   102   2.650   1.390    .187    .307    .506    .414  -9.999    .246   7.500
   130   2.650   1.420    .380    .248    .372  -9.999  -9.999    .183   7.500
   163   2.650   1.720    .593    .194    .213    .208  -9.999    .119   7.600
   180   2.650   1.490    .823    .072    .105  -9.999  -9.999    .045   8.000
  2 MONTOYA         
    30   2.650   1.700    .488    .267    .245    .275  -9.999    .155   8.000
   160   2.650   1.420    .487    .367    .146    .227  -9.999    .077   8.200
  8 NAGEEZI         
    10   2.650   1.660    .814    .095    .091    .111  -9.999    .055  -9.999
    35   2.650   1.590    .722    .160    .118    .129  -9.999    .070  -9.999
    45   2.650   1.580    .682    .134    .184    .205  -9.999    .109  -9.999
    60   2.650   1.570    .506    .165    .329    .289  -9.999    .107  -9.999
    80   2.650   1.510    .472    .166    .362  -9.999  -9.999    .106   8.200
   120   2.650   1.970    .600    .133    .267    .232  -9.999    .104   8.300
   140   2.650   1.490    .817    .070    .113  -9.999  -9.999    .051   8.200
   160   2.650   1.490    .879    .037    .084  -9.999  -9.999    .036   8.200
  5 NALIVAG         
     8   2.650   1.480    .531    .309    .160    .147  -9.999    .089   6.900
    43   2.650   1.610    .596    .254    .150    .195  -9.999    .106  -9.999
    79   2.650   1.500    .346    .475    .179    .237  -9.999    .135   7.300
   114   2.650   1.430    .122    .663    .215    .432  -9.999    .172   7.300
   152   2.650   1.560    .346    .438    .216    .321  -9.999    .158   7.200
  5 NATAANI         
     5   2.650   1.530    .601    .330    .069    .147  -9.999    .066   7.200
    15   2.650   1.420    .500    .361    .139    .190  -9.999    .082   7.800
    40   2.650   1.150    .315    .550    .135    .259  -9.999    .051   7.500
    55   2.650   1.330    .326    .570    .104    .293  -9.999    .074   7.900
    80   2.650   1.900    .309    .513    .178    .237  -9.999    .122   8.000
  2 NOTAL           
     5   2.650   1.420    .200    .405    .395  -9.999  -9.999    .183   7.900
    25   2.650   1.600    .597    .158    .245  -9.999  -9.999    .125   7.900
  7 NOTAL           
     2   2.650   1.450    .733    .124    .143  -9.999  -9.999    .090   7.500
     8   2.650   1.630    .703    .126    .171    .254  -9.999    .109   8.100
    23   2.650   1.600    .566    .184    .250  -9.999  -9.999    .181   8.300
    41   2.650   1.420    .378    .243    .379    .338  -9.999    .207   8.200
    69   2.650   1.390    .161    .360    .479  -9.999  -9.999    .236   7.800
   104   2.650   1.390    .067    .380    .553    .403  -9.999    .253   7.800
   152   2.650   1.380    .083    .466    .451  -9.999  -9.999    .237   7.800
  7 NOTAL           
     5   2.650   1.480    .527    .232    .241    .201  -9.999    .135   7.400
    40   2.650   1.390    .153    .371    .476    .367  -9.999    .206   7.600
    60   2.650   1.390    .098    .357    .545    .428  -9.999    .227   7.500
    95   2.650   1.300    .256    .436    .308    .315  -9.999    .134   7.400
   115   2.650   1.380    .293    .331    .376    .337  -9.999    .159   7.500
   135   2.650   1.400    .446    .253    .301    .245  -9.999    .130   7.500
   160   2.650   1.460    .606    .181    .213    .206  -9.999    .096   7.600
  3 NUSMAG          
    20   2.650   1.380    .071    .496    .433  -9.999  -9.999    .204   7.900
    41   2.650   1.380    .076    .464    .460  -9.999  -9.999    .233   7.900
    89   2.650   1.380    .109    .439    .452    .334  -9.999    .277   7.800
 10 ONITE           
     5   2.650   1.450    .764    .165    .071  -9.999  -9.999    .054  -9.999
    18   2.650   1.450    .773    .150    .077  -9.999  -9.999    .059  -9.999
    29   2.650   1.450    .750    .162    .088  -9.999  -9.999    .064  -9.999
    43   2.650   1.450    .731    .157    .112  -9.999  -9.999    .080  -9.999
    53   2.650   1.450    .675    .175    .150  -9.999  -9.999    .094  -9.999
    60   2.650   1.450    .596    .216    .188  -9.999  -9.999    .086  -9.999
    74   2.650   1.450    .638    .199    .163  -9.999  -9.999    .074  -9.999
    88   2.650   1.450    .732    .163    .105  -9.999  -9.999    .051  -9.999
    99   2.650   1.490    .851    .092    .057  -9.999  -9.999    .046  -9.999
   110   2.650   1.490    .815    .129    .056  -9.999  -9.999    .046  -9.999
 10 ONITE           
     3   2.650   1.490    .804    .137    .059  -9.999  -9.999    .064  -9.999
     8   2.650   1.490    .777    .159    .064  -9.999  -9.999    .067  -9.999
    14   2.650   1.450    .744    .158    .098  -9.999  -9.999    .080  -9.999
    21   2.650   1.450    .727    .170    .103  -9.999  -9.999    .077  -9.999
    37   2.650   1.450    .700    .177    .123  -9.999  -9.999    .090  -9.999
    55   2.650   1.450    .638    .232    .130  -9.999  -9.999    .091  -9.999
    71   2.650   1.450    .600    .238    .162  -9.999  -9.999    .093  -9.999
    88   2.650   1.450    .647    .208    .145  -9.999  -9.999    .087  -9.999
   105   2.650   1.450    .735    .165    .100  -9.999  -9.999    .075  -9.999
   126   2.650   1.490    .826    .106    .068  -9.999  -9.999    .064  -9.999
 10 ONITE           
     7   2.650   1.450    .770    .153    .077  -9.999  -9.999    .058  -9.999
    15   2.650   1.450    .763    .161    .076  -9.999  -9.999    .061  -9.999
    24   2.650   1.450    .743    .147    .110  -9.999  -9.999    .077  -9.999
    33   2.650   1.450    .711    .176    .113  -9.999  -9.999    .086  -9.999
    52   2.650   1.450    .674    .210    .116  -9.999  -9.999    .084  -9.999
    64   2.650   1.450    .663    .213    .124  -9.999  -9.999    .083  -9.999
    75   2.650   1.450    .599    .243    .158  -9.999  -9.999    .096  -9.999
    86   2.650   1.450    .658    .198    .144  -9.999  -9.999    .088  -9.999
   101   2.650   1.450    .770    .142    .088  -9.999  -9.999    .058  -9.999
   111   2.650   1.450    .770    .124    .106  -9.999  -9.999    .057  -9.999
  4 ORLA            
     3   2.650   1.450    .642    .277    .081  -9.999  -9.999    .080   7.200
    23   2.650   1.450    .651    .263    .086  -9.999  -9.999    .083   7.600
    38   2.650   1.450    .612    .289    .099  -9.999  -9.999    .103   7.400
   152   2.650   1.450    .611    .258    .131  -9.999  -9.999    .094   7.300
  3 PAJARITO        
     8   2.650   1.490    .866    .071    .063  -9.999  -9.999    .045   7.200
    43   2.650   1.490    .857    .083    .060  -9.999  -9.999    .040   7.600
   152   2.650   1.490    .839    .099    .062  -9.999  -9.999    .046   7.300
  7 PALMA           
    15   2.650   1.570    .909    .042    .049    .072  -9.999    .050  -9.999
    30   2.650   1.580    .916    .035    .049    .077  -9.999    .049  -9.999
    46   2.650   1.620    .844    .058    .098    .112  -9.999    .083  -9.999
    61   2.650   1.670    .844    .054    .102    .120  -9.999    .085  -9.999
    91   2.650   1.720    .734    .102    .164    .170  -9.999    .129  -9.999
   122   2.650   1.750    .731    .110    .159    .240  -9.999    .126  -9.999
   152   2.650   1.820    .776    .065    .159    .302  -9.999    .140  -9.999
  2 PERSAYO         
    15   2.650   1.420    .347    .471    .182  -9.999  -9.999    .095   7.800
    46   2.650   1.420    .422    .360    .218  -9.999  -9.999    .112   7.900
  5 PIDINEEN        
     8   2.650   1.480    .368    .426    .206    .312  -9.999    .163   7.400
    18   2.650   1.410    .400    .357    .243    .285  -9.999    .172   7.600
    33   2.650   1.390    .380    .358    .262    .277  -9.999    .172   7.700
    41   2.650   1.420    .385    .332    .283    .160  -9.999    .187   7.700
    58   2.650   1.450    .732    .162    .106    .203  -9.999    .193   7.700
 10 PIMA            
    10   2.650   1.400    .376    .428    .196    .224  -9.999    .158  -9.999
    18   2.650   1.420    .381    .398    .221  -9.999  -9.999    .148  -9.999
    28   2.650   1.430    .386    .394    .220    .303  -9.999    .146  -9.999
    38   2.650   1.450    .740    .155    .105  -9.999  -9.999    .084  -9.999
    51   2.650   1.440    .407    .363    .230    .298  -9.999    .168  -9.999
    76   2.650   1.430    .397    .370    .233    .230  -9.999    .169  -9.999
    91   2.650   1.420    .423    .335    .242  -9.999  -9.999    .168  -9.999
   107   2.650   1.600    .491    .279    .230  -9.999  -9.999    .171  -9.999
   135   2.650   1.480    .479    .328    .193    .260  -9.999    .148  -9.999
   151   2.650   1.510    .468    .335    .197    .264  -9.999    .168  -9.999
  5 PUYE            
     8   2.650   1.450    .652    .245    .103  -9.999  -9.999    .106  -9.999
    38   2.650   1.450    .714    .189    .097  -9.999  -9.999    .115   7.600
    41   2.650   1.490    .771    .197    .032  -9.999  -9.999    .155   7.900
    84   2.650   1.490    .886    .090    .024  -9.999  -9.999    .106  -9.999
   152   2.650   1.490    .944    .038    .018  -9.999  -9.999    .070  -9.999
  8 QUERENCIA       
     5   2.650   1.450    .682    .234    .084  -9.999  -9.999    .080   7.200
    18   2.650   1.440    .571    .263    .166    .168  -9.999    .108  -9.999
    30   2.650   1.380    .467    .328    .205    .203  -9.999    .119  -9.999
    53   2.650   1.600    .442    .353    .205    .250  -9.999    .138  -9.999
    89   2.650   1.560    .411    .378    .211    .242  -9.999    .140   8.500
   112   2.650   1.390    .429    .368    .203    .195  -9.999    .122   8.300
   127   2.650   1.500    .331    .414    .255    .274  -9.999    .169   8.000
   150   2.650   1.420    .349    .399    .252  -9.999  -9.999    .162   7.900
  8 QUERENCIA       
     5   2.650   1.450    .608    .280    .112  -9.999  -9.999    .088   7.200
    13   2.650   1.390    .514    .279    .207    .222  -9.999    .129  -9.999
    23   2.650   1.370    .451    .317    .232    .210  -9.999    .127  -9.999
    33   2.650   1.570    .487    .325    .188    .283  -9.999    .133  -9.999
    56   2.650   1.570    .454    .335    .211    .267  -9.999    .149   8.300
    84   2.650   1.670    .305    .466    .229    .319  -9.999    .185   8.500
   170   2.650   1.420    .252    .484    .264  -9.999  -9.999    .141   8.100
   150   2.650   1.420    .344    .442    .214  -9.999  -9.999    .132   7.800
  7 RAVOLA          
     5   2.650   1.430    .333    .493    .174    .163  -9.999    .092   7.500
    15   2.650   1.420    .174    .588    .238    .247  -9.999    .122   8.000
    30   2.650   1.430    .320    .468    .212    .167  -9.999    .110   8.000
    55   2.650   1.460    .321    .479    .200    .190  -9.999    .101   7.700
   100   2.650   1.420    .426    .396    .178  -9.999  -9.999    .085   7.600
   135   2.650   1.530    .319    .461    .220    .225  -9.999    .115   7.600
   170   2.650   1.500    .410    .400    .190    .212  -9.999    .094   7.700
  6 RAVOLA          
    10   2.650   1.520    .558    .315    .127    .192  -9.999    .079  -9.999
    25   2.650   1.540    .554    .310    .136    .174  -9.999    .077  -9.999
    45   2.650   1.500    .503    .313    .184    .192  -9.999    .093  -9.999
    75   2.650   1.500    .527    .307    .166    .145  -9.999    .085  -9.999
   120   2.650   1.450    .351    .420    .229    .193  -9.999    .116   8.000
   160   2.650   1.470    .404    .432    .164    .188  -9.999    .087   7.800
  5 RAYOHILL        
    33   2.650   1.420    .516    .303    .181  -9.999  -9.999    .322  -9.999
    64   2.650   1.600    .697    .099    .204  -9.999  -9.999    .317  -9.999
    84   2.650   1.450    .695    .181    .124  -9.999  -9.999    .189  -9.999
    58   2.650   1.450    .693    .154    .153  -9.999  -9.999    .306  -9.999
    76   2.650   1.450    .718    .107    .175  -9.999  -9.999    .293  -9.999
  4 REAGAN          
    30   2.650   1.320    .100    .645    .255  -9.999  -9.999    .185   7.600
    76   2.650   1.400    .142    .528    .330  -9.999  -9.999    .232  -9.999
   102   2.650   1.420    .361    .295    .344  -9.999  -9.999    .220  -9.999
   152   2.650   1.420    .237    .420    .343  -9.999  -9.999    .222  -9.999
 10 REAGAN          
     7   2.650   1.320    .172    .562    .266    .374  -9.999    .177   7.600
    13   2.650   1.360    .167    .483    .350    .367  -9.999    .214   7.600
    22   2.650   1.310    .113    .537    .350    .339  -9.999    .203   7.600
    34   2.650   1.400    .138    .566    .296    .351  -9.999    .199   7.800
    44   2.650   1.370    .123    .559    .318    .363  -9.999    .201   7.700
    53   2.650   1.360    .090    .572    .338    .364  -9.999    .207   7.600
    64   2.650   1.350    .126    .542    .332    .364  -9.999    .194   7.600
    94   2.650   1.490    .108    .555    .337    .413  -9.999    .207   7.500
   123   2.650   1.560    .183    .497    .320    .270  -9.999    .214   7.500
   145   2.650   1.670    .375    .311    .314    .306  -9.999    .182   7.500
  6 REAKOR          
     8   2.650   1.420    .414    .402    .184  -9.999  -9.999    .155   7.700
    18   2.650   1.390    .352    .404    .244    .288  -9.999    .161   7.400
    36   2.650   1.350    .341    .378    .281    .298  -9.999    .154   7.600
    71   2.650   1.370    .319    .336    .345    .321  -9.999    .147   7.700
   102   2.650   1.460    .330    .261    .409    .304  -9.999    .145   7.500
   165   2.650   1.590    .349    .217    .434    .264  -9.999    .154   7.700
  4 REDONA          
    25   2.650   1.450    .540    .273    .187  -9.999  -9.999    .109  -9.999
    38   2.650   1.600    .475    .261    .264  -9.999  -9.999    .166  -9.999
    51   2.650   1.420    .445    .243    .312  -9.999  -9.999    .177  -9.999
    61   2.650   1.600    .489    .233    .278  -9.999  -9.999    .170  -9.999
  7 REDONA          
     5   2.650   1.530    .510    .311    .179    .304  -9.999    .125   7.500
    20   2.650   1.560    .442    .269    .289    .261  -9.999    .139  -9.999
    30   2.650   1.560    .438    .273    .289    .293  -9.999    .129  -9.999
    66   2.650   1.670    .593    .159    .248    .277  -9.999    .117  -9.999
    99   2.650   1.650    .446    .320    .234    .213  -9.999    .117  -9.999
   142   2.650   1.710    .564    .256    .180    .202  -9.999    .115  -9.999
   170   2.650   1.710    .547    .263    .190    .227  -9.999    .128   7.900
  6 REDONA          
     8   2.650   1.560    .656    .181    .163    .236  -9.999    .097  -9.999
    23   2.650   1.570    .624    .158    .218    .334  -9.999    .122  -9.999
    43   2.650   1.470    .541    .188    .271    .254  -9.999    .135  -9.999
    69   2.650   1.530    .482    .213    .305    .259  -9.999    .167  -9.999
   102   2.650   1.550    .501    .221    .278    .273  -9.999    .126  -9.999
   163   2.650   1.480    .485    .258    .257    .274  -9.999    .096  -9.999
  7 REDONA          
     3   2.650   1.450    .618    .255    .127  -9.999  -9.999    .084  -9.999
    18   2.650   1.610    .583    .213    .204    .269  -9.999    .127  -9.999
    41   2.650   1.630    .493    .215    .292    .350  -9.999    .194  -9.999
    66   2.650   1.680    .549    .186    .265    .296  -9.999    .171  -9.999
    94   2.650   1.650    .611    .163    .226    .256  -9.999    .144  -9.999
   122   2.650   1.660    .552    .201    .247    .227  -9.999    .105   8.000
   168   2.650   1.790    .522    .238    .240    .265  -9.999    .109   8.000
  4 REEVES          
    10   2.650   1.420    .433    .381    .186  -9.999  -9.999    .145   7.800
    51   2.650   1.420    .400    .354    .246  -9.999  -9.999    .162   7.600
    79   2.650   1.420    .336    .389    .275  -9.999  -9.999    .166   7.700
   152   2.650   1.320    .442    .503    .055  -9.999  -9.999    .269   7.500
  6 REEVES          
     8   2.650   1.430    .465    .374    .161    .267  -9.999    .117   7.500
    23   2.650   1.500    .446    .350    .204    .283  -9.999    .132   7.600
    43   2.650   1.360    .395    .362    .243    .256  -9.999    .122   7.600
    59   2.650   1.350    .381    .334    .285    .266  -9.999    .126   7.400
   100   2.650   1.520    .396    .514    .090    .146  -9.999    .299   7.500
   165   2.650   1.270    .407    .563    .030    .498  -9.999    .286   7.900
  6 REGNIER         
     6   2.650   1.450    .640    .216    .144  -9.999  -9.999    .072   7.500
    12   2.650   1.910    .586    .223    .191    .277  -9.999    .139   7.500
    26   2.650   1.450    .620    .186    .194  -9.999  -9.999    .102   7.600
    41   2.650   1.830    .518    .246    .236    .227  -9.999    .139   7.600
    68   2.650   1.320    .178    .678    .144  -9.999  -9.999    .092   7.600
   100   2.650   1.320    .168    .722    .110    .096  -9.999    .067  -9.999
 10 REMUNDA         
     5   2.650   1.320    .323    .388    .289    .289  -9.999    .136  -9.999
    20   2.650   1.630    .303    .400    .297    .311  -9.999    .179  -9.999
    42   2.650   1.670    .250    .371    .379    .367  -9.999    .235  -9.999
    61   2.650   1.390    .211    .381    .408    .332  -9.999    .224  -9.999
    84   2.650   1.420    .230    .409    .361    .317  -9.999    .216  -9.999
   104   2.650   1.420    .249    .412    .339    .317  -9.999    .197  -9.999
   125   2.650   1.630    .325    .370    .305    .331  -9.999    .200  -9.999
   159   2.650   1.600    .362    .325    .313    .333  -9.999    .190   7.700
   180   2.650   1.650    .390    .267    .343    .335  -9.999    .228   7.700
    29   2.650   1.490    .954    .006    .040  -9.999  -9.999    .034  -9.999
  5 SAIDO           
    13   2.650   1.320    .236    .636    .128  -9.999  -9.999    .282  -9.999
    23   2.650   1.320    .176    .715    .109  -9.999  -9.999    .310  -9.999
    38   2.650   1.320    .151    .730    .119  -9.999  -9.999    .315  -9.999
    64   2.650   1.320    .246    .621    .133  -9.999  -9.999    .317  -9.999
   152   2.650   1.420    .374    .489    .137  -9.999  -9.999    .267  -9.999
  3 SANOSTEE        
     5   2.650   1.490    .820    .096    .084  -9.999  -9.999    .054   7.600
    25   2.650   1.600    .551    .137    .312  -9.999  -9.999    .166   7.800
    38   2.650   1.450    .697    .111    .192  -9.999  -9.999    .110   8.000
  7 SEDILLO         
     5   2.650   1.510    .623    .253    .124    .204    .263    .068  -9.999
    18   2.650   1.550    .460    .212    .328    .279    .318    .150  -9.999
    25   2.650   1.380    .302    .174    .524    .373    .397    .251  -9.999
    41   2.650   1.480    .419    .171    .410    .340    .394    .237  -9.999
    58   2.650   1.600    .526    .201    .273  -9.999  -9.999    .162  -9.999
    89   2.650   1.930    .593    .255    .152    .216    .257    .139  -9.999
   135   2.650   1.450    .636    .236    .128  -9.999  -9.999    .067  -9.999
  5 SEDILLO         
     2   2.650   1.480    .678    .237    .085    .246    .281    .065  -9.999
    23   2.650   1.360    .573    .223    .204    .301    .320    .107  -9.999
    43   2.650   1.330    .435    .240    .325    .347    .379    .174  -9.999
    86   2.650   1.640    .519    .292    .189    .364    .379    .157  -9.999
   110   2.650   1.450    .691    .197    .112  -9.999  -9.999    .057  -9.999
 10 SHIPROCK        
    10   2.650   1.490    .846    .058    .096  -9.999  -9.999    .067   8.000
    18   2.650   1.490    .840    .066    .094  -9.999  -9.999    .064   8.200
    28   2.650   1.490    .833    .071    .096  -9.999  -9.999    .061  -9.999
    41   2.650   1.590    .771    .078    .151    .207  -9.999    .094  -9.999
    63   2.650   1.720    .745    .102    .153    .172  -9.999    .110  -9.999
    76   2.650   1.690    .793    .090    .117    .137  -9.999    .091  -9.999
   102   2.650   1.640    .790    .089    .121    .107  -9.999    .087  -9.999
   119   2.650   1.690    .572    .205    .223    .223  -9.999    .154   8.100
   132   2.650   1.450    .632    .194    .174  -9.999  -9.999    .115   8.100
   140   2.650   1.450    .630    .204    .166  -9.999  -9.999    .115   8.100
  7 SHIRROCK        
     3   2.650   1.490    .876    .041    .083  -9.999  -9.999    .054  -9.999
    13   2.650   1.580    .877    .041    .082    .119  -9.999    .060  -9.999
    30   2.650   1.560    .814    .055    .131    .150  -9.999    .081  -9.999
    61   2.650   1.450    .765    .073    .162  -9.999  -9.999    .094  -9.999
   112   2.650   1.720    .822    .054    .124    .167  -9.999    .084  -9.999
   157   2.650   1.450    .674    .157    .169  -9.999  -9.999    .097   8.200
   183   2.650   1.600    .801    .071    .128    .198  -9.999    .082   8.100
  5 SILCAT          
     5   2.650   1.520    .401    .321    .278    .325  -9.999    .173   7.200
    18   2.650   1.390    .250    .299    .451    .367  -9.999    .225   7.400
    46   2.650   1.390    .215    .319    .466    .350  -9.999    .231  -9.999
    97   2.650   1.390    .178    .333    .489    .366  -9.999    .247   7.600
   152   2.650   1.390    .165    .321    .514    .368  -9.999    .256   7.500
  3 SIMONA          
     5   2.650   1.490    .779    .169    .052  -9.999  -9.999    .057  -9.999
    23   2.650   1.490    .781    .155    .064  -9.999  -9.999    .073  -9.999
    41   2.650   1.450    .716    .170    .114  -9.999  -9.999    .087  -9.999
 10 SONOITA         
     8   2.650   1.490    .912    .039    .049  -9.999  -9.999    .033   7.400
    16   2.650   1.490    .920    .028    .052  -9.999  -9.999    .033  -9.999
    33   2.650   1.490    .908    .041    .051  -9.999  -9.999    .031  -9.999
    39   2.650   1.730    .855    .073    .072    .090  -9.999    .048  -9.999
    44   2.650   1.490    .831    .064    .105  -9.999  -9.999    .054  -9.999
    55   2.650   1.680    .837    .052    .111    .104  -9.999    .076  -9.999
    70   2.650   1.710    .807    .069    .124    .118  -9.999    .084  -9.999
    91   2.650   1.450    .774    .095    .131  -9.999  -9.999    .075  -9.999
   109   2.650   1.670    .768    .076    .156    .140  -9.999    .105  -9.999
   129   2.650   1.710    .802    .061    .137    .157  -9.999    .097  -9.999
  4 SPARKS          
    25   2.650   1.700    .441    .298    .261    .294  -9.999    .170  -9.999
    38   2.650   1.720    .399    .278    .323    .275  -9.999    .217  -9.999
    51   2.650   1.570    .374    .288    .338    .286  -9.999    .209  -9.999
    61   2.650   1.600    .384    .295    .321    .318  -9.999    .205  -9.999
  2 SPLOTTER        
     5   2.650   1.490    .803    .142    .055  -9.999  -9.999    .048  -9.999
    25   2.650   1.450    .752    .156    .092  -9.999  -9.999    .067  -9.999
  4 SPUD            
   123   2.650   1.420    .248    .398    .354    .362  -9.999    .229  -9.999
   142   2.650   1.420    .359    .347    .294    .348  -9.999    .195  -9.999
   172   2.650   1.420    .341    .369    .290    .338  -9.999    .190  -9.999
   197   2.650   1.420    .456    .309    .235    .278  -9.999    .163  -9.999
  2 STARLAKE        
     8   2.650   1.420    .418    .258    .324  -9.999  -9.999    .162   7.900
    28   2.650   1.390    .326    .252    .422  -9.999  -9.999    .208   8.000
  9 STARLAKE        
     5   2.650   1.600    .482    .248    .270  -9.999  -9.999    .152   8.000
    15   2.650   1.390    .326    .211    .463    .345  -9.999    .208   8.200
    33   2.650   1.420    .382    .295    .323    .342  -9.999    .270   8.100
    53   2.650   1.420    .388    .330    .282    .341  -9.999    .160   7.700
    79   2.650   1.420    .252    .378    .370  -9.999  -9.999    .234   7.600
    99   2.650   1.420    .235    .377    .388    .399  -9.999    .260   7.700
   130   2.650   1.600    .406    .343    .251    .338  -9.999    .194   7.700
   152   2.650   1.600    .591    .199    .210  -9.999  -9.999    .181   7.700
   109   2.650   1.750    .638    .276    .086    .278  -9.999    .164   7.900
  2 STELLAR         
    33   2.650   1.470    .129    .448    .423    .429  -9.999    .284   7.500
   129   2.650   1.630    .544    .146    .310    .360  -9.999    .214   8.000
 10 STELLAR         
     4   2.650   1.420    .497    .293    .210  -9.999  -9.999    .156   7.500
    14   2.650   1.540    .573    .256    .171    .269  -9.999    .142  -9.999
    22   2.650   1.430    .303    .438    .259    .313  -9.999    .187  -9.999
    29   2.650   1.420    .269    .370    .361  -9.999  -9.999    .213  -9.999
    39   2.650   1.740    .350    .299    .351    .329  -9.999    .245  -9.999
    54   2.650   1.640    .324    .329    .347    .318  -9.999    .225  -9.999
    68   2.650   1.420    .326    .356    .318  -9.999  -9.999    .183  -9.999
    78   2.650   1.710    .323    .350    .327    .313  -9.999    .215  -9.999
    97   2.650   1.420    .358    .264    .378    .283  -9.999    .200  -9.999
   105   2.650   1.390    .281    .301    .418  -9.999  -9.999    .193  -9.999
  9 TEJANA          
     9   2.650   1.450    .623    .249    .128  -9.999  -9.999    .115  -9.999
    30   2.650   1.450    .575    .247    .178  -9.999  -9.999    .148  -9.999
    50   2.650   1.450    .604    .239    .157  -9.999  -9.999    .142  -9.999
    72   2.650   1.620    .668    .153    .179    .193  -9.999    .138  -9.999
   107   2.650   1.650    .690    .152    .158    .193  -9.999    .120   8.400
   141   2.650   1.600    .582    .215    .203  -9.999  -9.999    .141   8.300
   170   2.650   1.450    .598    .207    .195  -9.999  -9.999    .126   8.200
   213   2.650   1.690    .517    .267    .216    .243  -9.999    .155   8.400
   221   2.650   1.450    .601    .237    .162  -9.999  -9.999    .103   8.500
  5 THREADGILL      
    13   2.650   1.420    .300    .434    .266  -9.999  -9.999    .173  -9.999
    30   2.650   1.400    .192    .417    .391  -9.999  -9.999    .199  -9.999
    46   2.650   1.390    .164    .392    .444  -9.999  -9.999    .197  -9.999
    91   2.650   1.390    .172    .393    .435  -9.999  -9.999    .193  -9.999
   152   2.650   1.380    .178    .417    .405  -9.999  -9.999    .186  -9.999
  4 TINIAN          
     8   2.650   1.430    .565    .271    .164    .163  -9.999    .120  -9.999
    20   2.650   1.430    .407    .280    .313    .253  -9.999    .173  -9.999
    48   2.650   1.550    .298    .224    .478    .375  -9.999    .279  -9.999
    61   2.650   1.420    .411    .230    .359  -9.999  -9.999    .234  -9.999
  6 TRES HERMANOS   
    33   2.650   1.660    .530    .196    .274    .339  -9.999    .196   7.900
    33   2.650   1.570    .401    .233    .366    .317  -9.999    .231   7.700
    76   2.650   1.690    .381    .383    .236    .321  -9.999    .181   7.700
   103   2.650   1.640    .500    .302    .198    .312  -9.999    .161  -9.999
   138   2.650   1.420    .423    .300    .277    .257  -9.999    .158  -9.999
   166   2.650   1.690    .378    .322    .300    .335  -9.999    .204  -9.999
  6 TSEBITAI        
     5   2.650   1.560    .659    .192    .149    .144  -9.999    .083   8.100
    40   2.650   1.230    .465    .367    .168    .171  -9.999    .070  -9.999
    65   2.650   1.400    .449    .412    .139    .168  -9.999    .080  -9.999
    85   2.650   1.400    .410    .497    .093    .210  -9.999    .092   7.800
   120   2.650   1.340    .345    .574    .081    .201  -9.999    .075   8.000
   160   2.650   1.450    .380    .457    .163    .194  -9.999    .086   8.000
  7 TUCUMCAN        
     5   2.650   1.390    .314    .366    .320    .427  -9.999    .195   7.300
    26   2.650   1.420    .324    .294    .382    .300  -9.999    .197  -9.999
    44   2.650   1.440    .301    .309    .390    .324  -9.999    .200  -9.999
    62   2.650   1.420    .312    .306    .382    .293  -9.999    .186  -9.999
    87   2.650   1.650    .385    .292    .323    .323  -9.999    .191  -9.999
   122   2.650   1.420    .421    .248    .331    .298  -9.999    .175   7.800
   160   2.650   1.420    .351    .294    .355    .278  -9.999    .153   7.900
  8 TURLEY          
    20   2.650   1.840    .694    .155    .151    .219  -9.999    .134   7.300
    40   2.650   1.630    .449    .324    .227    .228  -9.999    .173   7.500
    56   2.650   1.630    .605    .192    .203    .222  -9.999    .160   7.600
    69   2.650   1.610    .577    .208    .215    .256  -9.999    .158  -9.999
    81   2.650   1.580    .336    .363    .301    .333  -9.999    .229   7.600
    96   2.650   1.580    .262    .438    .300    .374  -9.999    .240   7.700
   142   2.650   1.550    .277    .411    .312    .395  -9.999    .253   7.700
   190   2.650   1.490    .405    .327    .268    .352  -9.999    .200   7.700
  6 TURNEY          
    10   2.650   1.600    .549    .246    .205    .254  -9.999    .168  -9.999
    18   2.650   1.490    .378    .269    .353    .285  -9.999    .180   7.700
    56   2.650   1.490    .454    .237    .309    .274  -9.999    .180  -9.999
    94   2.650   1.840    .391    .288    .321    .304  -9.999    .180   7.600
   109   2.650   1.600    .526    .241    .233  -9.999  -9.999    .166   7.600
   153   2.650   1.950    .627    .196    .177    .226  -9.999    .162  -9.999
  3 VERHALEN        
    15   2.650   1.380    .158    .403    .439  -9.999  -9.999    .229   6.900
    38   2.650   1.380    .137    .405    .458    .420  -9.999    .255   6.800
   137   2.650   1.530    .244    .420    .336    .272  -9.999    .222   7.700
  4 WALKON          
    25   2.650   1.780    .513    .241    .246    .317  -9.999    .158  -9.999
    38   2.650   1.600    .458    .262    .280    .302  -9.999    .171  -9.999
    51   2.650   1.630    .461    .270    .269    .302  -9.999    .166  -9.999
    64   2.650   1.680    .507    .251    .242    .344  -9.999    .151  -9.999
  4 WERITO          
    18   2.650   1.420    .333    .308    .359  -9.999  -9.999    .145   8.000
    43   2.650   1.420    .265    .341    .394  -9.999  -9.999    .176   8.000
    56   2.650   1.380    .123    .429    .448  -9.999  -9.999    .172   7.300
    86   2.650   1.380    .005    .455    .540  -9.999  -9.999    .167   4.400
  7 WETHERILL       
     8   2.650   1.470    .493    .391    .116    .232  -9.999    .087  -9.999
    18   2.650   1.510    .353    .394    .253    .234  -9.999    .134  -9.999
    30   2.650   1.510    .390    .373    .237    .284  -9.999    .146  -9.999
    51   2.650   1.470    .387    .398    .215    .244  -9.999    .125  -9.999
    86   2.650   1.720    .357    .418    .225    .303  -9.999    .169  -9.999
   132   2.650   1.720    .363    .402    .235    .349  -9.999    .169  -9.999
   160   2.650   1.700    .334    .442    .224    .291  -9.999    .165   7.800
 10 WINK            
     9   2.650   1.490    .871    .045    .084  -9.999  -9.999    .043  -9.999
    18   2.650   1.730    .841    .066    .093    .078  -9.999    .055  -9.999
    30   2.650   1.490    .855    .039    .106  -9.999  -9.999    .052  -9.999
    42   2.650   1.620    .814    .059    .127    .086  -9.999    .071  -9.999
    58   2.650   1.450    .794    .072    .134  -9.999  -9.999    .065  -9.999
    78   2.650   1.450    .773    .084    .143  -9.999  -9.999    .070  -9.999
   101   2.650   1.620    .637    .142    .221    .181  -9.999    .109   7.600
   117   2.650   1.650    .596    .171    .233    .218  -9.999    .127   7.500
   127   2.650   1.600    .645    .141    .214  -9.999  -9.999    .123   7.500
   136   2.650   1.300    .610    .306    .084    .256  -9.999    .078   7.600
  6 WITT            
     5   2.650   1.410    .470    .273    .257    .290  -9.999    .159   7.600
    20   2.650   1.640    .417    .305    .278    .349  -9.999    .198  -9.999
    38   2.650   1.600    .372    .357    .271    .326  -9.999    .189  -9.999
    64   2.650   1.460    .463    .304    .233    .298  -9.999    .162  -9.999
   107   2.650   1.320    .514    .265    .221    .356  -9.999    .239   7.900
   178   2.650   1.620    .653    .304    .043    .287  -9.999    .130   8.000
  2 YESO            
     5   2.650   1.490    .772    .188    .040  -9.999  -9.999    .054   7.000
    23   2.650   1.320    .305    .604    .091  -9.999  -9.999    .281   7.400
  6 YTURBIDE        
     8   2.650   1.490    .887    .093    .020  -9.999  -9.999    .036  -9.999
    18   2.650   1.850    .905    .074    .021    .070  -9.999    .044  -9.999
    53   2.650   1.490    .882    .090    .028  -9.999  -9.999    .040  -9.999
    86   2.650   2.270    .909    .070    .021    .102  -9.999    .048  -9.999
   109   2.650   1.490    .905    .074    .021  -9.999  -9.999    .042  -9.999
   165   2.650   1.490    .927    .056    .017  -9.999  -9.999    .028  -9.999
