  6 ABOTEN          
     2   2.650   1.450    .624    .330    .046  -9.999  -9.999    .081   7.700
    17   2.650   1.460    .652    .280    .068    .222    .260    .083   8.100
    28   2.650   1.520    .417    .374    .209    .281    .301    .176   8.300
    39   2.650   1.280    .448    .350    .202    .396    .416    .172   7.900
    48   2.650   1.360    .591    .304    .105    .418    .457    .184   7.700
    83   2.650   1.490    .878    .076    .046  -9.999  -9.999    .106   7.500
  1 ADELAIDE        
     5   2.650   1.480    .367    .575    .058    .275    .348    .098   7.500
  3 ARMESPAN        
     3   2.650   1.450    .683    .224    .093  -9.999  -9.999    .106  -9.999
    15   2.650   1.450    .624    .200    .176  -9.999  -9.999    .138  -9.999
    26   2.650   1.450    .635    .170    .195  -9.999  -9.999    .142  -9.999
  3 ARMESPAN        
    10   2.650   1.450    .605    .330    .065  -9.999  -9.999    .077  -9.999
    25   2.650   1.420    .466    .377    .157  -9.999  -9.999    .132  -9.999
    35   2.650   1.450    .529    .313    .158  -9.999  -9.999    .160   8.000
  3 ARMESPAN        
    10   2.650   1.420    .477    .369    .154  -9.999  -9.999    .141   8.000
    23   2.650   1.420    .433    .371    .196  -9.999  -9.999    .169  -9.999
    36   2.650   1.420    .451    .357    .192  -9.999  -9.999    .180  -9.999
  3 ARMESPAN        
     2   2.650   1.450    .740    .197    .063  -9.999  -9.999    .072  -9.999
    18   2.650   1.450    .687    .194    .119  -9.999  -9.999    .099  -9.999
    33   2.650   1.600    .583    .187    .230  -9.999  -9.999    .184  -9.999
  3 ARMESPAN        
     5   2.650   1.450    .652    .254    .094  -9.999  -9.999    .100  -9.999
    15   2.650   1.450    .532    .284    .184  -9.999  -9.999    .170  -9.999
    32   2.650   1.450    .526    .275    .199  -9.999  -9.999    .193  -9.999
  5 ARMOINE         
     5   2.650   1.450    .569    .333    .098  -9.999  -9.999    .084   7.800
    15   2.650   1.450    .544    .335    .121  -9.999  -9.999    .088  -9.999
    25   2.650   1.450    .611    .204    .185  -9.999  -9.999    .110  -9.999
    38   2.650   1.450    .652    .178    .170  -9.999  -9.999    .106  -9.999
    50   2.650   1.450    .669    .186    .145  -9.999  -9.999    .112   8.100
  7 ASHONE          
     5   2.650   1.450    .697    .184    .119  -9.999  -9.999    .113   6.000
    25   2.650   1.300    .648    .159    .193    .240  -9.999    .134  -9.999
    36   2.650   1.470    .628    .151    .221    .315  -9.999    .172  -9.999
    46   2.650   1.450    .697    .139    .164  -9.999  -9.999    .148  -9.999
    74   2.650   1.450    .769    .138    .093  -9.999  -9.999    .126  -9.999
    82   2.650   1.490    .787    .145    .068  -9.999  -9.999    .137  -9.999
   108   2.650   1.490    .834    .130    .036  -9.999  -9.999    .127  -9.999
  4 ATLOW           
     8   2.650   1.420    .475    .425    .100    .219  -9.999    .098  -9.999
    18   2.650   1.420    .468    .406    .126    .197  -9.999    .114  -9.999
    23   2.650   1.420    .406    .400    .194    .234  -9.999    .156  -9.999
    38   2.650   1.420    .388    .350    .262    .291  -9.999    .185  -9.999
  4 ATLOW           
     3   2.650   1.420    .429    .482    .089  -9.999  -9.999    .101   7.000
    10   2.650   1.710    .341    .543    .116    .272  -9.999    .135   7.700
    15   2.650   1.320    .290    .534    .176  -9.999  -9.999    .136  -9.999
    33   2.650   1.490    .873    .089    .038  -9.999  -9.999    .018  -9.999
  2 ATTELLA         
     8   2.650   1.560    .320    .547    .133    .267  -9.999    .133   7.300
    18   2.650   1.310    .203    .565    .232    .304  -9.999    .173   6.900
  8 BANGO           
     5   2.650   1.800    .799    .083    .118    .169  -9.999    .094   7.700
    12   2.650   1.600    .645    .120    .235  -9.999  -9.999    .141  -9.999
    33   2.650   1.640    .615    .153    .232    .236  -9.999    .159  -9.999
    46   2.650   1.450    .705    .098    .197  -9.999  -9.999    .117   8.100
    65   2.650   1.620    .786    .063    .151    .185  -9.999    .104   8.000
    85   2.650   1.420    .393    .234    .373  -9.999  -9.999    .163   7.800
   127   2.650   1.380    .083    .463    .454    .432  -9.999    .250   7.500
   152   2.650   1.490    .903    .057    .040  -9.999  -9.999    .034   7.100
  7 BANGO           
    15   2.650   1.600    .717    .148    .135    .234  -9.999    .101  -9.999
    71   2.650   1.600    .623    .132    .245  -9.999  -9.999    .170  -9.999
    97   2.650   1.450    .687    .226    .087  -9.999  -9.999    .112  -9.999
   135   2.650   1.450    .674    .252    .074  -9.999  -9.999    .110   8.100
   193   2.650   1.320    .290    .551    .159  -9.999  -9.999    .186   7.900
   251   2.650   1.320    .312    .561    .127  -9.999  -9.999    .152   7.600
   300   2.650   1.490    .898    .061    .041  -9.999  -9.999    .048   7.700
  2 BANGO           
    30   2.650   1.490    .873    .070    .057  -9.999  -9.999    .070   8.600
    71   2.650   1.600    .578    .130    .292  -9.999  -9.999    .190  -9.999
  7 BARTOME         
     5   2.650   1.090    .179    .621    .200    .328  -9.999    .149  -9.999
    13   2.650   1.130    .174    .626    .200    .295  -9.999    .145  -9.999
    25   2.650   1.290    .165    .620    .215    .326  -9.999    .166   7.500
    33   2.650   1.580    .187    .569    .244    .329  -9.999    .234   7.500
    48   2.650   1.490    .083    .553    .364    .408  -9.999    .294   7.900
    56   2.650   1.620    .426    .319    .255    .353  -9.999    .283  -9.999
   107   2.650   1.450    .663    .237    .100    .209  -9.999    .193   8.200
  2 BELLEHELEN      
    20   2.650   1.280    .367    .349    .284    .302    .378    .148   6.600
    41   2.650   1.240    .381    .395    .224    .320    .382    .122   6.900
  3 BELLEHELEN      
     5   2.650   1.450    .626    .291    .083  -9.999  -9.999    .102  -9.999
    13   2.650   1.590    .336    .371    .293    .328  -9.999    .156  -9.999
    33   2.650   1.420    .319    .306    .375  -9.999  -9.999    .233  -9.999
  9 BEOSKA          
    10   2.650   1.530    .292    .630    .078    .226  -9.999    .095   8.100
    18   2.650   1.590    .283    .627    .090    .253  -9.999    .121   7.300
    23   2.650   1.800    .276    .563    .161    .252  -9.999    .193   7.500
    33   2.650   1.450    .244    .416    .340    .357  -9.999    .281   8.100
    41   2.650   1.350    .373    .482    .145    .375  -9.999    .269   8.000
    64   2.650   1.220    .401    .435    .164    .372  -9.999    .223   7.800
    79   2.650   1.450    .585    .351    .064    .370  -9.999    .220   7.700
   104   2.650   1.450    .636    .326    .038  -9.999  -9.999    .190   7.800
   152   2.650   1.490    .749    .216    .035  -9.999  -9.999    .173   7.800
  3 BOUNCER         
     3   2.650   1.490    .819    .152    .029  -9.999  -9.999    .058  -9.999
    10   2.650   1.780    .728    .215    .057    .091  -9.999    .080  -9.999
    20   2.650   1.450    .605    .254    .141  -9.999  -9.999    .129  -9.999
  1 BOUNCER         
    12   2.650   1.450    .636    .302    .062  -9.999  -9.999    .072  -9.999
  1 BOUNCER         
    10   2.650   1.450    .694    .248    .058  -9.999  -9.999    .112  -9.999
  2 BUBUS           
     8   2.650   1.380    .324    .552    .124    .250    .288    .137   8.200
    18   2.650   1.570    .412    .446    .142    .267    .312    .155   8.100
  9 BUBUS           
     5   2.650   1.450    .725    .249    .026  -9.999  -9.999    .061   7.500
    10   2.650   1.450    .680    .281    .039  -9.999  -9.999    .058   8.100
    15   2.650   1.450    .649    .321    .030  -9.999  -9.999    .054   8.500
    30   2.650   1.410    .649    .301    .050    .096  -9.999    .058   8.900
    51   2.650   1.450    .555    .357    .088  -9.999  -9.999    .087   9.700
    71   2.650   1.420    .469    .434    .097  -9.999  -9.999    .102   9.700
   137   2.650   1.420    .242    .484    .274  -9.999  -9.999    .216   9.500
   152   2.650   1.450    .527    .352    .121  -9.999  -9.999    .149   9.300
   175   2.650   1.490    .911    .063    .026  -9.999  -9.999    .052   9.100
  3 BUBUS           
    30   2.650   1.450    .591    .322    .087  -9.999  -9.999    .071  -9.999
    51   2.650   1.450    .530    .364    .106  -9.999  -9.999    .094  -9.999
    71   2.650   1.420    .430    .452    .118  -9.999  -9.999    .105  -9.999
  1 BUDIHOL         
     2   2.650   1.450    .716    .211    .073  -9.999  -9.999    .061   7.200
  4 BURNBOROUGH     
    68   2.650   1.420    .482    .284    .234  -9.999  -9.999    .146  -9.999
    99   2.650   1.600    .468    .277    .255  -9.999  -9.999    .171  -9.999
   137   2.650   1.600    .519    .257    .224  -9.999  -9.999    .154  -9.999
   160   2.650   1.600    .467    .275    .258  -9.999  -9.999    .168  -9.999
  5 CAGLE           
     5   2.650   1.420    .341    .446    .213  -9.999  -9.999    .139  -9.999
    17   2.650   1.420    .276    .439    .285  -9.999  -9.999    .186  -9.999
    41   2.650   1.420    .267    .429    .304    .423  -9.999    .233  -9.999
    71   2.650   1.420    .247    .483    .270  -9.999  -9.999    .239  -9.999
   100   2.650   1.420    .298    .462    .240  -9.999  -9.999    .233  -9.999
  7 CHAD            
     8   2.650   1.320    .301    .557    .142  -9.999  -9.999    .088  -9.999
    26   2.650   1.740    .304    .510    .186    .315  -9.999    .122  -9.999
    36   2.650   1.420    .291    .486    .223    .244  -9.999    .121  -9.999
    61   2.650   1.420    .329    .398    .273    .244  -9.999    .142  -9.999
    89   2.650   1.420    .333    .351    .316    .256  -9.999    .162  -9.999
   122   2.650   1.420    .342    .326    .332  -9.999  -9.999    .175  -9.999
   175   2.650   1.420    .392    .348    .260    .325  -9.999    .139  -9.999
  4 CHILL           
     2   2.650   1.580    .682    .273    .045    .196    .240    .073   7.500
     9   2.650   1.620    .612    .334    .054    .225    .235    .062   7.600
    12   2.650   1.660    .616    .268    .116    .226    .257    .090   7.300
    21   2.650   1.520    .603    .176    .221    .258    .296    .123  -9.999
  8 CIRAC           
     8   2.650   1.490    .819    .135    .046  -9.999  -9.999    .119   8.200
    21   2.650   1.320    .866    .112    .022    .213    .239    .086  -9.999
    52   2.650   1.470    .638    .292    .070    .253    .315    .134   8.100
    94   2.650   1.490    .802    .168    .030  -9.999  -9.999    .098   8.100
   116   2.650   1.490    .899    .071    .030  -9.999  -9.999    .076   7.700
   137   2.650   1.370    .771    .162    .067    .193    .197    .110   7.700
   150   2.650   1.490    .890    .058    .052  -9.999  -9.999    .079   7.700
   160   2.650   1.490    .777    .151    .072  -9.999  -9.999    .118   7.700
  4 CLANALPINE      
    25   2.650   1.480    .421    .459    .120    .221  -9.999    .110  -9.999
    33   2.650   1.680    .384    .443    .173    .297  -9.999    .163  -9.999
    48   2.650   1.420    .375    .420    .205    .280  -9.999    .163  -9.999
    89   2.650   1.420    .365    .417    .218    .349  -9.999    .160  -9.999
  1 CLANALPINE      
    28   2.650   1.420    .467    .400    .133  -9.999  -9.999    .125  -9.999
  1 CLANALPINE      
    25   2.650   1.420    .441    .409    .150  -9.999  -9.999    .109  -9.999
  2 CLEAVAGE        
     9   2.650   1.420    .360    .492    .148  -9.999  -9.999    .135   6.900
    22   2.650   1.420    .252    .360    .388  -9.999  -9.999    .136   6.300
  4 CLEAVAGE        
     5   2.650   1.420    .400    .475    .125    .297  -9.999    .099  -9.999
    15   2.650   1.620    .266    .542    .192    .313  -9.999    .134  -9.999
    25   2.650   1.420    .319    .456    .225  -9.999  -9.999    .145  -9.999
    46   2.650   1.420    .414    .401    .185    .237  -9.999    .112  -9.999
  4 CLEAVAGE        
     5   2.650   1.450    .579    .308    .113    .244  -9.999    .102   7.100
    10   2.650   1.420    .488    .352    .160  -9.999  -9.999    .128  -9.999
    20   2.650   1.420    .443    .380    .177    .263  -9.999    .135  -9.999
    41   2.650   1.420    .424    .425    .151    .287  -9.999    .124  -9.999
  7 COBRE           
     5   2.650   1.230    .602    .321    .077    .204  -9.999    .091   7.600
    10   2.650   1.150    .577    .336    .087    .213  -9.999    .075  -9.999
    23   2.650   1.200    .570    .327    .103    .185  -9.999    .091  -9.999
    41   2.650   1.230    .552    .351    .097    .235  -9.999    .103  -9.999
    53   2.650   1.450    .594    .320    .086  -9.999  -9.999    .133  -9.999
    71   2.650   1.310    .594    .336    .070    .269  -9.999    .115   8.300
    81   2.650   1.450    .682    .305    .013  -9.999  -9.999    .090   8.800
  8 CREEMON         
    10   2.650   1.390    .213    .679    .108    .272  -9.999    .111   8.000
    18   2.650   1.520    .158    .697    .145    .275  -9.999    .164   8.000
    28   2.650   1.230    .133    .658    .209    .321  -9.999    .189   8.200
    41   2.650   1.190    .201    .670    .129    .328  -9.999    .159   7.800
    71   2.650   1.300    .313    .562    .125    .374  -9.999    .159   7.600
    84   2.650   1.400    .402    .444    .154    .188  -9.999    .213   7.700
   117   2.650   1.270    .583    .335    .082    .199  -9.999    .108   7.600
   152   2.650   1.270    .469    .453    .078    .255  -9.999    .112   7.700
  8 CRESAL          
     5   2.650   1.420    .080    .822    .098    .331  -9.999    .121   8.000
    10   2.650   1.590    .133    .695    .172    .302  -9.999    .157   8.400
    25   2.650   1.470    .166    .693    .141    .335  -9.999    .159   8.400
    48   2.650   1.420    .500    .405    .095    .246  -9.999    .125   8.200
    71   2.650   1.510    .409    .393    .198    .331  -9.999    .192   7.700
    86   2.650   1.190    .271    .522    .207    .353  -9.999    .188   7.600
   104   2.650   1.270    .067    .575    .358    .455  -9.999    .257   7.600
   152   2.650   1.270    .006    .615    .379    .479  -9.999    .330   7.500
  8 CRESAL          
     5   2.650   1.220    .285    .610    .105    .299  -9.999    .122   7.700
    15   2.650   1.460    .285    .563    .152    .257  -9.999    .158   8.400
    29   2.650   1.410    .388    .464    .148    .248  -9.999    .155   8.300
    45   2.650   1.290    .313    .528    .159    .325  -9.999    .178   8.400
    72   2.650   1.180    .248    .692    .060    .434  -9.999    .142   9.000
    89   2.650   1.170    .217    .730    .053    .518  -9.999    .146   8.400
   109   2.650   1.140    .191    .744    .065    .472  -9.999    .147   8.100
   152   2.650   1.110    .302    .566    .132    .544  -9.999    .139   8.000
  7 DACKER          
     5   2.650   1.420    .152    .646    .202    .291  -9.999    .175  -9.999
    15   2.650   1.330    .114    .591    .295    .297  -9.999    .202  -9.999
    28   2.650   1.370    .114    .552    .334    .348  -9.999    .252  -9.999
    46   2.650   1.510    .140    .564    .296    .408  -9.999    .276  -9.999
    81   2.650   1.320    .246    .589    .165    .400  -9.999    .238   8.000
   102   2.650   1.630    .694    .233    .073    .256  -9.999    .318   8.100
   132   2.650   1.660    .785    .186    .029    .282  -9.999    .148   8.200
  4 DALIAN          
    13   2.650   1.490    .752    .204    .044  -9.999  -9.999    .036  -9.999
   104   2.650   1.490    .923    .049    .028  -9.999  -9.999    .015  -9.999
   145   2.650   1.490    .780    .164    .056  -9.999  -9.999    .031  -9.999
   163   2.650   1.450    .718    .205    .077  -9.999  -9.999    .033   8.700
  9 DEFLER          
     5   2.650   1.710    .624    .302    .074    .197  -9.999    .108  -9.999
    13   2.650   1.590    .633    .290    .077    .235  -9.999    .107  -9.999
    25   2.650   1.450    .661    .274    .065  -9.999  -9.999    .090  -9.999
    38   2.650   1.450    .681    .268    .051  -9.999  -9.999    .087  -9.999
    63   2.650   1.450    .718    .254    .028  -9.999  -9.999    .086   7.900
    89   2.650   1.510    .702    .253    .045    .365  -9.999    .089   8.600
   114   2.650   1.490    .826    .133    .041  -9.999  -9.999    .069   7.900
   145   2.650   1.490    .822    .128    .050  -9.999  -9.999    .079   7.800
   179   2.650   1.550    .654    .267    .079    .338  -9.999    .102   7.900
  4 DELP            
     5   2.650   1.720    .871    .052    .077    .143    .175    .050   7.900
    38   2.650   1.740    .878    .029    .093    .080    .089    .063  -9.999
    90   2.650   1.830    .908    .019    .073    .064    .079    .046   9.200
   130   2.650   1.660    .714    .057    .229    .231    .264    .141   9.200
  8 DELVADA         
     8   2.650   1.230    .135    .591    .274    .520  -9.999    .240   7.100
    22   2.650   1.170    .119    .581    .300    .549  -9.999    .243   7.400
    37   2.650   1.180    .130    .581    .289    .512  -9.999    .237   7.500
    51   2.650   1.180    .113    .631    .256    .485  -9.999    .251   7.600
    71   2.650   1.320    .126    .653    .221  -9.999  -9.999    .268   7.500
    90   2.650   1.220    .137    .641    .222    .539  -9.999    .237   7.500
   109   2.650   1.320    .135    .691    .174  -9.999  -9.999    .244   7.500
   152   2.650   1.270    .165    .692    .143    .434  -9.999    .190  -9.999
  7 DESTAZO         
     5   2.650   1.450    .540    .292    .168  -9.999  -9.999    .096  -9.999
    23   2.650   1.390    .595    .226    .179    .158  -9.999    .093  -9.999
    36   2.650   1.480    .723    .085    .192    .145  -9.999    .098   8.300
    63   2.650   1.420    .312    .330    .358  -9.999  -9.999    .122   7.800
   102   2.650   1.420    .296    .449    .255  -9.999  -9.999    .141   7.900
   153   2.650   1.560    .393    .208    .399    .368  -9.999    .222   7.900
   168   2.650   1.130    .623    .190    .187  -9.999  -9.999    .094   8.200
  4 DONNEYVILLE     
     5   2.650   1.450    .519    .426    .055  -9.999  -9.999    .090   8.000
    10   2.650   1.420    .460    .466    .074  -9.999  -9.999    .098  -9.999
    15   2.650   1.700    .364    .510    .126    .296  -9.999    .158  -9.999
    23   2.650   1.420    .289    .483    .228    .301  -9.999    .220   7.900
  2 DOUHIDE         
    16   2.650   1.180    .501    .354    .145    .326  -9.999    .111   7.200
    40   2.650   1.410    .523    .215    .262    .352    .376    .157   6.900
  3 DOWNEYVILLE     
     6   2.650   1.580    .719    .220    .061    .228    .264    .079   8.100
    12   2.650   1.560    .535    .308    .157    .231    .264    .134   7.700
    22   2.650   1.390    .480    .234    .286    .377    .416    .177   7.100
  6 DUFF            
    20   2.650   1.420    .332    .384    .284  -9.999  -9.999    .176  -9.999
    51   2.650   1.390    .334    .383    .283    .282  -9.999    .181  -9.999
    76   2.650   1.500    .348    .364    .288    .319  -9.999    .180  -9.999
   106   2.650   1.420    .329    .383    .288    .321  -9.999    .173  -9.999
   132   2.650   1.420    .370    .363    .267  -9.999  -9.999    .156  -9.999
   183   2.650   1.420    .411    .328    .261    .295  -9.999    .148  -9.999
  9 DUN GLEN        
     5   2.650   1.420    .401    .550    .049    .207  -9.999    .095  -9.999
    10   2.650   1.480    .379    .568    .053    .244  -9.999    .099  -9.999
    28   2.650   1.410    .370    .568    .062    .219  -9.999    .104  -9.999
    46   2.650   1.300    .523    .452    .025    .185  -9.999    .091  -9.999
    61   2.650   1.280    .647    .328    .025    .189  -9.999    .086   8.700
    79   2.650   1.410    .753    .222    .025    .214  -9.999    .080   8.600
   117   2.650   1.510    .701    .246    .053    .226  -9.999    .097   7.900
   127   2.650   1.470    .796    .167    .037    .179  -9.999    .082   7.800
   152   2.650   1.590    .630    .313    .057    .180  -9.999    .105   7.900
  9 ENKO            
     5   2.650   1.450    .575    .326    .099    .199  -9.999    .077  -9.999
    13   2.650   1.530    .534    .350    .116    .220  -9.999    .095  -9.999
    36   2.650   1.440    .527    .349    .124    .206  -9.999    .099  -9.999
    53   2.650   1.450    .641    .198    .161  -9.999  -9.999    .128  -9.999
    79   2.650   1.450    .563    .375    .062  -9.999  -9.999    .145  -9.999
    91   2.650   1.490    .838    .129    .033  -9.999  -9.999    .092  -9.999
   107   2.650   1.490    .776    .204    .020  -9.999  -9.999    .107  -9.999
   127   2.650   1.490    .894    .025    .081  -9.999  -9.999    .061  -9.999
   155   2.650   1.490    .905    .018    .077  -9.999  -9.999    .066  -9.999
  3 ENKO            
    15   2.650   1.450    .630    .259    .111  -9.999  -9.999    .088  -9.999
    38   2.650   1.450    .617    .264    .119  -9.999  -9.999    .093  -9.999
    41   2.650   1.450    .725    .165    .110  -9.999  -9.999    .088  -9.999
  1 ESMOD           
    38   2.650   1.420    .384    .244    .372  -9.999  -9.999    .403  -9.999
 10 FADOLL          
     5   2.650   1.490    .927    .065    .008  -9.999  -9.999    .097  -9.999
    10   2.650   1.490    .888    .100    .012  -9.999  -9.999    .119  -9.999
    19   2.650   1.540    .859    .125    .016    .165  -9.999    .143  -9.999
    33   2.650   1.580    .859    .125    .016    .145  -9.999    .100  -9.999
    59   2.650   1.640    .868    .107    .025    .134  -9.999    .085  -9.999
    84   2.650   1.800    .891    .076    .033    .112  -9.999    .058  -9.999
   104   2.650   1.860    .921    .055    .024    .104  -9.999    .050  -9.999
   117   2.650   1.490    .940    .040    .020  -9.999  -9.999    .039  -9.999
   152   2.650   1.490    .975    .021    .004  -9.999  -9.999    .039  -9.999
    10   2.650   1.490    .895    .093    .012  -9.999  -9.999    .095   6.500
  8 FLUE            
     8   2.650   1.410    .390    .506    .104    .288  -9.999    .116   7.600
    23   2.650   1.270    .352    .566    .082    .235  -9.999    .095  -9.999
    33   2.650   1.580    .434    .488    .078    .281  -9.999    .150   8.200
    63   2.650   1.390    .204    .259    .537  -9.999  -9.999    .386   8.200
    74   2.650   1.390    .249    .292    .459  -9.999  -9.999    .350   7.800
    97   2.650   1.450    .641    .269    .090  -9.999  -9.999    .255   7.500
   104   2.650   1.450    .681    .254    .065  -9.999  -9.999    .225   8.200
   152   2.650   1.490    .772    .160    .068  -9.999  -9.999    .094   7.800
  8 GEER            
     5   2.650   1.450    .644    .256    .100  -9.999  -9.999    .100   7.800
    13   2.650   1.550    .709    .171    .120    .164  -9.999    .105  -9.999
    33   2.650   1.470    .699    .189    .112    .209  -9.999    .101  -9.999
    64   2.650   1.300    .606    .274    .120    .264  -9.999    .103  -9.999
    91   2.650   1.310    .596    .303    .101    .295  -9.999    .102   7.800
   102   2.650   1.270    .511    .376    .113    .326  -9.999    .110   7.700
   132   2.650   1.560    .573    .292    .135    .234  -9.999    .131   7.600
   160   2.650   1.700    .695    .220    .085    .284  -9.999    .111   7.600
  3 GEER            
     8   2.650   1.420    .311    .474    .215  -9.999  -9.999    .214   8.100
    20   2.650   1.320    .173    .602    .225  -9.999  -9.999    .206   8.200
    34   2.650   1.320    .222    .546    .232  -9.999  -9.999    .210   7.800
  3 GEER            
     8   2.650   1.420    .489    .407    .104  -9.999  -9.999    .115  -9.999
    18   2.650   1.420    .508    .387    .105  -9.999  -9.999    .109  -9.999
    36   2.650   1.420    .397    .476    .127  -9.999  -9.999    .139  -9.999
  3 GEER            
     8   2.650   1.450    .698    .206    .096  -9.999  -9.999    .099   7.400
    18   2.650   1.420    .305    .441    .254  -9.999  -9.999    .179   8.100
    30   2.650   1.420    .441    .426    .133  -9.999  -9.999    .125  -9.999
  6 GOLDRUN         
     8   2.650   1.520    .910    .056    .034  -9.999  -9.999    .047  -9.999
    23   2.650   1.600    .916    .054    .030  -9.999  -9.999    .040  -9.999
    30   2.650   1.580    .889    .067    .044    .076  -9.999    .049  -9.999
    56   2.650   1.570    .884    .055    .061    .060  -9.999    .057  -9.999
    94   2.650   1.580    .904    .027    .069    .095  -9.999    .065  -9.999
   152   2.650   1.490    .900    .065    .035  -9.999  -9.999    .052  -9.999
  4 GOODSPRINGS     
     3   2.650   1.450    .704    .211    .085  -9.999  -9.999    .055  -9.999
    13   2.650   1.450    .721    .153    .126  -9.999  -9.999    .084  -9.999
    28   2.650   1.630    .751    .160    .089    .147  -9.999    .075  -9.999
    38   2.650   1.450    .787    .124    .089  -9.999  -9.999    .054  -9.999
  6 GOOSEL          
     5   2.650   1.280    .249    .557    .194    .352  -9.999    .180  -9.999
    15   2.650   1.200    .239    .568    .193    .305  -9.999    .168  -9.999
    30   2.650   1.200    .242    .575    .183    .330  -9.999    .169  -9.999
    38   2.650   1.420    .233    .492    .275  -9.999  -9.999    .295  -9.999
    48   2.650   1.420    .229    .490    .281  -9.999  -9.999    .352  -9.999
    89   2.650   1.490    .792    .124    .084  -9.999  -9.999    .171  -9.999
  8 GRANSHAW        
     5   2.650   1.760    .814    .147    .039    .113  -9.999    .044  -9.999
    10   2.650   1.800    .769    .188    .043    .081  -9.999    .050  -9.999
    36   2.650   1.830    .742    .177    .081    .135  -9.999    .077   8.600
    43   2.650   1.950    .798    .116    .086    .123  -9.999    .078   8.400
    66   2.650   1.940    .912    .027    .061    .114  -9.999    .068   8.200
    89   2.650   1.910    .939    .021    .040    .134  -9.999    .046   7.800
   137   2.650   1.890    .955    .015    .030    .094  -9.999    .032   8.400
   165   2.650   1.490    .970    .011    .019  -9.999  -9.999    .024   8.400
 10 GRAPEVINE       
     2   2.650   1.490    .919    .045    .036  -9.999    .070    .027  -9.999
    12   2.650   1.610    .897    .059    .044    .100    .103    .039  -9.999
    20   2.650   1.640    .865    .083    .052    .169    .172    .044  -9.999
    35   2.650   1.490    .867    .081    .052  -9.999    .101    .037  -9.999
    60   2.650   1.700    .818    .113    .069    .102    .136    .046  -9.999
    80   2.650   1.490    .807    .104    .089  -9.999  -9.999    .049  -9.999
   100   2.650   1.870    .800    .099    .101    .215    .279    .073  -9.999
   120   2.650   1.490    .810    .098    .092  -9.999  -9.999    .052  -9.999
   145   2.650   1.760    .786    .114    .100    .255    .313    .060  -9.999
   175   2.650   1.490    .857    .075    .068  -9.999  -9.999    .052  -9.999
  9 GRAPEVINE       
     2   2.650   1.490    .872    .088    .040  -9.999    .110    .049   7.300
    20   2.650   1.500    .937    .027    .036    .197    .201    .041  -9.999
    40   2.650   1.480    .926    .030    .044    .194    .195    .024  -9.999
    70   2.650   1.670    .828    .104    .068    .150    .154    .030  -9.999
    90   2.650   1.490    .803    .116    .081  -9.999  -9.999    .055  -9.999
   110   2.650   1.490    .803    .117    .080  -9.999  -9.999    .054  -9.999
   130   2.650   1.820    .786    .122    .092    .189    .257    .062  -9.999
   155   2.650   1.490    .821    .098    .081  -9.999  -9.999    .054   8.300
   175   2.650   1.780    .863    .077    .060    .119    .139    .055   8.200
  4 GRINA           
     5   2.650   1.420    .228    .395    .377  -9.999  -9.999    .372   7.500
    15   2.650   1.090    .231    .383    .386    .450  -9.999    .263   7.200
    28   2.650   1.090    .227    .386    .387    .459  -9.999    .276   7.100
    38   2.650   1.230    .271    .378    .351  -9.999  -9.999    .348   7.200
  5 GYNELLE         
    10   2.650    .200    .751    .217    .032    .019    .026    .008  -9.999
    20   2.650   1.490    .819    .146    .035  -9.999  -9.999    .058  -9.999
    66   2.650   1.430    .759    .195    .046    .213    .263    .063   8.300
    81   2.650   1.450    .734    .208    .058  -9.999  -9.999    .065   8.600
   130   2.650   1.490    .776    .174    .050  -9.999  -9.999    .061   8.800
  1 HACKWOOD        
   117   2.650   1.420    .429    .490    .081  -9.999  -9.999    .084  -9.999
  4 HANDPAH         
     5   2.650   1.450    .528    .346    .126    .310    .405    .112   7.600
    10   2.650   1.400    .454    .361    .185    .276    .353    .137   7.800
    23   2.650   1.330    .457    .332    .211    .319    .379    .136   7.500
    38   2.650   1.220    .469    .293    .238    .365    .450    .142   7.400
  7 HAPGOOD         
     8   2.650   1.420    .441    .417    .142  -9.999  -9.999    .220  -9.999
    20   2.650   1.390    .409    .445    .146    .288  -9.999    .170  -9.999
    41   2.650   1.600    .440    .417    .143    .278  -9.999    .160  -9.999
    56   2.650   1.640    .441    .412    .147    .294  -9.999    .162  -9.999
    84   2.650   1.640    .441    .412    .147    .331  -9.999    .156  -9.999
   107   2.650   1.450    .434    .412    .154    .307  -9.999    .132  -9.999
   150   2.650   1.810    .527    .367    .106    .214  -9.999    .098  -9.999
  8 HARDHAT         
     5   2.650   1.530    .160    .665    .175    .315  -9.999    .168   7.900
    13   2.650   1.420    .265    .560    .175    .291  -9.999    .139   8.400
    25   2.650   1.240    .202    .635    .163    .296  -9.999    .133   8.200
    43   2.650   1.110    .154    .699    .147    .351  -9.999    .137   8.500
    58   2.650   1.510    .461    .460    .079    .284  -9.999    .118   8.800
    81   2.650   1.450    .576    .360    .064  -9.999  -9.999    .088   8.000
   142   2.650   1.320    .417    .510    .073  -9.999  -9.999    .099   7.600
   152   2.650   1.450    .555    .375    .070  -9.999  -9.999    .093   7.600
  7 HAWSLEY         
    10   2.650   1.490    .939    .006    .055  -9.999  -9.999    .048   8.100
    17   2.650   1.490    .928    .019    .053  -9.999  -9.999    .072   7.900
    39   2.650   1.490    .904    .019    .077  -9.999  -9.999    .043  -9.999
    75   2.650   1.490    .893    .034    .073  -9.999  -9.999    .034  -9.999
    98   2.650   1.490    .894    .041    .065  -9.999  -9.999    .031  -9.999
   133   2.650   1.660    .888    .072    .040    .115    .156    .043   8.300
   150   2.650   1.320    .135    .705    .160  -9.999  -9.999    .098   7.200
  6 HEIST           
    10   2.650   1.330    .121    .678    .201    .315  -9.999    .178   8.000
    25   2.650   1.190    .242    .591    .167    .296  -9.999    .163   7.900
    69   2.650   1.200    .269    .560    .171    .328  -9.999    .191   7.800
    94   2.650   1.780    .463    .376    .161    .269  -9.999    .166   7.800
   114   2.650   1.700    .575    .322    .103    .287  -9.999    .146   7.800
   153   2.650   1.490    .749    .206    .045  -9.999  -9.999    .063   7.700
  5 HEIST           
     7   2.650   1.420    .429    .467    .104    .210  -9.999    .116   8.000
    30   2.650   1.370    .497    .404    .099    .173  -9.999    .110  -9.999
    61   2.650   1.310    .438    .480    .082    .219  -9.999    .103  -9.999
   122   2.650   1.370    .518    .416    .066    .253  -9.999    .107   7.800
   153   2.650   1.360    .594    .349    .057    .175  -9.999    .078   7.600
  5 HOLLYWELL       
     8   2.650   1.490    .809    .168    .023  -9.999  -9.999    .080   8.300
    28   2.650   1.770    .751    .181    .068    .232    .304    .113  -9.999
    68   2.650   1.660    .801    .148    .051    .272    .297    .098   8.200
   122   2.650   1.490    .815    .151    .034  -9.999  -9.999    .092   7.800
   152   2.650   1.490    .800    .153    .047  -9.999  -9.999    .112   7.600
  8 HOUGH           
     4   2.650   1.490    .942    .014    .044  -9.999  -9.999    .024  -9.999
    13   2.650   1.760    .934    .018    .048    .058  -9.999    .030  -9.999
    24   2.650   1.490    .883    .028    .089  -9.999  -9.999    .037  -9.999
    45   2.650   1.700    .727    .043    .230    .231    .267    .126  -9.999
    66   2.650   1.450    .842    .007    .151  -9.999  -9.999    .068  -9.999
    92   2.650   1.490    .925    .005    .070  -9.999  -9.999    .046  -9.999
   118   2.650   1.820    .929    .000    .071    .098    .098    .049  -9.999
   152   2.650   1.490    .949    .003    .048  -9.999  -9.999    .031  -9.999
  3 HUNNTON         
    18   2.650   1.390    .395    .372    .233    .253  -9.999    .160  -9.999
    85   2.650   1.390    .349    .223    .428  -9.999  -9.999    .256   7.800
    90   2.650   1.420    .462    .351    .187  -9.999  -9.999    .185   7.900
  2 HUSSEL          
    25   2.650   1.450    .718    .175    .107  -9.999  -9.999    .062  -9.999
    48   2.650   1.450    .745    .133    .122  -9.999  -9.999    .064  -9.999
  5 ISOLDE          
     5   2.650   1.490    .968    .000    .032  -9.999  -9.999    .021  -9.999
    18   2.650   1.860    .961    .000    .039    .069    .091    .026  -9.999
    54   2.650   1.490    .926    .025    .049  -9.999  -9.999    .033  -9.999
   115   2.650   1.490    .929    .010    .061  -9.999  -9.999    .037  -9.999
   175   2.650   1.490    .947    .017    .036  -9.999  -9.999    .030  -9.999
  4 ITCA            
    13   2.650   1.530    .661    .240    .099    .150  -9.999    .096  -9.999
    18   2.650   1.450    .586    .274    .140  -9.999  -9.999    .099  -9.999
    30   2.650   1.540    .582    .221    .197    .203  -9.999    .137  -9.999
    43   2.650   1.510    .475    .183    .342    .424  -9.999    .246  -9.999
  2 IZOD            
     3   2.650   1.420    .443    .449    .108    .248  -9.999    .095   8.000
    20   2.650   1.420    .353    .485    .162    .248  -9.999    .125  -9.999
  2 JACKPOT         
    10   2.650   1.450    .662    .205    .133  -9.999  -9.999    .094  -9.999
    28   2.650   1.450    .728    .131    .141  -9.999  -9.999    .103  -9.999
  6 JEAN            
     5   2.650   1.490    .913    .075    .012  -9.999  -9.999    .016  -9.999
    18   2.650   1.680    .862    .102    .036    .106  -9.999    .029  -9.999
    33   2.650   1.490    .880    .068    .052  -9.999  -9.999    .031  -9.999
    61   2.650   1.490    .930    .030    .040  -9.999  -9.999    .021  -9.999
   114   2.650   1.490    .955    .041    .004  -9.999  -9.999    .009  -9.999
   168   2.650   1.490    .946    .022    .032  -9.999  -9.999    .015  -9.999
  4 JUNG            
    10   2.650   1.420    .497    .352    .151  -9.999  -9.999    .109  -9.999
    20   2.650   1.420    .439    .212    .349  -9.999  -9.999    .226  -9.999
    38   2.650   1.600    .464    .191    .345  -9.999  -9.999    .240  -9.999
    43   2.650   1.600    .513    .257    .230  -9.999  -9.999    .190  -9.999
  4 JUNG            
     8   2.650   1.420    .409    .447    .144  -9.999  -9.999    .114  -9.999
    18   2.650   1.420    .336    .374    .290  -9.999  -9.999    .169  -9.999
    30   2.650   1.420    .371    .326    .303  -9.999  -9.999    .197  -9.999
    43   2.650   1.420    .438    .306    .256  -9.999  -9.999    .168  -9.999
  7 KAYO            
     3   2.650   1.490    .798    .180    .022  -9.999  -9.999    .073  -9.999
    15   2.650   1.820    .659    .275    .066    .238  -9.999    .086  -9.999
    38   2.650   1.600    .640    .101    .259  -9.999  -9.999    .144  -9.999
    49   2.650   1.450    .759    .081    .160    .213  -9.999    .084  -9.999
    66   2.650   1.490    .818    .074    .108  -9.999  -9.999    .089  -9.999
   109   2.650   1.450    .723    .080    .197    .168  -9.999    .112   7.900
   153   2.650   1.450    .723    .106    .171    .241  -9.999    .119   8.200
  4 KEEFA           
    15   2.650   1.450    .663    .289    .048  -9.999  -9.999    .067  -9.999
    38   2.650   1.450    .682    .236    .082  -9.999  -9.999    .077  -9.999
    71   2.650   1.450    .758    .167    .075  -9.999  -9.999    .072   8.400
   145   2.650   1.490    .905    .022    .073  -9.999  -9.999    .070   7.700
  6 KEEFA           
    10   2.650   1.660    .831    .149    .020    .191    .212    .080  -9.999
    26   2.650   1.730    .887    .065    .048    .225    .249    .095  -9.999
    51   2.650   1.450    .685    .115    .200    .296    .374    .133   8.100
    69   2.650   1.450    .779    .081    .140    .233    .248    .102   8.300
   107   2.650   1.750    .838    .062    .100    .266    .310    .100   8.400
   152   2.650   1.490    .822    .095    .083  -9.999  -9.999    .106   7.900
  7 KELK TAX.       
     5   2.650   1.150    .137    .729    .134    .278  -9.999    .112  -9.999
    10   2.650   1.320    .104    .699    .197  -9.999  -9.999    .165  -9.999
    33   2.650   1.230    .119    .705    .176    .277  -9.999    .165  -9.999
    64   2.650   1.410    .344    .556    .100    .323  -9.999    .173   7.600
    91   2.650   1.530    .415    .490    .095    .297  -9.999    .171   8.000
   122   2.650   1.410    .435    .457    .108    .317  -9.999    .152   8.100
   152   2.650   1.410    .482    .431    .087    .348  -9.999    .142   8.100
  8 KIOTE           
     8   2.650   1.640    .570    .329    .101    .313  -9.999    .069   5.700
    19   2.650   1.420    .547    .382    .071    .241  -9.999    .054  -9.999
    49   2.650   1.660    .461    .418    .121    .269  -9.999    .126  -9.999
    76   2.650   1.420    .407    .407    .186    .231  -9.999    .129  -9.999
   105   2.650   1.600    .567    .208    .225  -9.999  -9.999    .149  -9.999
   150   2.650   1.450    .692    .161    .147  -9.999  -9.999    .097  -9.999
    10   2.650   1.450    .585    .340    .075  -9.999  -9.999    .074   5.700
    12   2.650   1.450    .579    .352    .069  -9.999  -9.999    .107   5.600
  7 KOYEN           
     7   2.650   1.490    .932    .026    .042    .100    .139    .040   8.200
    38   2.650   1.530    .865    .061    .074    .194    .228    .066   8.200
    69   2.650   1.590    .765    .144    .091    .183    .293    .068   8.300
    82   2.650   1.540    .723    .154    .123    .311    .394    .092   8.600
   127   2.650   1.670    .917    .029    .054    .155    .209    .057   8.500
   143   2.650   1.490    .948    .017    .035  -9.999  -9.999    .051   8.000
   152   2.650   1.630    .909    .039    .052    .135    .200    .055   8.100
  6 KOYEN           
     5   2.650   1.490    .791    .168    .041  -9.999  -9.999    .061   7.500
    13   2.650   1.780    .762    .169    .069    .155  -9.999    .085  -9.999
    38   2.650   1.700    .789    .145    .066    .145  -9.999    .085  -9.999
    92   2.650   1.890    .784    .143    .073    .185  -9.999    .102  -9.999
   119   2.650   1.900    .821    .131    .048    .171  -9.999    .082  -9.999
   145   2.650   1.490    .860    .073    .067  -9.999  -9.999    .073  -9.999
  5 KOYEN           
    10   2.650   1.670    .843    .106    .051    .145  -9.999    .063  -9.999
    30   2.650   1.620    .825    .111    .064    .125  -9.999    .071  -9.999
    43   2.650   1.690    .811    .126    .063    .203  -9.999    .074  -9.999
   107   2.650   1.730    .831    .111    .058    .208  -9.999    .076  -9.999
   145   2.650   1.810    .828    .111    .061    .253  -9.999    .129  -9.999
  8 KUMIVA          
     3   2.650   1.430    .549    .380    .071    .237  -9.999    .099   8.000
    13   2.650   1.470    .565    .360    .075    .206  -9.999    .103  -9.999
    25   2.650   1.630    .620    .315    .065    .248  -9.999    .103  -9.999
    53   2.650   1.570    .756    .205    .039    .129  -9.999    .074   8.700
    76   2.650   1.590    .739    .207    .054    .159  -9.999    .087   8.900
    89   2.650   1.600    .607    .301    .092    .232  -9.999    .133   8.400
   132   2.650   1.530    .734    .213    .053    .303  -9.999    .084   7.900
   165   2.650   1.410    .592    .343    .065    .388  -9.999    .096   7.800
  8 KUMIVA          
     4   2.650   1.670    .635    .360    .005    .234  -9.999    .097  -9.999
    15   2.650   1.700    .584    .400    .016    .209  -9.999    .102  -9.999
    30   2.650   1.450    .672    .304    .024  -9.999  -9.999    .084   8.300
    36   2.650   1.740    .680    .294    .026    .259  -9.999    .106   8.400
    66   2.650   1.720    .669    .307    .024    .186  -9.999    .101   8.500
    99   2.650   1.710    .774    .205    .021    .313  -9.999    .097   8.700
   157   2.650   1.760    .558    .424    .018    .187  -9.999    .144   8.400
   175   2.650   1.490    .771    .222    .007  -9.999  -9.999    .070   8.300
  8 LAND            
     5   2.650   1.320    .190    .544    .266  -9.999  -9.999    .123   7.700
    18   2.650   1.310    .277    .481    .242    .291  -9.999    .101   8.100
    25   2.650   1.420    .337    .436    .227  -9.999  -9.999    .104   8.400
    58   2.650   1.400    .182    .515    .303  -9.999  -9.999    .116   8.500
    74   2.650   1.400    .166    .515    .319  -9.999  -9.999    .179   8.600
    89   2.650   1.490    .186    .501    .313    .299  -9.999    .155   8.700
   122   2.650   1.490    .153    .502    .345    .352  -9.999    .179   8.700
   163   2.650   1.400    .110    .497    .393  -9.999  -9.999    .195   8.700
 10 LAND            
     3   2.650   1.420    .462    .399    .139  -9.999  -9.999    .131   7.400
     7   2.650   1.330    .376    .440    .184    .362    .370    .138   8.000
    15   2.650   1.400    .120    .511    .369  -9.999  -9.999    .230   8.200
    23   2.650   1.320    .174    .564    .262  -9.999  -9.999    .137   8.300
    30   2.650   1.280    .033    .732    .235    .325    .403    .137   8.300
    37   2.650   1.320    .062    .744    .194  -9.999  -9.999    .125   8.200
    58   2.650   1.380    .067    .768    .165    .356    .429    .130   8.400
    95   2.650   1.460    .401    .549    .050    .314    .390    .070   8.500
   120   2.650   1.370    .158    .758    .084    .448    .478    .095   8.500
   135   2.650   1.450    .610    .324    .066  -9.999  -9.999    .064   8.300
  9 LAND            
     2   2.650   1.320    .214    .677    .109  -9.999  -9.999    .077   7.000
     9   2.650   1.410    .184    .684    .132    .283    .352    .107   7.800
    19   2.650   1.420    .146    .715    .139    .344    .392    .116   8.000
    29   2.650   1.250    .119    .750    .131    .233    .299    .106   8.200
    53   2.650   1.260    .827    .149    .024    .207    .304    .029   8.400
    73   2.650   1.320    .333    .562    .105  -9.999  -9.999    .073   8.500
    87   2.650   1.320    .356    .525    .119  -9.999  -9.999    .095   8.300
   133   2.650   1.470    .958    .034    .008    .160    .166    .016   8.200
   170   2.650   1.490    .949    .039    .012  -9.999  -9.999    .021   7.900
  4 LAS VEGAS       
     3   2.650   1.490    .902    .045    .053  -9.999  -9.999    .039  -9.999
    36   2.650   1.490    .846    .061    .093    .241  -9.999    .057  -9.999
    43   2.650   1.600    .550    .220    .230  -9.999  -9.999    .141  -9.999
    56   2.650   1.980    .508    .276    .216    .176  -9.999    .160   8.500
  7 LINOYER         
     8   2.650   1.470    .164    .624    .212    .284  -9.999    .162   8.000
    30   2.650   1.310    .207    .565    .228    .270  -9.999    .160   8.000
    44   2.650   1.320    .214    .612    .174  -9.999  -9.999    .154   7.800
    59   2.650   1.180    .233    .621    .146    .322  -9.999    .140   7.600
    74   2.650   1.300    .130    .686    .184    .324  -9.999    .178   7.600
   102   2.650   1.330    .173    .713    .114    .231  -9.999    .154   7.600
   153   2.650   1.180    .128    .710    .162    .308  -9.999    .140   7.600
  4 LINOYER         
     8   2.650   1.420    .519    .323    .158  -9.999  -9.999    .133  -9.999
    33   2.650   1.450    .521    .341    .138  -9.999  -9.999    .136  -9.999
    69   2.650   1.420    .496    .387    .117  -9.999  -9.999    .139  -9.999
   102   2.650   1.420    .447    .452    .101  -9.999  -9.999    .138   7.800
  5 LINOYER         
     8   2.650   1.320    .285    .557    .158  -9.999  -9.999    .125   8.200
    15   2.650   1.320    .276    .551    .173  -9.999  -9.999    .131  -9.999
    36   2.650   1.320    .342    .526    .132  -9.999  -9.999    .129   8.200
    61   2.650   1.320    .290    .591    .119  -9.999  -9.999    .136   7.900
    91   2.650   1.320    .206    .654    .140  -9.999  -9.999    .157   7.600
  6 LINOYER         
     8   2.650   1.300    .442    .468    .090    .251  -9.999    .107   7.800
    23   2.650   1.160    .467    .448    .085    .210  -9.999    .089   8.300
    63   2.650   1.180    .407    .564    .029    .411  -9.999    .098   7.900
    81   2.650   1.250    .354    .593    .053    .366  -9.999    .102   7.800
   103   2.650   1.250    .291    .593    .116    .264  -9.999    .130   7.700
   146   2.650   1.200    .375    .498    .127    .244  -9.999    .120   7.700
  3 LINPEAK         
    30   2.650   1.320    .147    .623    .230  -9.999  -9.999    .121  -9.999
    76   2.650   1.320    .231    .568    .201  -9.999  -9.999    .114  -9.999
   152   2.650   1.320    .318    .592    .090  -9.999  -9.999    .048  -9.999
  3 LOGRING         
     8   2.650   1.450    .615    .301    .084  -9.999  -9.999    .083   7.600
    20   2.650   1.450    .576    .317    .107  -9.999  -9.999    .102  -9.999
    30   2.650   1.450    .657    .256    .087  -9.999  -9.999    .074   8.100
  3 LOOMER          
    10   2.650   1.450    .691    .174    .135  -9.999  -9.999    .103  -9.999
    30   2.650   1.390    .387    .206    .407  -9.999  -9.999    .261  -9.999
    48   2.650   1.510    .466    .177    .357  -9.999  -9.999    .246  -9.999
  3 LOOMER          
    10   2.650   1.420    .504    .369    .127  -9.999  -9.999    .091  -9.999
    18   2.650   1.420    .422    .233    .345  -9.999  -9.999    .179  -9.999
    38   2.650   1.420    .406    .205    .389  -9.999  -9.999    .231  -9.999
  4 LOOMER          
     5   2.650   1.420    .405    .442    .153  -9.999  -9.999    .122  -9.999
    15   2.650   1.420    .350    .401    .249  -9.999  -9.999    .155  -9.999
    33   2.650   1.420    .414    .201    .385  -9.999  -9.999    .203  -9.999
    43   2.650   1.600    .465    .192    .343  -9.999  -9.999    .227  -9.999
  5 LUNING          
     7   2.650   1.490    .876    .104    .020  -9.999  -9.999    .028  -9.999
    34   2.650   1.490    .844    .116    .040  -9.999  -9.999    .031  -9.999
    67   2.650   1.670    .869    .106    .025    .115    .204    .028  -9.999
   103   2.650   1.610    .839    .127    .034    .114    .169    .043  -9.999
   130   2.650   1.630    .746    .182    .072    .176    .266    .059   8.500
  5 LYDA            
     8   2.650   1.450    .525    .345    .130    .231  -9.999    .148  -9.999
    28   2.650   1.420    .402    .293    .305  -9.999  -9.999    .305  -9.999
    86   2.650   1.920    .785    .146    .069    .217    .219    .177   8.300
   114   2.650   1.490    .908    .080    .012  -9.999  -9.999    .094   8.400
   155   2.650   1.490    .846    .135    .019  -9.999  -9.999    .137   7.900
  7 MCCONNEL        
     8   2.650   1.680    .551    .368    .081    .249  -9.999    .116  -9.999
    20   2.650   1.560    .467    .448    .085    .186  -9.999    .105  -9.999
    40   2.650   1.710    .493    .441    .066    .291  -9.999    .115  -9.999
    48   2.650   1.450    .683    .283    .034  -9.999  -9.999    .058  -9.999
    59   2.650   1.490    .753    .218    .029  -9.999  -9.999    .058  -9.999
    91   2.650   1.490    .792    .166    .042  -9.999  -9.999    .057  -9.999
   150   2.650   1.490    .918    .049    .033  -9.999  -9.999    .031   9.000
  5 MCIVEY VAR.     
    25   2.650   1.560    .300    .516    .184    .300  -9.999    .139  -9.999
    46   2.650   1.620    .332    .384    .284    .347  -9.999    .185  -9.999
    76   2.650   1.420    .348    .299    .353    .346  -9.999    .192  -9.999
    99   2.650   1.420    .340    .324    .336    .361  -9.999    .226  -9.999
   168   2.650   1.450    .673    .198    .129  -9.999  -9.999    .138  -9.999
  5 MORBENCH        
     3   2.650   1.450    .733    .185    .082  -9.999  -9.999    .086  -9.999
    10   2.650   1.450    .647    .222    .131  -9.999  -9.999    .115  -9.999
    25   2.650   1.450    .620    .197    .183  -9.999  -9.999    .162  -9.999
    74   2.650   1.450    .605    .269    .126  -9.999  -9.999    .123  -9.999
   127   2.650   1.490    .792    .118    .090  -9.999  -9.999    .095  -9.999
  3 MOREBENCH       
     5   2.650   1.450    .647    .232    .121  -9.999  -9.999    .113  -9.999
    13   2.650   1.450    .579    .230    .191  -9.999  -9.999    .161   7.500
    28   2.650   1.450    .643    .200    .157  -9.999  -9.999    .145  -9.999
  3 MOREBENCH       
     5   2.650   1.450    .754    .161    .085  -9.999  -9.999    .093  -9.999
    13   2.650   1.450    .712    .140    .148  -9.999  -9.999    .129  -9.999
    30   2.650   1.600    .626    .163    .211  -9.999  -9.999    .219  -9.999
  8 MORMON MESA     
     2   2.650   1.680    .709    .222    .069    .235    .257    .081   7.600
     4   2.650   1.450    .693    .222    .085  -9.999    .133    .084  -9.999
    10   2.650   1.660    .672    .222    .106    .236    .264    .113  -9.999
    17   2.650   1.450    .595    .234    .171    .260    .323    .122  -9.999
    31   2.650   1.450    .637    .213    .150    .363    .431    .136   8.400
    49   2.650   1.450    .642    .191    .167    .351    .400    .164   8.300
    59   2.650   2.170    .573    .371    .056  -9.999  -9.999    .126   8.600
    59   2.650   1.450    .679    .175    .146  -9.999  -9.999    .138   8.200
  6 MORMON MESA     
     4   2.650   1.560    .753    .190    .057    .187    .251    .064   7.300
    10   2.650   1.610    .768    .175    .057    .140    .182    .061  -9.999
    20   2.650   1.680    .792    .131    .077    .175    .190    .077  -9.999
    35   2.650   1.930    .631    .203    .166    .193    .199    .156  -9.999
    49   2.650   1.610    .540    .247    .213    .291    .330    .142  -9.999
    51   2.650   1.490    .816    .148    .036  -9.999  -9.999    .052  -9.999
  4 MULHOP          
     5   2.650   1.320    .326    .542    .132  -9.999  -9.999    .131   7.800
    13   2.650   1.320    .331    .528    .141  -9.999  -9.999    .147   8.000
    28   2.650   1.320    .306    .502    .192  -9.999  -9.999    .194   8.000
    41   2.650   1.420    .316    .442    .242  -9.999  -9.999    .253   7.700
  4 MULHOP          
     5   2.650   1.320    .354    .522    .124    .292  -9.999    .140   7.800
    15   2.650   1.320    .297    .528    .175    .249  -9.999    .153   8.000
    25   2.650   1.320    .284    .523    .193    .366  -9.999    .210   7.900
    38   2.650   1.320    .322    .511    .167    .442  -9.999    .213   7.800
 10 MUNI            
     8   2.650   1.710    .754    .207    .039    .236  -9.999    .075  -9.999
    13   2.650   1.450    .559    .362    .079  -9.999  -9.999    .074  -9.999
    18   2.650   1.450    .537    .311    .152  -9.999  -9.999    .103  -9.999
    25   2.650   1.510    .512    .248    .240    .257  -9.999    .103  -9.999
    36   2.650   1.600    .491    .235    .274  -9.999  -9.999    .205   7.100
    43   2.650   1.600    .533    .224    .243  -9.999  -9.999    .218   7.300
    56   2.650   1.450    .599    .253    .148    .386  -9.999    .191   7.600
    67   2.650   1.450    .714    .213    .073  -9.999  -9.999    .168   7.700
    97   2.650   1.490    .787    .167    .046  -9.999  -9.999    .125   7.800
   114   2.650   1.490    .826    .128    .046  -9.999  -9.999    .097   7.800
  2 NEEDLEPEAK      
     8   2.650   1.290    .251    .568    .181    .324    .441    .146   7.800
    15   2.650   1.270    .272    .557    .171    .321    .517    .144   7.800
  2 NEEDLEPEAK      
     3   2.650   1.250    .256    .603    .141    .230    .331    .110   7.600
    10   2.650   1.270    .215    .527    .258    .292    .392    .144   7.700
  3 NINEMILE        
     8   2.650   1.380    .308    .516    .176    .425  -9.999    .214   6.100
    18   2.650   1.370    .265    .381    .354    .421  -9.999    .237   6.200
    29   2.650   1.390    .280    .316    .404  -9.999  -9.999    .285  -9.999
  5 NOSRAC          
    10   2.650   1.450    .538    .332    .130  -9.999  -9.999    .110  -9.999
    18   2.650   1.420    .505    .337    .158  -9.999  -9.999    .115  -9.999
    25   2.650   1.420    .483    .322    .195  -9.999  -9.999    .132  -9.999
    66   2.650   1.420    .474    .339    .187  -9.999  -9.999    .155  -9.999
   132   2.650   1.450    .561    .297    .142  -9.999  -9.999    .133  -9.999
  6 NYSERVA         
     5   2.650   1.630    .798    .108    .094    .194  -9.999    .082  -9.999
    10   2.650   1.580    .732    .109    .159    .190  -9.999    .109  -9.999
    28   2.650   1.640    .409    .338    .253    .264  -9.999    .195  -9.999
    58   2.650   1.710    .532    .276    .192    .217  -9.999    .181  -9.999
   102   2.650   1.390    .472    .411    .117    .277  -9.999    .161   8.000
   152   2.650   1.490    .899    .064    .037  -9.999  -9.999    .049  -9.999
  6 OLEMAN          
     5   2.650   1.790    .531    .343    .126    .292  -9.999    .129   7.500
    13   2.650   1.420    .425    .324    .251  -9.999  -9.999    .162  -9.999
    23   2.650   1.420    .378    .247    .375    .328  -9.999    .213  -9.999
    36   2.650   1.510    .454    .193    .353  -9.999  -9.999    .228  -9.999
    61   2.650   1.450    .616    .240    .144  -9.999  -9.999    .133   8.000
   152   2.650   1.490    .871    .063    .066  -9.999  -9.999    .064  -9.999
  9 ORICTO          
     5   2.650   1.450    .640    .288    .072  -9.999  -9.999    .062   7.200
     9   2.650   1.560    .400    .412    .188    .198    .228    .106   7.300
    15   2.650   1.440    .504    .308    .188    .206    .233    .117   7.700
    26   2.650   1.330    .677    .202    .121    .182    .239    .090   7.600
    58   2.650   1.370    .727    .220    .053    .182    .249    .074   7.800
    71   2.650    .980    .815    .128    .057    .425    .541    .064   7.800
    78   2.650   1.450    .663    .249    .088  -9.999  -9.999    .096   8.000
    90   2.650   1.490    .777    .149    .074  -9.999  -9.999    .100   8.100
   100   2.650   1.490    .786    .151    .063  -9.999  -9.999    .085   7.900
  7 ORICTO          
     2   2.650   1.490    .754    .201    .045  -9.999  -9.999    .066   8.300
    10   2.650   1.590    .551    .347    .102    .240  -9.999    .103   8.600
    23   2.650   1.600    .493    .275    .232    .309  -9.999    .178   8.400
    44   2.650   1.450    .743    .171    .086  -9.999  -9.999    .100   8.200
    65   2.650   1.450    .713    .182    .105  -9.999  -9.999    .102   8.400
    99   2.650   1.450    .730    .175    .095  -9.999  -9.999    .113   8.300
   150   2.650   1.490    .832    .127    .041  -9.999  -9.999    .080   8.100
  2 OROVADA         
     5   2.650   1.390    .334    .568    .098    .295    .386    .104   6.600
    15   2.650   1.300    .324    .548    .128    .153    .230    .112   7.000
  3 OROVADA         
     8   2.650   1.320    .321    .575    .104  -9.999  -9.999    .104  -9.999
    20   2.650   1.320    .275    .593    .132  -9.999  -9.999    .120  -9.999
    41   2.650   1.320    .289    .572    .139  -9.999  -9.999    .114  -9.999
  4 OROVADA         
     5   2.650   1.320    .230    .619    .151  -9.999  -9.999    .132  -9.999
    15   2.650   1.320    .253    .589    .158  -9.999  -9.999    .132  -9.999
    28   2.650   1.320    .228    .610    .162  -9.999  -9.999    .135  -9.999
    38   2.650   1.320    .196    .595    .209  -9.999  -9.999    .187  -9.999
  9 OROVADA         
     5   2.650   1.450    .527    .410    .063  -9.999  -9.999    .091   7.600
    15   2.650   1.620    .573    .370    .057    .177  -9.999    .092  -9.999
    25   2.650   1.500    .572    .354    .074    .169  -9.999    .093  -9.999
    38   2.650   1.490    .550    .377    .073    .161  -9.999    .091  -9.999
    69   2.650   1.450    .679    .287    .034  -9.999  -9.999    .074   8.300
   102   2.650   1.490    .747    .226    .027  -9.999  -9.999    .061   8.200
   152   2.650   1.490    .747    .221    .032  -9.999  -9.999    .064   8.500
   102   2.650   1.490    .760    .220    .020  -9.999  -9.999    .058  -9.999
   152   2.650   1.490    .755    .221    .024  -9.999  -9.999    .064  -9.999
  8 OROVADA         
     5   2.650   1.320    .368    .513    .119  -9.999  -9.999    .115   7.600
    13   2.650   1.430    .371    .512    .117    .302  -9.999    .129   7.700
    25   2.650   1.500    .330    .533    .137    .274  -9.999    .150   8.000
    43   2.650   1.470    .402    .474    .124    .301  -9.999    .140   8.100
    63   2.650   1.420    .474    .422    .104  -9.999  -9.999    .143   8.000
    94   2.650   1.420    .470    .455    .075  -9.999  -9.999    .145   7.800
   114   2.650   1.420    .413    .472    .115  -9.999  -9.999    .156   8.000
   152   2.650   1.320    .160    .650    .190  -9.999  -9.999    .201   7.800
  4 OROVADA         
    43   2.650   1.420    .421    .422    .157  -9.999  -9.999    .156  -9.999
    63   2.650   1.420    .453    .436    .111  -9.999  -9.999    .141  -9.999
    94   2.650   1.450    .468    .471    .061  -9.999  -9.999    .146  -9.999
   114   2.650   1.420    .372    .498    .130  -9.999  -9.999    .158  -9.999
  4 ORUPA           
     8   2.650   1.390    .205    .263    .532  -9.999  -9.999    .222   7.800
    20   2.650   1.390    .199    .248    .553  -9.999  -9.999    .225  -9.999
    36   2.650   1.390    .235    .237    .528  -9.999  -9.999    .225   7.900
   152   2.650   1.390    .199    .242    .559  -9.999  -9.999    .228   7.900
  8 OXCOREL         
     3   2.650   1.320    .439    .503    .058  -9.999  -9.999    .073   7.500
    10   2.650   1.680    .457    .419    .124    .265  -9.999    .129   8.400
    22   2.650   1.560    .431    .368    .201    .300  -9.999    .231   8.200
    56   2.650   1.450    .676    .274    .050  -9.999  -9.999    .186   7.800
    79   2.650   1.450    .652    .260    .088  -9.999  -9.999    .113   8.000
    94   2.650   1.450    .736    .210    .054  -9.999  -9.999    .072   8.000
   116   2.650   1.450    .731    .212    .057  -9.999  -9.999    .074   7.700
   150   2.650   1.450    .720    .157    .123  -9.999  -9.999    .093   7.600
  5 OXCOREL         
    10   2.650   1.450    .564    .379    .057  -9.999  -9.999    .083   8.100
    26   2.650   1.420    .538    .353    .109    .321  -9.999    .118   8.100
    60   2.650   1.450    .693    .258    .049  -9.999  -9.999    .167   7.800
    80   2.650   1.450    .672    .241    .087  -9.999  -9.999    .116   7.800
    98   2.650   1.450    .730    .212    .058  -9.999  -9.999    .077   7.900
  6 PANLEE          
     6   2.650   1.420    .472    .389    .139  -9.999  -9.999    .124  -9.999
    28   2.650   1.370    .460    .399    .141    .266  -9.999    .127  -9.999
    43   2.650   1.410    .460    .440    .100    .309  -9.999    .127  -9.999
    53   2.650   1.420    .480    .382    .138    .341  -9.999    .143  -9.999
    72   2.650   1.450    .624    .229    .147  -9.999  -9.999    .148  -9.999
    90   2.650   1.450    .684    .189    .127  -9.999  -9.999    .168   8.200
  9 PAPOOSE         
     4   2.650   1.490    .773    .186    .041  -9.999  -9.999    .060  -9.999
    13   2.650   1.380    .788    .142    .070    .178    .201    .066  -9.999
    28   2.650   1.570    .709    .145    .146    .201    .232    .116  -9.999
    45   2.650   1.390    .826    .121    .053    .175    .265    .069  -9.999
    61   2.650   1.330    .821    .143    .036    .168    .289    .067  -9.999
   105   2.650   1.420    .833    .121    .046    .206    .273    .068   8.200
   135   2.650   1.300    .646    .243    .111    .260    .342    .088   7.900
   110   2.650   1.490    .943    .033    .024  -9.999  -9.999    .045  -9.999
   147   2.650   1.490    .977    .014    .009  -9.999  -9.999    .040  -9.999
  3 PATNA           
     5   2.650   1.490    .919    .045    .036  -9.999  -9.999    .043  -9.999
   119   2.650   1.490    .936    .037    .027  -9.999  -9.999    .043  -9.999
   160   2.650   1.490    .988    .010    .002  -9.999  -9.999    .031  -9.999
  6 PATNA           
    99   2.650   1.490    .964    .023    .013  -9.999  -9.999    .033  -9.999
   100   2.650   1.490    .949    .021    .030  -9.999  -9.999    .034  -9.999
   122   2.650   1.490    .977    .013    .010  -9.999  -9.999    .031  -9.999
   127   2.650   1.490    .967    .015    .018  -9.999  -9.999    .027  -9.999
   178   2.650   1.490    .971    .014    .015  -9.999  -9.999    .022  -9.999
   200   2.650   1.490    .983    .007    .010  -9.999  -9.999    .021  -9.999
  7 PATNA           
     8   2.650   1.490    .867    .085    .048  -9.999  -9.999    .027  -9.999
    21   2.650   1.740    .931    .021    .048    .035  -9.999    .031  -9.999
    43   2.650   1.810    .911    .004    .085    .089    .121    .052  -9.999
    50   2.650   1.490    .886    .013    .101  -9.999  -9.999    .058  -9.999
    84   2.650   1.490    .899    .008    .093  -9.999  -9.999    .049  -9.999
   114   2.650   1.750    .945    .011    .044  -9.999    .044    .037  -9.999
   152   2.650   1.490    .978    .000    .022  -9.999  -9.999    .021  -9.999
  5 PENOYER         
     8   2.650   1.610    .687    .239    .074    .177  -9.999    .080   7.900
    20   2.650   1.360    .486    .405    .109    .222  -9.999    .088  -9.999
    43   2.650   1.330    .304    .599    .097    .293  -9.999    .094   7.900
    80   2.650   1.350    .401    .527    .072    .336  -9.999    .084  -9.999
   128   2.650   1.560    .356    .535    .109    .326  -9.999    .108   7.700
  3 PERNTY          
    10   2.650   1.420    .484    .316    .200  -9.999  -9.999    .139  -9.999
    23   2.650   1.420    .479    .328    .193  -9.999  -9.999    .131  -9.999
    41   2.650   1.420    .463    .320    .217  -9.999  -9.999    .133  -9.999
  6 PIBLER          
    10   2.650   1.640    .430    .429    .141    .274  -9.999    .138  -9.999
    20   2.650   1.710    .341    .446    .213    .351  -9.999    .233   8.000
    35   2.650   1.350    .311    .470    .219    .390  -9.999    .169  -9.999
    66   2.650   1.390    .775    .194    .031    .121  -9.999    .093   8.900
   109   2.650   1.450    .662    .285    .053  -9.999  -9.999    .123   8.000
   153   2.650   1.450    .658    .254    .088  -9.999  -9.999    .093   8.000
  4 PICKUP          
     5   2.650   1.450    .579    .297    .124    .219  -9.999    .113  -9.999
    15   2.650   1.600    .469    .331    .200    .290  -9.999    .176  -9.999
    28   2.650   1.390    .313    .275    .412    .427  -9.999    .314  -9.999
    38   2.650   1.390    .240    .283    .477  -9.999  -9.999    .446   7.400
  8 PIZENE          
     5   2.650   1.490    .927    .053    .020  -9.999  -9.999    .031  -9.999
    12   2.650   1.730    .904    .052    .044  -9.999  -9.999    .043  -9.999
    18   2.650   1.490    .906    .046    .048  -9.999  -9.999    .037  -9.999
    30   2.650   1.450    .766    .070    .164    .257  -9.999    .125   8.100
    45   2.650   1.450    .797    .085    .118  -9.999  -9.999    .103   8.300
    70   2.650   1.930    .843    .072    .085    .216  -9.999    .114   8.500
    88   2.650   1.450    .795    .099    .106  -9.999  -9.999    .088   8.000
   110   2.650   2.020    .848    .087    .065    .164  -9.999    .079   8.400
  6 POWLOW          
     3   2.650   1.450    .714    .134    .152  -9.999  -9.999    .107  -9.999
     8   2.650   1.530    .407    .398    .195    .324  -9.999    .145  -9.999
    16   2.650   1.500    .364    .345    .291    .352  -9.999    .192  -9.999
    22   2.650   1.420    .367    .280    .353  -9.999  -9.999    .227  -9.999
    38   2.650   1.420    .405    .228    .367  -9.999  -9.999    .322  -9.999
   142   2.650   1.490    .782    .203    .015  -9.999  -9.999    .170   7.900
  3 PUNCHBOWL       
     8   2.650   1.530    .389    .508    .103    .229  -9.999    .101  -9.999
    15   2.650   1.390    .314    .508    .178    .213  -9.999    .128  -9.999
    28   2.650   1.490    .269    .467    .264    .292  -9.999    .195  -9.999
  6 RASTILLE        
    10   2.650   1.330    .185    .662    .153    .326  -9.999    .128   7.700
    23   2.650   1.480    .060    .773    .167    .293  -9.999    .216   8.000
    33   2.650   1.320    .100    .747    .153  -9.999  -9.999    .147   8.000
    61   2.650   1.250    .106    .766    .128    .336  -9.999    .144   8.100
    99   2.650   1.270    .209    .698    .093    .296  -9.999    .118   8.400
   152   2.650   1.320    .330    .547    .123  -9.999  -9.999    .100   8.500
  3 RASTILLE        
    61   2.650   1.320    .156    .736    .108  -9.999  -9.999    .137  -9.999
    99   2.650   1.320    .223    .696    .081  -9.999  -9.999    .117  -9.999
   152   2.650   1.320    .332    .546    .122  -9.999  -9.999    .100  -9.999
  7 REBEL           
    10   2.650   1.600    .747    .179    .074    .200  -9.999    .086  -9.999
    38   2.650   1.560    .633    .224    .143    .175  -9.999    .115  -9.999
    61   2.650   1.570    .664    .220    .116    .170  -9.999    .116  -9.999
    84   2.650   1.670    .658    .260    .082    .225  -9.999    .119  -9.999
    91   2.650   1.480    .567    .379    .054    .287  -9.999    .121  -9.999
   122   2.650   1.490    .875    .080    .045  -9.999  -9.999    .073   8.000
   152   2.650   1.490    .952    .015    .033  -9.999  -9.999    .051   7.900
  7 REDNIK          
     5   2.650   1.450    .711    .240    .049  -9.999  -9.999    .072  -9.999
    28   2.650   1.750    .654    .252    .094    .240  -9.999    .100  -9.999
    41   2.650   1.700    .558    .311    .131    .309  -9.999    .117  -9.999
   132   2.650   1.600    .570    .190    .240  -9.999  -9.999    .200   8.100
   163   2.650   1.450    .715    .166    .119  -9.999  -9.999    .110   8.500
   218   2.650   1.450    .763    .139    .098  -9.999  -9.999    .100   8.400
   300   2.650   1.450    .680    .193    .127  -9.999  -9.999    .109   8.300
  4 RELLEY          
     4   2.650   1.450    .148    .721    .131    .313    .371    .138   8.100
    12   2.650   1.390    .132    .720    .148    .295    .354    .135   8.300
    28   2.650   1.390    .134    .725    .141    .295    .375    .145   8.200
    38   2.650   1.440    .191    .688    .121    .278    .324    .163   8.100
  8 RELLEY          
     8   2.650   1.440    .189    .651    .160    .298  -9.999    .154   8.100
    20   2.650   1.520    .126    .637    .237    .299  -9.999    .222   8.000
    33   2.650   1.170    .139    .612    .249    .324  -9.999    .187   8.200
    48   2.650   1.200    .200    .629    .171    .334  -9.999    .157   7.600
    84   2.650   1.190    .167    .619    .214    .399  -9.999    .183   7.500
   151   2.650   1.200    .188    .593    .219    .346  -9.999    .200   7.600
   165   2.650   1.370    .373    .504    .123    .222  -9.999    .132   7.600
   188   2.650   1.260    .479    .431    .090    .260  -9.999    .115   7.600
  2 REZAVE          
    33   2.650   1.390    .326    .231    .443  -9.999  -9.999    .335   8.000
    48   2.650   1.420    .285    .408    .307  -9.999  -9.999    .409   7.800
  8 RICERT          
     3   2.650   1.820    .478    .465    .057    .258  -9.999    .116   7.500
    15   2.650   1.660    .410    .521    .069    .236  -9.999    .106   7.800
    20   2.650   1.630    .329    .439    .232    .342  -9.999    .183   7.200
    30   2.650   1.530    .239    .367    .394    .334  -9.999    .278   7.200
    36   2.650   1.420    .381    .351    .268  -9.999  -9.999    .258   7.200
    61   2.650   1.450    .682    .203    .115  -9.999  -9.999    .252   8.200
    84   2.650   1.490    .820    .134    .046  -9.999  -9.999    .191   7.800
   152   2.650   1.490    .772    .174    .054  -9.999  -9.999    .168   7.700
  3 ROBSON          
     8   2.650   1.520    .452    .419    .129    .261  -9.999    .128  -9.999
    10   2.650   1.500    .404    .388    .208    .317  -9.999    .180  -9.999
    23   2.650   1.390    .411    .168    .421  -9.999  -9.999    .331  -9.999
  4 ROCA            
     5   2.650   1.900    .611    .289    .100    .194  -9.999    .133   6.900
    15   2.650   1.420    .510    .339    .151    .203  -9.999    .104  -9.999
    23   2.650   1.420    .447    .313    .240  -9.999  -9.999    .149  -9.999
    36   2.650   1.420    .398    .283    .319  -9.999  -9.999    .196  -9.999
  3 ROCCONDA        
     3   2.650   1.420    .473    .428    .099    .248  -9.999    .092  -9.999
     8   2.650   1.420    .294    .496    .210    .253  -9.999    .155  -9.999
    20   2.650   1.390    .249    .200    .551  -9.999  -9.999    .264  -9.999
 10 ROTINOM         
     5   2.650   1.320    .197    .678    .125  -9.999  -9.999    .128   8.000
    10   2.650   1.560    .164    .661    .175    .303  -9.999    .214   8.200
    23   2.650   1.320    .136    .696    .168  -9.999  -9.999    .131   8.200
    33   2.650   1.120    .174    .688    .138    .345  -9.999    .155   8.300
    41   2.650   1.320    .222    .656    .122  -9.999  -9.999    .183   8.500
    61   2.650   1.270    .212    .666    .122    .363  -9.999    .163   8.500
    81   2.650   1.320    .225    .554    .221  -9.999  -9.999    .215   8.100
   102   2.650   1.200    .178    .558    .264    .356  -9.999    .205   7.900
   124   2.650   1.420    .414    .356    .230  -9.999  -9.999    .206   8.200
   165   2.650   1.450    .621    .208    .171  -9.999  -9.999    .141   8.000
  5 RUHE            
     8   2.650   1.490    .809    .154    .037  -9.999  -9.999    .066  -9.999
    38   2.650   1.610    .828    .127    .045    .148  -9.999    .085  -9.999
    91   2.650   1.490    .847    .100    .053  -9.999  -9.999    .083  -9.999
   226   2.650   1.490    .808    .139    .053    .061  -9.999    .076   7.700
    25   2.650   1.490    .768    .191    .041  -9.999  -9.999    .086   7.900
  4 RUSTY           
    10   2.650   1.960    .917    .059    .024    .051  -9.999    .037  -9.999
    28   2.650   1.770    .707    .100    .193    .326  -9.999    .158   7.800
    70   2.650   1.600    .633    .194    .173    .302  -9.999    .118   8.000
   150   2.650   1.660    .703    .203    .094    .136  -9.999    .095   8.700
  6 SAGOUSPE        
    30   2.650   1.490    .885    .050    .065  -9.999  -9.999    .049  -9.999
    60   2.650   1.490    .880    .063    .057  -9.999  -9.999    .036  -9.999
    90   2.650   1.490    .853    .054    .093  -9.999  -9.999    .063   8.500
   120   2.650   1.450    .806    .056    .138  -9.999  -9.999    .097   8.800
   150   2.650   1.450    .740    .162    .098  -9.999  -9.999    .090   9.000
   180   2.650   1.420    .483    .411    .106  -9.999  -9.999    .119   9.100
  6 SAGOUSPE        
    30   2.650   1.490    .879    .043    .078  -9.999  -9.999    .063  -9.999
    60   2.650   1.490    .894    .025    .081  -9.999  -9.999    .058  -9.999
    90   2.650   1.490    .827    .047    .126  -9.999  -9.999    .079   8.200
   120   2.650   1.450    .545    .287    .168  -9.999  -9.999    .129   8.400
   150   2.650   1.450    .621    .298    .081  -9.999  -9.999    .090   8.500
   180   2.650   1.450    .718    .225    .057  -9.999  -9.999    .065   8.500
  4 SAGOUSPE        
    30   2.650   1.490    .862    .040    .098  -9.999  -9.999    .072   7.600
    60   2.650   1.490    .854    .049    .097  -9.999  -9.999    .067   7.900
    90   2.650   1.450    .689    .184    .127  -9.999  -9.999    .113   8.300
   120   2.650   1.450    .587    .299    .114  -9.999  -9.999    .128   8.800
  6 SEVENMILE       
     7   2.650   1.420    .504    .397    .099  -9.999  -9.999    .091   7.700
    24   2.650   1.340    .379    .489    .132    .391  -9.999    .099  -9.999
    42   2.650   1.340    .456    .436    .108    .368  -9.999    .084   7.700
    87   2.650   1.450    .670    .260    .070  -9.999  -9.999    .061   7.800
   120   2.650   1.490    .830    .133    .037  -9.999  -9.999    .045   7.500
   154   2.650   1.490    .825    .129    .046  -9.999  -9.999    .048   7.400
  7 SHABLISS        
    13   2.650   1.600    .693    .237    .070    .179  -9.999    .080  -9.999
    25   2.650   1.510    .641    .240    .119    .169  -9.999    .101  -9.999
    36   2.650   1.600    .713    .230    .057    .246  -9.999    .120  -9.999
    61   2.650   1.490    .797    .133    .070    .402  -9.999    .104   8.700
    91   2.650   1.490    .807    .119    .074  -9.999  -9.999    .091   8.000
   114   2.650   1.450    .641    .301    .058  -9.999  -9.999    .115   7.900
   152   2.650   1.450    .616    .301    .083  -9.999  -9.999    .115   7.800
  3 SHABLISS        
    10   2.650   1.420    .454    .435    .111    .192  -9.999    .126   8.000
    42   2.650   1.340    .470    .414    .116    .269  -9.999    .131   8.000
    80   2.650   1.510    .446    .480    .074    .314  -9.999    .143   8.100
  7 SHABLISS        
    10   2.650   1.630    .445    .419    .136    .241  -9.999    .122   8.000
    24   2.650   1.440    .545    .324    .131    .252  -9.999    .132   8.300
    44   2.650   1.450    .562    .339    .099    .313  -9.999    .184   8.000
    60   2.650   1.450    .679    .259    .062  -9.999  -9.999    .139   8.000
    69   2.650   1.450    .710    .265    .025  -9.999  -9.999    .117   8.200
    82   2.650   1.450    .656    .314    .030  -9.999  -9.999    .052   8.100
   140   2.650   1.490    .860    .092    .048  -9.999  -9.999    .054   8.700
  5 SHAGNASTY       
    23   2.650   1.680    .544    .321    .135    .232  -9.999    .123  -9.999
    30   2.650   1.600    .479    .244    .277    .219  -9.999    .174  -9.999
    58   2.650   1.390    .268    .191    .541    .435  -9.999    .288  -9.999
    91   2.650   1.390    .307    .198    .495  -9.999  -9.999    .270   7.100
   109   2.650   1.320    .063    .671    .266    .302  -9.999    .145  -9.999
  3 SHAGNASTY       
    20   2.650   1.600    .479    .251    .270  -9.999  -9.999    .238  -9.999
    46   2.650   1.600    .495    .208    .297  -9.999  -9.999    .245  -9.999
    71   2.650   1.600    .563    .202    .235  -9.999  -9.999    .181  -9.999
  3 SHAKESPEARE     
    38   2.650   1.420    .359    .453    .188  -9.999  -9.999    .141  -9.999
    74   2.650   1.420    .410    .433    .157    .280  -9.999    .115  -9.999
    94   2.650   1.420    .451    .381    .168  -9.999  -9.999    .112  -9.999
  7 SHAWAVE         
     5   2.650   1.450    .697    .260    .043  -9.999  -9.999    .057  -9.999
    17   2.650   1.820    .594    .317    .089    .253  -9.999    .091  -9.999
    32   2.650   1.790    .537    .287    .176    .238  -9.999    .174  -9.999
    41   2.650   1.810    .572    .262    .166    .271  -9.999    .161  -9.999
    90   2.650   1.960    .696    .183    .121    .198  -9.999    .122   8.100
   115   2.650   1.980    .757    .142    .101    .196  -9.999    .105   8.100
   160   2.650   1.490    .858    .102    .040  -9.999  -9.999    .060   8.200
  6 SHUTTLE         
     5   2.650   1.580    .407    .498    .095    .253  -9.999    .106   8.000
    13   2.650   1.420    .405    .494    .101    .214  -9.999    .098   8.300
    38   2.650   1.440    .487    .436    .077    .282  -9.999    .098   8.100
    86   2.650   1.430    .433    .552    .015    .332  -9.999    .122   7.800
   104   2.650   1.670    .640    .302    .058    .316  -9.999    .125   7.700
   155   2.650   1.450    .674    .267    .059  -9.999  -9.999    .102   7.600
  2 SLAW            
    22   2.650   1.230    .236    .635    .129    .380    .475    .138   7.600
    67   2.650   1.170    .120    .607    .273    .377    .462    .206   7.900
  6 SONOMA          
     5   2.650   1.400    .151    .570    .279  -9.999  -9.999    .321   8.000
    20   2.650   1.390    .130    .624    .246    .420  -9.999    .229   8.200
    36   2.650   1.400    .099    .609    .292  -9.999  -9.999    .246   8.400
    61   2.650   1.320    .114    .660    .226  -9.999  -9.999    .326   8.300
    89   2.650   1.320    .112    .657    .231  -9.999  -9.999    .271   8.300
   114   2.650   1.320    .118    .639    .243  -9.999  -9.999    .238   8.200
  3 SOUGH           
    13   2.650   1.420    .388    .408    .204  -9.999  -9.999    .128  -9.999
    20   2.650   1.660    .338    .436    .226    .344  -9.999    .181  -9.999
    48   2.650   1.420    .369    .283    .348  -9.999  -9.999    .230  -9.999
  6 SPRING          
     3   2.650   1.450    .539    .311    .150  -9.999  -9.999    .125   8.500
    10   2.650   1.400    .357    .449    .194    .452  -9.999    .259   8.700
    46   2.650   1.170    .311    .414    .275    .288  -9.999    .170   8.500
    76   2.650   1.320    .384    .399    .217    .298  -9.999    .193   7.600
   117   2.650   1.430    .296    .360    .344    .356  -9.999    .192   7.800
   152   2.650   1.390    .247    .312    .441  -9.999  -9.999    .224   7.800
  9 STAMPEDE        
     7   2.650   1.420    .437    .412    .151  -9.999  -9.999    .146   7.300
    13   2.650   1.390    .436    .416    .148    .285  -9.999    .177   7.700
    38   2.650   1.420    .461    .439    .100    .301  -9.999    .139  -9.999
    65   2.650   1.950    .495    .369    .136    .115  -9.999    .068  -9.999
    86   2.650   1.450    .584    .331    .085  -9.999  -9.999    .030   8.200
   112   2.650   1.630    .615    .316    .069    .241  -9.999    .122  -9.999
   135   2.650   1.440    .620    .347    .033    .252  -9.999    .132  -9.999
   155   2.650   1.450    .572    .408    .020    .313  -9.999    .184  -9.999
    41   2.650   1.450    .665    .225    .110  -9.999  -9.999    .068  -9.999
  2 STEWVAL         
     5   2.650   1.420    .433    .381    .186    .240  -9.999    .129  -9.999
    28   2.650   1.420    .359    .397    .244    .341  -9.999    .217  -9.999
  4 STINGDORN       
    10   2.650   1.420    .449    .397    .154  -9.999  -9.999    .158  -9.999
    23   2.650   1.420    .417    .252    .331  -9.999  -9.999    .243   7.600
    30   2.650   1.450    .624    .238    .138  -9.999  -9.999    .218   7.500
    33   2.650   1.450    .737    .189    .074  -9.999  -9.999    .173   7.600
  1 STUMBLE         
    75   2.650   1.490    .840    .128    .032  -9.999  -9.999    .031  -9.999
  2 SUMINE          
    25   2.650   1.730    .355    .462    .183    .325  -9.999    .149  -9.999
    74   2.650   1.420    .410    .450    .140  -9.999  -9.999    .105  -9.999
  4 TEGURO          
     5   2.650   1.590    .425    .451    .124    .243  -9.999    .102  -9.999
    15   2.650   1.380    .375    .429    .196    .232  -9.999    .123  -9.999
    25   2.650   1.450    .356    .404    .240    .290  -9.999    .146  -9.999
    41   2.650   1.610    .339    .310    .351    .327  -9.999    .233  -9.999
  1 TEGURO          
    18   2.650   1.420    .388    .437    .175  -9.999  -9.999    .119  -9.999
  8 TERLCO          
     2   2.650   1.450    .700    .251    .049  -9.999  -9.999    .072   8.000
     6   2.650   1.420    .480    .388    .132    .247  -9.999    .121   8.000
    23   2.650   1.360    .319    .291    .390    .398  -9.999    .264   8.000
    33   2.650   1.170    .506    .285    .209    .194  -9.999    .160   7.800
    53   2.650   1.450    .702    .227    .071  -9.999  -9.999    .119   7.900
    76   2.650   1.450    .756    .182    .062  -9.999  -9.999    .097   7.900
   113   2.650   1.490    .795    .156    .049  -9.999  -9.999    .086   7.800
   150   2.650   1.490    .779    .156    .065  -9.999  -9.999    .086   7.900
  2 TERLCO          
    10   2.650   1.490    .767    .168    .065  -9.999  -9.999    .085   8.900
    20   2.650   1.420    .470    .377    .153  -9.999  -9.999    .128   8.600
  4 TIPPERARY       
    31   2.650   1.490    .902    .046    .052  -9.999  -9.999    .055  -9.999
    46   2.650   1.490    .898    .038    .064  -9.999  -9.999    .054  -9.999
    74   2.650   1.490    .904    .041    .055  -9.999  -9.999    .051  -9.999
   102   2.650   1.490    .906    .051    .043  -9.999  -9.999    .051  -9.999
  4 TIPPERARY       
    72   2.650   1.490    .948    .032    .020  -9.999  -9.999    .030  -9.999
   102   2.650   1.490    .958    .026    .016  -9.999  -9.999    .028  -9.999
   122   2.650   1.490    .983    .014    .003  -9.999  -9.999    .024  -9.999
   157   2.650   1.490    .987    .010    .003  -9.999  -9.999    .027  -9.999
  9 TROCKEN         
     7   2.650   1.450    .733    .224    .043  -9.999  -9.999    .052   8.000
    16   2.650   1.550    .712    .214    .074    .214    .256    .070   8.100
    27   2.650   1.460    .718    .175    .107    .232    .264    .079   8.000
    39   2.650   1.180    .754    .146    .100    .379    .394    .074   8.200
    58   2.650   1.620    .783    .146    .071    .232    .308    .057   8.500
    73   2.650   1.560    .828    .114    .058    .254    .281    .072   8.400
    87   2.650   1.490    .797    .144    .059  -9.999  -9.999    .070   8.000
   105   2.650   1.490    .734    .197    .069    .213    .304    .080   8.000
   135   2.650   1.440    .754    .189    .057    .232    .357    .016   7.900
  9 TROCKEN         
     8   2.650   1.450    .709    .234    .057  -9.999  -9.999    .096  -9.999
    20   2.650   1.450    .679    .226    .095  -9.999  -9.999    .119  -9.999
    46   2.650   1.450    .652    .220    .128  -9.999  -9.999    .136  -9.999
    71   2.650   1.450    .725    .172    .103  -9.999  -9.999    .122   8.300
   122   2.650   1.450    .764    .146    .090  -9.999  -9.999    .103   8.500
   155   2.650   1.450    .652    .212    .136  -9.999  -9.999    .149   8.600
   213   2.650   1.450    .688    .189    .123  -9.999  -9.999    .123   8.500
   259   2.650   1.450    .610    .229    .161  -9.999  -9.999    .151   8.300
   300   2.650   1.450    .658    .206    .136  -9.999  -9.999    .145   7.600
  2 TUFFO           
     8   2.650   1.320    .316    .508    .176  -9.999  -9.999    .189  -9.999
    33   2.650   1.450    .602    .293    .105  -9.999  -9.999    .117  -9.999
  6 TUSEL           
    13   2.650   1.410    .480    .362    .158    .300  -9.999    .137  -9.999
    28   2.650   1.350    .349    .449    .202    .279  -9.999    .131  -9.999
    46   2.650   1.590    .426    .366    .208    .289  -9.999    .157  -9.999
    84   2.650   1.740    .433    .355    .212    .339  -9.999    .164  -9.999
   122   2.650   1.420    .410    .365    .225    .281  -9.999    .155  -9.999
   165   2.650   1.420    .511    .308    .181    .267  -9.999    .125  -9.999
  7 UNSEL           
     3   2.650   1.450    .702    .249    .049  -9.999  -9.999    .052  -9.999
     8   2.650   1.480    .526    .394    .080    .169    .223    .071  -9.999
    15   2.650   1.420    .583    .238    .179    .227    .273    .105   8.400
    30   2.650   1.360    .620    .183    .197    .284    .333    .159   8.700
    51   2.650   1.260    .691    .181    .128    .374    .457    .097   8.400
    81   2.650   1.640    .706    .172    .122    .253    .290    .115   8.400
   110   2.650   1.460    .852    .092    .056    .253    .310    .063   8.200
  1 VEET            
    10   2.650   1.450    .734    .193    .073  -9.999  -9.999    .081  -9.999
  7 VICEE           
     8   2.650   1.450    .529    .450    .021  -9.999  -9.999    .059  -9.999
    17   2.650   1.450    .516    .468    .016  -9.999  -9.999    .054  -9.999
    38   2.650   1.450    .488    .483    .029  -9.999  -9.999    .049  -9.999
    66   2.650   1.580    .497    .475    .028    .172  -9.999    .051  -9.999
    98   2.650   1.640    .469    .499    .032    .233  -9.999    .056  -9.999
   120   2.650   1.320    .417    .559    .024  -9.999  -9.999    .049  -9.999
   150   2.650   1.320    .336    .623    .041  -9.999  -9.999    .054  -9.999
  6 WARDENOT        
     5   2.650   1.450    .645    .313    .042  -9.999  -9.999    .055  -9.999
    23   2.650   1.450    .582    .348    .070    .222  -9.999    .074  -9.999
    48   2.650   1.450    .728    .219    .053  -9.999  -9.999    .061  -9.999
    81   2.650   1.450    .724    .233    .043  -9.999  -9.999    .054  -9.999
    99   2.650   1.450    .667    .277    .056  -9.999  -9.999    .061   8.700
   140   2.650   1.490    .802    .135    .063  -9.999  -9.999    .058   8.700
  7 WARDENOT        
     5   2.650   1.450    .600    .350    .050  -9.999  -9.999    .062  -9.999
    18   2.650   1.450    .579    .350    .071  -9.999  -9.999    .074  -9.999
    46   2.650   1.450    .674    .277    .049  -9.999  -9.999    .065  -9.999
    64   2.650   1.450    .689    .250    .061  -9.999  -9.999    .057  -9.999
    86   2.650   1.450    .714    .231    .055  -9.999  -9.999    .054  -9.999
   112   2.650   1.450    .675    .271    .054  -9.999  -9.999    .049  -9.999
   150   2.650   1.450    .579    .385    .036  -9.999  -9.999    .058   8.900
  4 WASSIT          
     5   2.650   1.700    .562    .363    .075    .282  -9.999    .202   6.000
    18   2.650   1.780    .546    .380    .074    .304  -9.999    .093  -9.999
    24   2.650   1.420    .470    .342    .188  -9.999  -9.999    .139  -9.999
    36   2.650   1.600    .516    .217    .267  -9.999  -9.999    .243  -9.999
  1 WASSIT          
    15   2.650   1.450    .521    .386    .093  -9.999  -9.999    .157  -9.999
  7 WATOOPAH        
     5   2.650   1.620    .760    .205    .035    .151    .185    .047  -9.999
    13   2.650   1.640    .681    .256    .063    .171    .172    .056  -9.999
    28   2.650   1.580    .643    .241    .116    .194    .196    .084  -9.999
    48   2.650   1.730    .730    .179    .091    .182    .228    .081  -9.999
    73   2.650   1.970    .845    .133    .022    .221    .221    .083  -9.999
   113   2.650   1.490    .939    .039    .022  -9.999  -9.999    .025  -9.999
   152   2.650   1.490    .876    .091    .033  -9.999  -9.999    .040   8.600
  6 WEISER          
     5   2.650   1.450    .721    .194    .085  -9.999  -9.999    .058  -9.999
    10   2.650   1.450    .726    .193    .081  -9.999  -9.999    .054  -9.999
    44   2.650   1.450    .747    .172    .081  -9.999  -9.999    .072  -9.999
    61   2.650   1.450    .787    .124    .089  -9.999  -9.999    .065   8.400
   107   2.650   1.450    .627    .209    .164  -9.999  -9.999    .115   8.200
   165   2.650   1.490    .784    .159    .057  -9.999  -9.999    .046   8.500
  7 WELCH           
     5   2.650   1.320    .307    .526    .167    .381  -9.999    .172   7.600
    25   2.650   1.080    .177    .618    .205    .357  -9.999    .157   7.800
    53   2.650   1.050    .142    .594    .264    .331  -9.999    .177  -9.999
    81   2.650   1.420    .242    .489    .269  -9.999  -9.999    .230  -9.999
    92   2.650   1.480    .665    .196    .139    .434  -9.999    .120  -9.999
   118   2.650   1.420    .459    .351    .190    .311  -9.999    .155  -9.999
   145   2.650   1.860    .739    .151    .110    .227  -9.999    .106  -9.999
  8 WENDANE         
     8   2.650   1.320    .169    .616    .215  -9.999  -9.999    .238   8.500
    18   2.650   1.400    .141    .592    .267    .342  -9.999    .221   8.600
    38   2.650   1.140    .155    .651    .194    .400  -9.999    .170   8.700
    74   2.650   1.310    .188    .678    .134    .424  -9.999    .164   8.500
    91   2.650   1.320    .050    .789    .161  -9.999  -9.999    .219   8.600
   104   2.650   1.320    .189    .721    .090  -9.999  -9.999    .098   8.900
   130   2.650   1.380    .059    .537    .404  -9.999  -9.999    .342   8.100
   152   2.650   1.320    .166    .651    .183  -9.999  -9.999    .186   8.200
 10 WHOLAN          
     6   2.650   1.480    .474    .426    .100    .222  -9.999    .118  -9.999
    15   2.650   1.310    .436    .448    .116    .202  -9.999    .115  -9.999
    33   2.650   1.270    .459    .433    .108    .169  -9.999    .117  -9.999
    48   2.650   1.250    .443    .439    .118    .216  -9.999    .154   8.100
    60   2.650   1.250    .650    .288    .062    .169  -9.999    .109   8.200
    87   2.650   1.200    .494    .436    .070    .442  -9.999    .108   7.800
   135   2.650   1.270    .393    .515    .092    .283  -9.999    .116   7.700
   150   2.650   1.350    .663    .246    .091    .142  -9.999    .099   7.500
   175   2.650   1.450    .615    .290    .095  -9.999  -9.999    .116   7.600
   205   2.650   1.450    .642    .217    .141  -9.999  -9.999    .131   7.600
  8 WHOLAN          
     8   2.650   1.420    .388    .474    .138    .281  -9.999    .124   7.600
    13   2.650   1.320    .391    .506    .103  -9.999  -9.999    .117   7.800
    28   2.650   1.280    .430    .475    .095    .206  -9.999    .109   7.900
    48   2.650   1.200    .322    .562    .116    .259  -9.999    .126   7.900
    79   2.650   1.210    .218    .665    .117    .288  -9.999    .144   7.600
   114   2.650   1.190    .186    .668    .146    .377  -9.999    .165   7.500
   137   2.650   1.190    .201    .647    .152    .361  -9.999    .177   7.500
   168   2.650   1.190    .297    .591    .112    .288  -9.999    .132   7.500
 10 WHOLAN          
     8   2.650   1.370    .494    .446    .060    .245  -9.999    .099   7.800
    18   2.650   1.320    .331    .548    .121  -9.999  -9.999    .116  -9.999
    43   2.650   1.250    .283    .623    .094    .240  -9.999    .126  -9.999
    58   2.650   1.320    .286    .657    .057  -9.999  -9.999    .123   8.100
    74   2.650   1.200    .264    .682    .054    .277  -9.999    .110   8.100
    91   2.650   1.320    .308    .653    .039  -9.999  -9.999    .100   8.000
   107   2.650   1.040    .319    .650    .031    .310  -9.999    .057   8.100
   119   2.650   1.320    .210    .727    .063  -9.999  -9.999    .121   7.800
   135   2.650   1.320    .246    .675    .079  -9.999  -9.999    .137   7.700
   160   2.650   1.290    .294    .591    .115    .209  -9.999    .130   7.700
  5 WISKAN          
     5   2.650   1.630    .353    .503    .144    .310  -9.999    .150   7.000
    23   2.650   1.410    .277    .541    .182    .283  -9.999    .161  -9.999
    46   2.650   1.320    .365    .505    .130    .269  -9.999    .129  -9.999
    69   2.650   1.420    .498    .310    .192    .261  -9.999    .126  -9.999
    84   2.650   1.600    .625    .145    .230  -9.999  -9.999    .189  -9.999
  9 YIPOR           
     5   2.650   1.280    .075    .791    .134    .402  -9.999    .138   7.900
    15   2.650   1.300    .118    .765    .117    .361  -9.999    .133  -9.999
    38   2.650   1.390    .229    .653    .118    .399  -9.999    .142   8.100
    61   2.650   1.330    .302    .595    .103    .343  -9.999    .142   7.600
    81   2.650   1.390    .123    .780    .097    .421  -9.999    .160   7.600
   102   2.650   1.310    .062    .835    .103    .486  -9.999    .156   7.600
   119   2.650   1.230    .090    .753    .157    .423  -9.999    .184   7.600
   137   2.650   1.280    .267    .590    .143    .351  -9.999    .159   7.500
   152   2.650   1.430    .544    .338    .118    .250  -9.999    .122   7.600
  4 YOMBA           
     8   2.650   1.490    .866    .118    .016  -9.999  -9.999    .057  -9.999
    13   2.650   1.590    .791    .177    .032    .180    .202    .075  -9.999
    30   2.650   1.680    .757    .166    .077    .230    .249    .106   8.200
    56   2.650   1.490    .737    .233    .030  -9.999  -9.999    .109   8.500
  7 ZADVAR          
     3   2.650   1.450    .633    .241    .126  -9.999  -9.999    .104  -9.999
    10   2.650   1.940    .713    .208    .079    .250  -9.999    .113  -9.999
    22   2.650   1.780    .608    .223    .169    .256  -9.999    .160  -9.999
    33   2.650   1.450    .624    .202    .174  -9.999  -9.999    .133  -9.999
    76   2.650   2.000    .758    .176    .066    .180  -9.999    .080  -9.999
   122   2.650   1.490    .848    .101    .051  -9.999  -9.999    .057  -9.999
   183   2.650   1.450    .661    .244    .095    .220  -9.999    .099   8.300
  3 ZAQUA           
     8   2.650   1.900    .620    .261    .119    .247  -9.999    .154  -9.999
    23   2.650   1.600    .494    .221    .285    .365  -9.999    .213  -9.999
    51   2.650   1.450    .678    .123    .199    .313  -9.999    .189  -9.999
  2 ZARK            
    41   2.650   1.450    .667    .203    .130  -9.999  -9.999    .113  -9.999
    74   2.650   1.450    .626    .250    .124  -9.999  -9.999    .122  -9.999
  5 ZARK            
    10   2.650   1.160    .708    .210    .082    .194  -9.999    .079  -9.999
    31   2.650   1.160    .670    .211    .119    .211  -9.999    .089  -9.999
    63   2.650   1.460    .630    .252    .118    .327  -9.999    .123  -9.999
    90   2.650   1.540    .662    .224    .114    .319  -9.999    .140  -9.999
   112   2.650   1.020    .625    .353    .022    .199  -9.999    .051  -9.999
  8 ZEVADEZ TAX.    
     5   2.650   1.240    .375    .525    .100    .285  -9.999    .099   6.900
    15   2.650   1.410    .287    .597    .116    .268  -9.999    .121  -9.999
    36   2.650   1.390    .381    .474    .145    .253  -9.999    .128  -9.999
    51   2.650   1.420    .367    .458    .175    .287  -9.999    .169   7.300
    79   2.650   1.580    .417    .517    .066    .289  -9.999    .166   7.900
   107   2.650   1.520    .512    .434    .054    .322  -9.999    .138   8.000
   140   2.650   1.540    .447    .466    .087    .390  -9.999    .163   7.900
   152   2.650   1.450    .610    .208    .182  -9.999  -9.999    .131   7.700
