  4 ADJIDAUMO       
    61   2.650   1.390    .076    .288    .636  -9.999  -9.999    .338  -9.999
    92   2.650   1.390    .143    .298    .559  -9.999  -9.999    .347  -9.999
   122   2.650   1.390    .081    .366    .553  -9.999  -9.999    .309  -9.999
   155   2.650   1.390    .077    .298    .625  -9.999  -9.999    .352  -9.999
  4 ADJIDAUMO       
    66   2.650   1.390    .060    .245    .695  -9.999  -9.999    .371  -9.999
    89   2.650   1.390    .181    .209    .610  -9.999  -9.999    .391  -9.999
   127   2.650   1.390    .192    .273    .535  -9.999  -9.999    .382  -9.999
   152   2.650   1.390    .071    .384    .545  -9.999  -9.999    .324  -9.999
  5 ADJIDAUMO       
    15   2.650   1.380    .032    .425    .543    .403  -9.999    .353  -9.999
    28   2.650   1.380    .037    .427    .536    .404  -9.999    .327  -9.999
    56   2.650   1.390    .050    .376    .574    .373  -9.999    .306  -9.999
    81   2.650   1.380    .040    .421    .539    .363  -9.999    .280  -9.999
   152   2.650   1.390    .114    .375    .511    .382  -9.999    .295  -9.999
  4 ADJIDAUMO       
    23   2.650   1.390    .101    .385    .514    .403  -9.999    .334  -9.999
    46   2.650   1.380    .099    .416    .485    .375  -9.999    .265  -9.999
    69   2.650   1.390    .233    .262    .505    .370  -9.999    .288  -9.999
   127   2.650   1.390    .145    .337    .518    .354  -9.999    .304  -9.999
  1 BRIDGEHAMPTON   
   130   2.650   1.540    .366    .610    .024    .273  -9.999    .038  -9.999
  3 CHATFIELD       
     5   2.650   1.450    .522    .421    .057  -9.999  -9.999    .380   4.400
    18   2.650   1.420    .413    .478    .109  -9.999  -9.999    .111  -9.999
    68   2.650   1.420    .416    .467    .117  -9.999  -9.999    .080  -9.999
  1 CHAUMONT        
    67   2.650   1.380    .109    .442    .449    .391  -9.999    .241   7.800
  1 COLLAMER        
    58   2.650   1.400    .101    .562    .337    .440  -9.999    .231   6.100
  4 DEPEYSTER       
    64   2.650   1.400    .090    .571    .339  -9.999  -9.999    .258  -9.999
   130   2.650   1.400    .068    .645    .287  -9.999  -9.999    .221  -9.999
   142   2.650   1.400    .039    .654    .307  -9.999  -9.999    .218  -9.999
   152   2.650   1.400    .108    .618    .274  -9.999  -9.999    .218  -9.999
  2 DEPEYSTER       
    84   2.650   1.610    .076    .576    .348    .382  -9.999    .241  -9.999
   152   2.650   1.590    .124    .616    .260    .359  -9.999    .191  -9.999
  1 DUNKIRK         
   115   2.650   1.320    .057    .681    .262    .305  -9.999    .165  -9.999
  2 GLEBE           
    31   2.650    .850    .642    .343    .015    .597  -9.999    .156  -9.999
    56   2.650    .910    .655    .320    .025    .568  -9.999    .177  -9.999
  5 GRENVILLE       
    29   2.650   1.500    .660    .250    .090    .289  -9.999    .090  -9.999
    46   2.650   1.680    .521    .366    .113    .279  -9.999    .077  -9.999
    83   2.650   1.450    .523    .364    .113    .213  -9.999    .062  -9.999
   112   2.650   1.420    .516    .387    .097    .197  -9.999    .054  -9.999
   140   2.650   1.420    .515    .380    .105    .193  -9.999    .057  -9.999
  4 GRENVILLE       
    41   2.650   1.630    .552    .346    .102    .233  -9.999    .091  -9.999
    56   2.650   1.730    .604    .311    .085    .237  -9.999    .074  -9.999
    74   2.650   1.740    .616    .312    .072    .235  -9.999    .064  -9.999
   122   2.650   1.930    .588    .356    .056    .239  -9.999    .052  -9.999
  5 HAILESBORO      
    28   2.650   1.650    .160    .584    .256    .338  -9.999    .173  -9.999
    62   2.650   1.660    .210    .539    .251    .304  -9.999    .194  -9.999
    95   2.650   1.590    .126    .730    .144    .367  -9.999    .122  -9.999
   111   2.650   1.730    .107    .792    .101    .315  -9.999    .104  -9.999
   160   2.650   1.770    .099    .800    .101    .324  -9.999    .097  -9.999
  6 HAILESBORO      
    15   2.650   1.320    .121    .638    .241  -9.999  -9.999    .160  -9.999
    33   2.650   1.320    .110    .621    .269  -9.999  -9.999    .162  -9.999
    76   2.650   1.320    .100    .649    .251  -9.999  -9.999    .168  -9.999
   117   2.650   1.320    .150    .596    .254  -9.999  -9.999    .160  -9.999
   137   2.650   1.320    .176    .569    .255  -9.999  -9.999    .145  -9.999
   152   2.650   1.320    .207    .684    .109  -9.999  -9.999    .079  -9.999
  2 HAVEN           
    70   2.650   1.750    .696    .243    .061    .243  -9.999    .051  -9.999
   130   2.650   1.490    .980    .012    .008  -9.999  -9.999    .003  -9.999
  5 HEAUVELTON      
    18   2.650   1.390    .054    .382    .564  -9.999  -9.999    .254  -9.999
    36   2.650   1.390    .038    .390    .572  -9.999  -9.999    .288  -9.999
    49   2.650   1.380    .060    .422    .518  -9.999  -9.999    .277  -9.999
    89   2.650   1.390    .075    .349    .576  -9.999  -9.999    .306  -9.999
   142   2.650   1.380    .055    .417    .528  -9.999  -9.999    .268  -9.999
  2 HEUVELTON       
   142   2.650   1.400    .151    .563    .286  -9.999  -9.999    .168  -9.999
   175   2.650   1.490    .807    .125    .068  -9.999  -9.999    .039  -9.999
  2 HEUVELTON       
    99   2.650   1.380    .020    .443    .537    .415  -9.999    .308  -9.999
   173   2.650   1.550    .036    .463    .501    .367  -9.999    .277  -9.999
  2 HEUVELTON       
   102   2.650   1.400    .073    .536    .391    .440  -9.999    .242  -9.999
   127   2.650   1.550    .178    .481    .341    .369  -9.999    .215  -9.999
  6 HEUVELTON       
    28   2.650   1.390    .093    .386    .521    .368  -9.999    .252  -9.999
    43   2.650   1.380    .042    .412    .546    .360  -9.999    .283  -9.999
    58   2.650   1.380    .062    .426    .512    .377  -9.999    .284  -9.999
   107   2.650   1.390    .056    .331    .613    .413  -9.999    .307  -9.999
   130   2.650   1.390    .046    .368    .586    .360  -9.999    .295  -9.999
   158   2.650   1.380    .053    .458    .489    .335  -9.999    .254  -9.999
  3 HEUVELTON       
    36   2.650   1.380    .010    .471    .519  -9.999  -9.999    .277  -9.999
    63   2.650   1.380    .012    .467    .521  -9.999  -9.999    .251  -9.999
    96   2.650   1.380    .010    .437    .553  -9.999  -9.999    .272  -9.999
  6 HEUVELTON       
    28   2.650   1.620    .155    .677    .168    .309  -9.999    .123  -9.999
    46   2.650   1.400    .115    .509    .376    .361  -9.999    .239  -9.999
    69   2.650   1.810    .138    .713    .149    .302  -9.999    .134  -9.999
    89   2.650   1.720    .159    .740    .101    .334  -9.999    .103  -9.999
   114   2.650   1.720    .371    .549    .080    .342  -9.999    .091  -9.999
   152   2.650   1.780    .742    .245    .013    .114  -9.999    .025  -9.999
  4 HOGANSBURG      
    53   2.650   1.450    .616    .292    .092  -9.999  -9.999    .059  -9.999
    71   2.650   1.450    .597    .278    .125  -9.999  -9.999    .074  -9.999
    81   2.650   1.450    .649    .267    .084  -9.999  -9.999    .049  -9.999
    81   2.650   1.450    .645    .271    .084  -9.999  -9.999    .042  -9.999
  4 LIMA            
    23   2.650   1.420    .407    .388    .205    .281  -9.999    .109  -9.999
    38   2.650   1.420    .419    .351    .230    .278  -9.999    .145  -9.999
    55   2.650   1.420    .409    .449    .142  -9.999  -9.999    .071  -9.999
    85   2.650   1.420    .410    .436    .154  -9.999  -9.999    .071  -9.999
  2 MARLOW          
    17   2.650   1.450    .605    .327    .068  -9.999  -9.999    .309  -9.999
   128   2.650   1.450    .700    .251    .049  -9.999  -9.999    .041  -9.999
  4 MATOON          
    20   2.650   1.320    .244    .516    .240  -9.999  -9.999    .152  -9.999
    36   2.650   1.420    .251    .392    .357  -9.999  -9.999    .230  -9.999
    48   2.650   1.320    .224    .537    .239  -9.999  -9.999    .150  -9.999
    58   2.650   1.420    .439    .412    .149  -9.999  -9.999    .095  -9.999
  5 MATOON          
    20   2.650   1.400    .194    .414    .392  -9.999  -9.999    .265  -9.999
    36   2.650   1.390    .105    .341    .554  -9.999  -9.999    .316  -9.999
    46   2.650   1.420    .304    .342    .354  -9.999  -9.999    .216  -9.999
    56   2.650   1.390    .200    .319    .481  -9.999  -9.999    .289  -9.999
    81   2.650   1.450    .562    .326    .112  -9.999  -9.999    .065  -9.999
  2 MONTAUK         
    64   2.650   1.920    .577    .334    .089    .255  -9.999    .081  -9.999
   125   2.650   1.980    .635    .295    .070    .202  -9.999    .057  -9.999
  3 MUSHELLUNGE     
    68   2.650   1.380    .153    .400    .447  -9.999  -9.999    .320  -9.999
    88   2.650   1.400    .109    .501    .390  -9.999  -9.999    .276  -9.999
   104   2.650   1.320    .097    .637    .266  -9.999  -9.999    .117  -9.999
  5 MUSHELLUNGE     
    28   2.650   1.420    .208    .508    .284  -9.999  -9.999    .170  -9.999
    40   2.650   1.400    .167    .480    .353  -9.999  -9.999    .230  -9.999
    63   2.650   1.400    .141    .506    .353  -9.999  -9.999    .232  -9.999
    86   2.650   1.320    .221    .553    .226  -9.999  -9.999    .166  -9.999
   132   2.650   1.320    .206    .627    .167  -9.999  -9.999    .114  -9.999
  6 MUSKELLUNGE     
    34   2.650   1.390    .128    .390    .482    .364  -9.999    .247  -9.999
    53   2.650   1.380    .091    .478    .431    .422  -9.999    .279  -9.999
    74   2.650   1.320    .128    .605    .267    .339  -9.999    .178  -9.999
   106   2.650   1.660    .138    .670    .192    .349  -9.999    .156  -9.999
   131   2.650   1.320    .236    .581    .183  -9.999  -9.999    .117  -9.999
   155   2.650   1.320    .155    .695    .150    .273  -9.999    .102  -9.999
  5 MUSKELLUNGE     
    43   2.650   1.390    .093    .341    .566  -9.999  -9.999    .345  -9.999
    64   2.650   1.390    .089    .397    .514  -9.999  -9.999    .318  -9.999
    94   2.650   1.380    .130    .423    .447  -9.999  -9.999    .302  -9.999
   122   2.650   1.380    .100    .409    .491  -9.999  -9.999    .293  -9.999
   140   2.650   1.380    .083    .489    .428  -9.999  -9.999    .259  -9.999
  6 MUSKELLUNGE     
    15   2.650   1.380    .041    .452    .507  -9.999  -9.999    .444  -9.999
    38   2.650   1.380    .029    .424    .547  -9.999  -9.999    .298  -9.999
    61   2.650   1.390    .032    .360    .608  -9.999  -9.999    .318  -9.999
    84   2.650   1.390    .116    .357    .527  -9.999  -9.999    .279  -9.999
   112   2.650   1.380    .079    .411    .510  -9.999  -9.999    .298  -9.999
   152   2.650   1.380    .032    .430    .538  -9.999  -9.999    .291  -9.999
  4 POTSDAM         
    43   2.650   1.420    .758    .212    .030    .260    .341    .081  -9.999
    81   2.650   1.710    .512    .441    .047    .284  -9.999    .058  -9.999
    99   2.650   1.670    .503    .439    .058    .250  -9.999    .063  -9.999
   127   2.650   1.490    .841    .134    .025  -9.999  -9.999    .027  -9.999
  5 ROUNDABOUT      
    30   2.650   1.610    .224    .592    .184    .365  -9.999    .147  -9.999
    43   2.650   1.630    .225    .580    .195    .329  -9.999    .156  -9.999
    61   2.650   1.640    .226    .592    .182    .362  -9.999    .156  -9.999
    99   2.650   1.650    .151    .694    .155    .370  -9.999    .158  -9.999
   152   2.650   1.560    .254    .675    .071    .359  -9.999    .090  -9.999
  3 ROUNDABOUT      
    41   2.650   1.420    .406    .474    .120  -9.999  -9.999    .116  -9.999
    64   2.650   1.320    .169    .704    .127  -9.999  -9.999    .087  -9.999
   127   2.650   1.380    .097    .436    .467  -9.999  -9.999    .112  -9.999
