  1 AVONBURG        
   229   2.650   1.380    .116    .452    .432  -9.999  -9.999    .246  -9.999
  4 BENNINGTON      
    89   2.650   1.420    .202    .410    .388    .283    .312    .222  -9.999
   104   2.650   1.420    .312    .342    .346    .285    .311    .230  -9.999
   130   2.650   1.420    .276    .431    .293  -9.999  -9.999    .222  -9.999
   152   2.650   1.420    .303    .413    .284  -9.999  -9.999    .209  -9.999
  2 BENNINGTON      
   124   2.650   1.420    .298    .480    .222  -9.999  -9.999    .214  -9.999
   152   2.650   1.420    .280    .468    .252  -9.999  -9.999    .209  -9.999
  1 CLERMONT        
   249   2.650   1.420    .216    .418    .366  -9.999  -9.999    .224  -9.999
  5 CROSBY          
    20   2.650   1.320    .179    .565    .256    .297    .321    .150  -9.999
    36   2.650   1.380    .074    .484    .442    .378    .408    .269  -9.999
    51   2.650   1.400    .101    .518    .381  -9.999  -9.999    .248  -9.999
    71   2.650   1.420    .290    .430    .280    .321    .354    .175  -9.999
   152   2.650   1.420    .374    .448    .178    .322    .351    .121  -9.999
  3 CROSBY          
    64   2.650   1.400    .114    .539    .347  -9.999  -9.999    .227  -9.999
    84   2.650   1.420    .226    .475    .299  -9.999  -9.999    .210  -9.999
   152   2.650   1.420    .249    .498    .253    .214    .247    .169  -9.999
  2 GRANBY          
   137   2.650   1.490    .963    .024    .013  -9.999  -9.999    .013  -9.999
   157   2.650   1.490    .950    .028    .022  -9.999  -9.999    .016  -9.999
  5 HOYTVILLE       
    43   2.650   1.390    .235    .351    .414    .357    .378    .222  -9.999
    69   2.650   1.420    .308    .327    .365    .281    .298    .204  -9.999
    89   2.650   1.420    .328    .334    .338  -9.999  -9.999    .207  -9.999
   114   2.650   1.380    .150    .448    .402  -9.999  -9.999    .230  -9.999
   152   2.650   1.390    .084    .340    .576  -9.999  -9.999    .288  -9.999
  2 HOYTVILLE       
    48   2.650   1.390    .171    .397    .432    .325    .343    .217  -9.999
    84   2.650   1.400    .196    .420    .384    .314    .332    .207  -9.999
  7 LENAWEE         
    76   2.650   1.400    .161    .464    .375    .293  -9.999    .204  -9.999
    91   2.650   1.400    .155    .476    .369    .300  -9.999    .223  -9.999
   104   2.650   1.400    .153    .494    .353    .305  -9.999    .216  -9.999
   124   2.650   1.400    .190    .507    .303    .267  -9.999    .197  -9.999
   145   2.650   1.320    .196    .568    .236    .261  -9.999    .152  -9.999
   170   2.650   1.320    .189    .567    .244    .244  -9.999    .152  -9.999
   190   2.650   1.400    .156    .473    .371    .228  -9.999    .207  -9.999
  4 LURAY           
    71   2.650   1.320    .134    .730    .136    .276    .293    .087  -9.999
    89   2.650   1.320    .163    .714    .123    .286    .304    .078  -9.999
   102   2.650   1.320    .310    .594    .096  -9.999  -9.999    .063  -9.999
   127   2.650   1.320    .292    .612    .096  -9.999  -9.999    .063  -9.999
  3 MERMILL         
    86   2.650   1.600    .458    .278    .264    .354    .374    .186  -9.999
   109   2.650   1.400    .197    .431    .372  -9.999  -9.999    .220  -9.999
   152   2.650   1.390    .149    .353    .498  -9.999  -9.999    .270  -9.999
  3 MERMILL         
    69   2.650   1.600    .534    .241    .225  -9.999  -9.999    .155  -9.999
   102   2.650   1.400    .100    .566    .334  -9.999  -9.999    .228  -9.999
   152   2.650   1.390    .100    .378    .522  -9.999  -9.999    .297  -9.999
 10 NAPPANEE        
    13   2.650   1.610    .270    .398    .332    .325  -9.999    .196  -9.999
    23   2.650   1.420    .280    .421    .299    .308  -9.999    .172  -9.999
    36   2.650   1.390    .186    .348    .466    .275  -9.999    .217  -9.999
    48   2.650   1.390    .189    .328    .483    .292  -9.999    .220  -9.999
     9   2.650   1.390    .194    .359    .447    .293  -9.999    .211  -9.999
    74   2.650   1.420    .226    .404    .370    .274  -9.999    .202  -9.999
    84   2.650   1.420    .270    .395    .335    .273  -9.999    .170  -9.999
    99   2.650   1.420    .232    .424    .344    .267  -9.999    .193  -9.999
   114   2.650   1.420    .235    .434    .331    .263  -9.999    .172  -9.999
   127   2.650   1.420    .221    .416    .363    .258  -9.999    .182  -9.999
  3 TREATY          
    86   2.650   1.400    .161    .528    .311  -9.999  -9.999    .195  -9.999
   109   2.650   1.400    .179    .524    .297  -9.999  -9.999    .199  -9.999
   157   2.650   1.420    .312    .480    .208    .351    .378    .199  -9.999
