  5 DEVOL           
   107   2.650   1.620    .853    .076    .071    .110    .172    .047  -9.999
   119   2.650   1.570    .830    .116    .054    .151    .177    .050  -9.999
   136   2.650   1.590    .364    .365    .271    .312  -9.999    .183  -9.999
   156   2.650   1.580    .383    .385    .232    .270  -9.999    .163  -9.999
   200   2.650   1.630    .384    .429    .187    .241  -9.999    .135  -9.999
  5 DRUMMOND        
    15   2.650   1.320    .087    .748    .165  -9.999  -9.999    .114   6.000
    56   2.650   1.400    .062    .616    .322  -9.999  -9.999    .193   8.100
    76   2.650   1.400    .109    .533    .358  -9.999  -9.999    .231   8.300
   119   2.650   1.420    .346    .413    .241  -9.999  -9.999    .169   8.200
   132   2.650   1.320    .110    .690    .200  -9.999  -9.999    .137   8.200
  7 GRANT           
    13   2.650   1.490    .538    .318    .144    .225  -9.999    .113   6.200
    30   2.650   1.480    .558    .278    .164    .289  -9.999    .101  -9.999
    47   2.650   1.610    .520    .270    .210    .367  -9.999    .134  -9.999
    68   2.650   1.600    .500    .266    .234    .270  -9.999    .144  -9.999
   113   2.650   1.620    .513    .252    .235    .283  -9.999    .149  -9.999
   150   2.650   1.700    .548    .238    .214    .253  -9.999    .150  -9.999
   162   2.650   1.420    .216    .453    .331  -9.999  -9.999    .166  -9.999
  9 GRANT           
    10   2.650   1.530    .566    .329    .105    .256  -9.999    .078   6.300
    20   2.650   1.490    .509    .345    .146    .228  -9.999    .088  -9.999
    33   2.650   1.530    .483    .329    .188    .231  -9.999    .107  -9.999
    52   2.650   1.610    .463    .318    .219    .272  -9.999    .129  -9.999
    70   2.650   1.630    .433    .341    .226    .261  -9.999    .142  -9.999
    92   2.650   1.700    .403    .335    .262    .279  -9.999    .173  -9.999
   116   2.650   1.600    .454    .259    .287    .285  -9.999    .176  -9.999
   140   2.650   1.830    .510    .256    .234    .287  -9.999    .167  -9.999
   163   2.650   1.420    .265    .457    .278  -9.999  -9.999    .158  -9.999
  5 HEMAN           
    18   2.650   1.390    .018    .335    .647    .385  -9.999    .281  -9.999
    41   2.650   1.390    .004    .261    .735    .352  -9.999    .307  -9.999
    71   2.650   1.390    .181    .245    .574    .347  -9.999    .249  -9.999
   102   2.650   1.490    .923    .026    .051  -9.999  -9.999    .037  -9.999
   200   2.650   1.490    .953    .031    .016  -9.999  -9.999    .015  -9.999
  7 HUSKA           
     8   2.650   1.450    .532    .279    .189  -9.999  -9.999    .113  -9.999
    18   2.650   1.390    .255    .299    .446  -9.999  -9.999    .232  -9.999
    28   2.650   1.390    .247    .299    .454  -9.999  -9.999    .243  -9.999
    46   2.650   1.390    .237    .325    .438  -9.999  -9.999    .228   7.000
    71   2.650   1.400    .195    .413    .392  -9.999  -9.999    .202   7.800
    96   2.650   1.400    .147    .533    .320  -9.999  -9.999    .169   7.700
   114   2.650   1.400    .129    .570    .301  -9.999  -9.999    .182   7.900
  7 HUSKA           
    20   2.650   1.400    .106    .590    .304  -9.999  -9.999    .162  -9.999
    38   2.650   1.380    .065    .472    .463  -9.999  -9.999    .262  -9.999
    58   2.650   1.380    .069    .477    .454  -9.999  -9.999    .250  -9.999
    89   2.650   1.380    .084    .478    .438  -9.999  -9.999    .241   7.700
   117   2.650   1.380    .089    .454    .457  -9.999  -9.999    .244   7.600
   142   2.650   1.380    .084    .513    .403  -9.999  -9.999    .232   7.500
   183   2.650   1.420    .237    .485    .278  -9.999  -9.999    .307  -9.999
  2 JESTER          
   165   2.650   1.490    .813    .158    .029  -9.999  -9.999    .039  -9.999
   220   2.650   1.490    .917    .059    .024  -9.999  -9.999    .027  -9.999
  2 KINGFISHER      
    51   2.650   1.420    .266    .418    .316  -9.999  -9.999    .163  -9.999
    69   2.650   1.420    .335    .395    .270  -9.999  -9.999    .133  -9.999
  3 KIRKLAND        
    79   2.650   1.400    .101    .524    .375  -9.999  -9.999    .239   7.200
   102   2.650   1.400    .155    .445    .400  -9.999  -9.999    .228   7.700
   130   2.650   1.400    .194    .418    .388  -9.999  -9.999    .224   7.700
  4 KIRKLAND        
    46   2.650   1.380    .101    .494    .405  -9.999  -9.999    .243   7.500
    74   2.650   1.400    .106    .495    .399  -9.999  -9.999    .241   7.800
   104   2.650   1.400    .132    .470    .398  -9.999  -9.999    .245   7.700
   127   2.650   1.380    .144    .431    .425  -9.999  -9.999    .268   7.500
  3 KNOCO           
    20   2.650   1.390    .073    .361    .566  -9.999  -9.999    .238   7.200
    36   2.650   1.390    .187    .379    .434    .349  -9.999    .278   7.500
   102   2.650   1.400    .115    .531    .354    .346  -9.999    .266   7.600
  7 MINCO           
    61   2.650   1.420    .493    .409    .098  -9.999  -9.999    .071  -9.999
    91   2.650   1.420    .472    .426    .102  -9.999  -9.999    .074  -9.999
   122   2.650   1.430    .439    .455    .106    .163  -9.999    .077  -9.999
   152   2.650   1.470    .419    .471    .110    .153  -9.999    .079  -9.999
   183   2.650   1.450    .407    .487    .106    .160  -9.999    .077  -9.999
   213   2.650   1.510    .409    .498    .093    .146  -9.999    .079  -9.999
   244   2.650   1.320    .380    .506    .114  -9.999  -9.999    .070  -9.999
  2 NORGE           
   118   2.650   1.420    .332    .324    .344  -9.999  -9.999    .187  -9.999
   140   2.650   1.420    .351    .306    .343  -9.999  -9.999    .186  -9.999
  4 OSCAR           
    28   2.650   1.320    .154    .612    .234  -9.999  -9.999    .128   7.500
    56   2.650   1.320    .143    .662    .195  -9.999  -9.999    .137   8.200
    86   2.650   1.320    .208    .541    .251  -9.999  -9.999    .145   8.900
   127   2.650   1.320    .152    .589    .259  -9.999  -9.999    .162   9.000
  5 PAWHUSKA        
    15   2.650   1.320    .221    .660    .119  -9.999  -9.999    .084   6.400
    33   2.650   1.400    .184    .439    .377  -9.999  -9.999    .251   7.500
    48   2.650   1.420    .231    .428    .341  -9.999  -9.999    .213   7.700
    69   2.650   1.420    .270    .435    .295  -9.999  -9.999    .189   7.700
   104   2.650   1.420    .265    .463    .272  -9.999  -9.999    .182   7.600
  6 PAWHUSKA        
    23   2.650   1.320    .202    .559    .239  -9.999  -9.999    .120   6.000
    53   2.650   1.380    .118    .432    .450  -9.999  -9.999    .275   7.700
    84   2.650   1.400    .120    .499    .381  -9.999  -9.999    .228   7.900
    96   2.650   1.400    .104    .516    .380  -9.999  -9.999    .224   7.600
   121   2.650   1.400    .089    .572    .339  -9.999  -9.999    .203   7.500
   260   2.650   1.320    .246    .516    .238  -9.999  -9.999    .201   7.500
  3 PIEDMONT        
    81   2.650   1.400    .069    .599    .332  -9.999  -9.999    .195  -9.999
    53   2.650   1.390    .066    .320    .614  -9.999  -9.999    .309  -9.999
    69   2.650   1.390    .177    .391    .432  -9.999  -9.999    .275  -9.999
  8 PIEDMONT        
     9   2.650   1.600    .172    .613    .215    .336  -9.999    .158  -9.999
    21   2.650   1.530    .100    .592    .308    .350  -9.999    .184  -9.999
    40   2.650   1.380    .057    .445    .498    .399  -9.999    .276  -9.999
    54   2.650   1.380    .063    .463    .474    .380  -9.999    .282   7.300
    75   2.650   1.400    .061    .540    .399    .311  -9.999    .227   7.800
    90   2.650   1.400    .031    .697    .272    .325  -9.999    .207   7.500
   131   2.650   1.670    .166    .714    .120    .331  -9.999    .167   7.700
   151   2.650   1.320    .330    .587    .083    .223  -9.999    .114   7.800
  6 QUINLAN         
    10   2.650   1.460    .437    .424    .139    .232  -9.999    .104   7.400
    19   2.650   1.480    .421    .421    .158    .246  -9.999    .112  -9.999
    45   2.650   1.480    .384    .437    .179    .252  -9.999    .124  -9.999
    89   2.650   1.420    .381    .486    .133  -9.999  -9.999    .102  -9.999
   115   2.650   1.440    .447    .418    .135    .243  -9.999    .098  -9.999
   123   2.650   1.440    .416    .416    .168    .248  -9.999    .109  -9.999
  9 RENTHIN         
    10   2.650   1.420    .260    .527    .213    .382  -9.999    .158  -9.999
    25   2.650   1.500    .276    .424    .300    .405  -9.999    .201  -9.999
    39   2.650   1.390    .227    .370    .403    .379  -9.999    .238  -9.999
    56   2.650   1.390    .205    .355    .440    .395  -9.999    .253  -9.999
    73   2.650   1.390    .213    .362    .425    .370  -9.999    .245  -9.999
   107   2.650   1.390    .323    .251    .426    .325  -9.999    .234   7.700
   139   2.650   1.420    .437    .198    .365    .281  -9.999    .183   8.000
   168   2.650   1.390    .159    .379    .462    .322  -9.999    .222   8.200
   195   2.650   1.960    .304    .503    .193    .210  -9.999    .145   8.300
  7 TEAGARD         
    18   2.650   1.420    .333    .334    .333    .322  -9.999    .213  -9.999
    30   2.650   1.390    .149    .390    .461    .361  -9.999    .263  -9.999
    50   2.650   1.390    .125    .381    .494    .385  -9.999    .265  -9.999
    62   2.650   1.380    .109    .402    .489    .384  -9.999    .273  -9.999
    77   2.650   1.390    .113    .353    .534  -9.999  -9.999    .296  -9.999
    86   2.650   1.390    .230    .339    .431  -9.999  -9.999    .229  -9.999
   132   2.650   1.390    .236    .344    .420  -9.999  -9.999    .254  -9.999
  7 TELLER COMPLEX  
    16   2.650   1.420    .404    .413    .183  -9.999  -9.999    .129  -9.999
    26   2.650   1.420    .393    .349    .258  -9.999  -9.999    .139  -9.999
    36   2.650   1.420    .347    .341    .312  -9.999  -9.999    .162  -9.999
    64   2.650   1.420    .347    .347    .306  -9.999  -9.999    .148  -9.999
    86   2.650   1.420    .323    .429    .248  -9.999  -9.999    .126  -9.999
   140   2.650   1.420    .460    .362    .178  -9.999  -9.999    .099  -9.999
   212   2.650   1.490    .808    .173    .019  -9.999  -9.999    .022   4.500
  3 TIVOLI          
    17   2.650   1.630    .811    .147    .042    .085  -9.999    .046  -9.999
    36   2.650   1.460    .907    .062    .031    .057  -9.999    .028  -9.999
    46   2.650   1.480    .906    .059    .035    .065  -9.999    .033  -9.999
  3 TIVOLI          
    20   2.650   1.610    .891    .087    .022    .048  -9.999    .031  -9.999
    50   2.650   1.560    .922    .055    .023    .069  -9.999    .023  -9.999
    66   2.650   1.520    .886    .074    .040    .090  -9.999    .035  -9.999
  5 WAKITA          
    15   2.650   1.420    .432    .470    .098  -9.999  -9.999    .087   8.100
    46   2.650   1.420    .295    .443    .262  -9.999  -9.999    .173   9.000
    69   2.650   1.400    .110    .532    .358  -9.999  -9.999    .224   9.000
    86   2.650   1.400    .043    .662    .295  -9.999  -9.999    .230   8.900
   107   2.650   1.320    .041    .735    .224  -9.999  -9.999    .154   8.900
  4 WAURIKA         
    20   2.650   1.320    .240    .563    .197  -9.999  -9.999    .102  -9.999
    33   2.650   1.320    .251    .609    .140  -9.999  -9.999    .070  -9.999
    61   2.650   1.420    .295    .411    .294  -9.999  -9.999    .180  -9.999
    97   2.650   1.420    .326    .355    .319  -9.999  -9.999    .186  -9.999
  6 WAYNOKA         
    20   2.650   1.690    .758    .169    .073    .142  -9.999    .063  -9.999
    89   2.650   1.420    .211    .390    .399  -9.999  -9.999    .243  -9.999
   121   2.650   1.420    .322    .394    .284    .284  -9.999    .179  -9.999
   155   2.650   1.600    .520    .303    .177    .234  -9.999    .136  -9.999
   206   2.650   1.420    .276    .411    .313    .329  -9.999    .200  -9.999
   231   2.650   1.420    .401    .343    .256  -9.999  -9.999    .169  -9.999
  8 WETBETH         
    16   2.650   1.400    .102    .556    .342    .368  -9.999    .196  -9.999
    33   2.650   1.380    .138    .457    .405    .333  -9.999    .239  -9.999
    59   2.650   1.380    .086    .465    .449    .345  -9.999    .253  -9.999
    90   2.650   1.380    .082    .478    .440    .378  -9.999    .261  -9.999
   119   2.650   1.400    .104    .518    .378    .365  -9.999    .244  -9.999
   156   2.650   1.400    .134    .530    .336    .344  -9.999    .200  -9.999
   190   2.650   1.400    .136    .541    .323    .335  -9.999    .197  -9.999
   212   2.650   1.400    .168    .532    .300  -9.999  -9.999    .188  -9.999
  2 WETBETH         
    58   2.650   1.380    .159    .427    .414  -9.999  -9.999    .222  -9.999
    89   2.650   1.400    .183    .417    .400  -9.999  -9.999    .211  -9.999
  3 WETBETH         
    18   2.650   1.400    .127    .508    .365  -9.999  -9.999    .213  -9.999
    58   2.650   1.380    .120    .455    .425  -9.999  -9.999    .240  -9.999
   104   2.650   1.380    .096    .462    .442  -9.999  -9.999    .253  -9.999
  3 WETBETH         
    18   2.650   1.400    .157    .468    .375  -9.999  -9.999    .216  -9.999
    81   2.650   1.380    .121    .444    .435  -9.999  -9.999    .247  -9.999
   127   2.650   1.380    .083    .467    .450  -9.999  -9.999    .264  -9.999
  5 WOODWARD        
    14   2.650   1.570    .478    .399    .123    .206  -9.999    .093   7.500
    28   2.650   1.620    .436    .424    .140    .222  -9.999    .110  -9.999
    59   2.650   1.480    .447    .413    .140    .229  -9.999    .098  -9.999
    85   2.650   1.420    .396    .486    .118    .186  -9.999    .080  -9.999
   138   2.650   1.320    .275    .619    .106  -9.999  -9.999    .073  -9.999
  7 WOODWARD        
    10   2.650   1.400    .507    .368    .125    .182  -9.999    .102   7.200
    20   2.650   1.410    .517    .348    .135    .175  -9.999    .086   7.000
    45   2.650   1.340    .533    .290    .177    .150  -9.999    .084   7.500
    70   2.650   1.420    .577    .265    .158    .133  -9.999    .080   8.100
    98   2.650   1.500    .564    .324    .112    .140  -9.999    .073   8.100
   135   2.650   1.530    .528    .326    .146    .141  -9.999    .075   8.100
   170   2.650   1.540    .627    .240    .133    .117  -9.999    .066   8.300
  3 WOODWARD        
    10   2.650   1.460    .543    .338    .119    .181  -9.999    .095  -9.999
    23   2.650   1.430    .526    .355    .119    .169  -9.999    .087  -9.999
    51   2.650   1.400    .546    .333    .121    .165  -9.999    .084  -9.999
  3 WOODWARD        
     8   2.650   1.470    .432    .407    .161    .229  -9.999    .118  -9.999
    18   2.650   1.480    .466    .369    .165    .250  -9.999    .115  -9.999
    48   2.650   1.380    .420    .376    .204    .192  -9.999    .131  -9.999
  3 WOODWARD        
    13   2.650   1.460    .519    .360    .121    .190  -9.999    .098  -9.999
    20   2.650   1.480    .547    .338    .115    .184  -9.999    .093  -9.999
    46   2.650   1.400    .551    .329    .120    .169  -9.999    .085  -9.999
  3 WOODWARD        
    13   2.650   1.460    .518    .361    .121    .187  -9.999    .098  -9.999
    23   2.650   1.360    .543    .332    .125    .160  -9.999    .086  -9.999
    38   2.650   1.350    .520    .347    .133    .155  -9.999    .090  -9.999
  3 WOODWARD        
     8   2.650   1.270    .482    .390    .128    .173  -9.999    .084   7.300
    13   2.650   1.350    .508    .355    .137    .177  -9.999    .085  -9.999
    46   2.650   1.360    .495    .362    .143    .188  -9.999    .088  -9.999
  1 WOODWARD        
    46   2.650   1.360    .495    .362    .143    .188  -9.999    .088  -9.999
  3 WOODWARD        
     9   2.650   1.370    .530    .351    .119    .190  -9.999    .093   7.600
    18   2.650   1.450    .487    .387    .126    .171  -9.999    .093  -9.999
    41   2.650   1.410    .540    .329    .131    .185  -9.999    .094  -9.999
