  3 AGENCY          
    20   2.650   1.390    .403    .445    .152    .346  -9.999    .171  -9.999
    41   2.650   1.320    .444    .403    .153    .314  -9.999    .164  -9.999
    61   2.650   1.420    .429    .432    .139  -9.999  -9.999    .170  -9.999
  2 AMITY           
    23   2.650   1.550    .045    .708    .247    .380  -9.999    .192  -9.999
    40   2.650   1.430    .068    .672    .260    .363  -9.999    .183  -9.999
  1 ANTOKEN         
    97   2.650   1.450    .556    .327    .117  -9.999  -9.999    .412  -9.999
  2 ARRON           
    21   2.650   1.330    .724    .198    .078    .234  -9.999    .106  -9.999
    32   2.650   1.400    .730    .184    .086    .274  -9.999    .115  -9.999
  1 AXFORD          
   117   2.650   1.320    .374    .563    .063  -9.999  -9.999    .176  -9.999
  5 BALDOCK         
     5   2.650   1.320    .166    .614    .220  -9.999  -9.999    .438   8.000
    15   2.650   1.400    .082    .607    .311  -9.999  -9.999    .364   7.900
    46   2.650   1.420    .286    .473    .241  -9.999  -9.999    .258   7.400
    91   2.650   1.420    .340    .488    .172  -9.999  -9.999    .212   7.100
   152   2.650   1.320    .267    .524    .209  -9.999  -9.999    .209   6.900
  6 BONNICK         
    25   2.650   1.490    .894    .074    .032  -9.999  -9.999    .076  -9.999
    49   2.650   1.490    .901    .071    .028  -9.999  -9.999    .064  -9.999
    75   2.650   1.490    .915    .049    .036  -9.999  -9.999    .064  -9.999
   111   2.650   1.490    .935    .029    .036  -9.999  -9.999    .064  -9.999
   132   2.650   1.490    .975    .001    .024  -9.999  -9.999    .052  -9.999
   155   2.650   1.490    .962    .018    .020  -9.999  -9.999    .034  -9.999
  3 BORAVALL        
    23   2.650   1.420    .467    .336    .197  -9.999  -9.999    .214  10.100
    48   2.650   1.420    .366    .370    .264  -9.999  -9.999    .300   8.900
   109   2.650   1.450    .672    .271    .057  -9.999  -9.999    .142   8.300
  3 BRIEDWELL       
    63   2.650   1.320    .342    .585    .073  -9.999  -9.999    .123   2.000
    51   2.650   1.250    .232    .665    .103    .299    .390    .131   2.000
    99   2.650   1.320    .369    .543    .088  -9.999  -9.999    .135   2.000
  6 BURKEMONT       
    10   2.650   1.400    .088    .636    .276  -9.999  -9.999    .347   8.100
    28   2.650   1.400    .124    .601    .275  -9.999  -9.999    .368   8.500
    41   2.650   1.320    .207    .659    .134  -9.999  -9.999    .273   8.200
    64   2.650   1.320    .102    .707    .191  -9.999  -9.999    .195   8.400
   117   2.650   1.400    .127    .583    .290  -9.999  -9.999    .255   7.800
   152   2.650   1.320    .062    .758    .180  -9.999  -9.999    .239   7.900
  5 CALIMUS         
    13   2.650   1.370    .566    .272    .162    .330  -9.999    .159   7.200
    33   2.650   1.470    .503    .328    .169    .391  -9.999    .194   6.700
    56   2.650   1.220    .493    .332    .175    .387  -9.999    .172   6.600
    91   2.650   1.320    .561    .305    .134    .384  -9.999    .168   6.800
   130   2.650   1.260    .528    .331    .141    .411  -9.999    .173   7.000
  1 COQUILLE        
    33   2.650   1.320    .128    .625    .247  -9.999  -9.999    .273  -9.999
  3 DAVEY           
     8   2.650   1.490    .907    .048    .045  -9.999  -9.999    .055  -9.999
    43   2.650   1.490    .827    .075    .098  -9.999  -9.999    .094  -9.999
   102   2.650   1.490    .891    .060    .049  -9.999  -9.999    .070  -9.999
  2 DEPPY           
     5   2.650   1.450    .587    .322    .091  -9.999  -9.999    .109  -9.999
    33   2.650   1.420    .361    .425    .214  -9.999  -9.999    .372  -9.999
  4 DESCHUTES       
    10   2.650   1.460    .754    .176    .070    .212    .336    .102   7.000
    25   2.650   1.570    .769    .167    .064    .261    .355    .110   7.300
    46   2.650   1.470    .673    .230    .097    .206    .266    .113  -9.999
    53   2.650   1.310    .769    .165    .066    .186    .259    .093  -9.999
  5 DESCHUTES       
     8   2.650   1.350    .783    .164    .053    .223    .301    .113   7.400
    19   2.650   1.670    .785    .156    .059    .262    .306    .115  -9.999
    45   2.650   1.230    .764    .180    .056    .197    .256    .080  -9.999
    68   2.650   1.320    .627    .325    .048    .206    .260    .091  -9.999
    76   2.650   1.330    .627    .330    .043    .303    .386    .086  -9.999
  4 DESCHUTES       
    10   2.650   1.370    .721    .188    .091    .312    .370    .219   7.400
    33   2.650   1.830    .771    .158    .071    .262    .291    .134   7.800
    46   2.650   1.340    .672    .234    .094    .268    .310    .103  -9.999
    53   2.650   1.400    .672    .171    .157    .269    .328    .115  -9.999
  2 DOGMOUTAIN      
    23   2.650   1.450    .668    .200    .132  -9.999  -9.999    .165  -9.999
    30   2.650   1.450    .681    .206    .113  -9.999  -9.999    .216  -9.999
  5 DREWS           
    52   2.650   1.600    .670    .127    .203    .323  -9.999    .200  -9.999
    75   2.650   1.750    .702    .119    .179    .284  -9.999    .210  -9.999
    94   2.650   1.480    .745    .131    .124    .243  -9.999    .166  -9.999
   128   2.650   1.430    .820    .110    .070    .220  -9.999    .154  -9.999
   161   2.650   1.340    .850    .129    .021    .196  -9.999    .139  -9.999
  1 DREWSEY         
    81   2.650   1.450    .636    .361    .003  -9.999  -9.999    .197  -9.999
  3 ERA             
    25   2.650   1.200    .580    .351    .069    .298  -9.999    .130  -9.999
    71   2.650   1.220    .565    .376    .059    .310  -9.999    .118  -9.999
    91   2.650   1.270    .660    .313    .027    .287  -9.999    .114  -9.999
  2 GOLDRUN         
    61   2.650   1.490    .971    .009    .020  -9.999  -9.999    .052  -9.999
   142   2.650   1.490    .967    .008    .025  -9.999  -9.999    .066  -9.999
  2 HARRIMAN        
    69   2.650   1.450    .725    .154    .121  -9.999  -9.999    .131  -9.999
   114   2.650   1.600    .609    .186    .205  -9.999  -9.999    .222  -9.999
  5 HELPHENSTEIN    
    18   2.650   1.450    .657    .244    .099  -9.999  -9.999    .109   9.500
    30   2.650   1.420    .385    .419    .196  -9.999  -9.999    .420   9.200
    41   2.650   1.420    .404    .391    .205  -9.999  -9.999    .223   8.400
    91   2.650   1.420    .376    .436    .188  -9.999  -9.999    .393   9.300
   127   2.650   1.320    .306    .524    .170  -9.999  -9.999    .355   8.300
  5 HENLEY          
    18   2.650   1.270    .548    .280    .172    .414  -9.999    .203   7.700
    33   2.650   1.360    .604    .233    .163    .370  -9.999    .181   8.100
    53   2.650   1.300    .499    .344    .157    .386  -9.999    .173   8.400
    71   2.650   1.250    .557    .302    .141    .375  -9.999    .200   8.300
    91   2.650   1.140    .604    .273    .123    .369  -9.999    .207   8.200
  1 HOLCOMB         
   130   2.650   1.320    .090    .697    .213    .447  -9.999    .214  -9.999
  1 IRIS            
    86   2.650   1.320    .148    .680    .172  -9.999  -9.999    .197  -9.999
  4 KIRK            
    10   2.650   1.200    .579    .280    .141    .476  -9.999    .156   6.800
    23   2.650   1.250    .655    .239    .106    .431  -9.999    .110   6.500
    38   2.650   1.360    .729    .196    .075    .320  -9.999    .090   6.500
    63   2.650   1.350    .862    .104    .034    .306  -9.999    .045   6.700
  1 LAKEVIEW        
   111   2.650   1.450    .715    .182    .103  -9.999  -9.999    .120  -9.999
  7 LAKI            
    20   2.650   1.180    .284    .466    .250    .476  -9.999    .219   7.800
    36   2.650   1.420    .293    .453    .254  -9.999  -9.999    .287   8.000
    53   2.650   1.420    .331    .487    .182  -9.999  -9.999    .287   8.000
    66   2.650    .950    .408    .421    .171    .439  -9.999    .208   8.000
    89   2.650   1.420    .357    .452    .191  -9.999  -9.999    .318   8.000
   112   2.650   1.000    .288    .476    .236    .522  -9.999    .246   8.200
   135   2.650   1.420    .309    .453    .238  -9.999  -9.999    .443   8.000
  4 LAWEN           
     8   2.650   1.490    .828    .119    .053  -9.999  -9.999    .072   6.400
    38   2.650   1.490    .838    .068    .094  -9.999  -9.999    .089  -9.999
    53   2.650   1.600    .706    .086    .208  -9.999  -9.999    .181  -9.999
    66   2.650   1.450    .728    .091    .181  -9.999  -9.999    .152  -9.999
  4 LEATHERS        
     5   2.650   1.320    .256    .607    .137  -9.999  -9.999    .165   8.200
    23   2.650   1.320    .260    .553    .187  -9.999  -9.999    .201   8.300
    33   2.650   1.420    .370    .493    .137  -9.999  -9.999    .190   8.100
    60   2.650   1.450    .651    .267    .082  -9.999  -9.999    .135   8.100
  5 LEGLER          
    23   2.650   1.420    .433    .427    .140  -9.999  -9.999    .190  -9.999
    33   2.650   1.320    .303    .571    .126  -9.999  -9.999    .170  -9.999
    48   2.650   1.420    .435    .435    .130  -9.999  -9.999    .210  -9.999
    79   2.650   1.420    .399    .466    .135  -9.999  -9.999    .220  -9.999
   124   2.650   1.420    .443    .460    .097  -9.999  -9.999    .216  -9.999
  1 LONELY          
    20   2.650   1.450    .693    .178    .129  -9.999  -9.999    .135  -9.999
  1 LONGBRANCH      
    97   2.650   1.420    .334    .473    .193  -9.999  -9.999    .151  -9.999
  1 LOSTBASIN       
    13   2.650   1.420    .474    .346    .180  -9.999  -9.999    .101  -9.999
  3 MADRAS          
    25   2.650   1.460    .399    .455    .146    .334  -9.999    .165  -9.999
    41   2.650   1.430    .336    .476    .188    .336  -9.999    .180  -9.999
    58   2.650   1.500    .255    .531    .214    .349  -9.999    .212  -9.999
  1 MAUPIN          
    64   2.650   1.320    .288    .543    .169  -9.999  -9.999    .169  -9.999
  1 MELBY           
   101   2.650   1.420    .397    .360    .243  -9.999  -9.999    .275  -9.999
  4 MESMAN          
    23   2.650   1.490    .861    .095    .044  -9.999  -9.999    .107   8.200
    51   2.650   1.600    .472    .278    .250  -9.999  -9.999    .270   7.500
    64   2.650   1.450    .727    .146    .127  -9.999  -9.999    .164   7.500
   152   2.650   1.320    .315    .540    .145  -9.999  -9.999    .301   7.700
  5 MODOC           
    18   2.650   1.620    .659    .183    .158    .271  -9.999    .160   6.100
    30   2.650   1.560    .647    .168    .185    .317  -9.999    .162   5.900
    41   2.650   1.580    .549    .192    .259    .357  -9.999    .234   6.200
    58   2.650   1.620    .551    .170    .279    .387  -9.999    .280   6.300
    81   2.650   1.440    .388    .315    .297    .452  -9.999    .360   6.200
  5 NELSCOTT        
    38   2.650   1.420    .454    .407    .139  -9.999  -9.999    .200  -9.999
    64   2.650   1.420    .469    .423    .108  -9.999  -9.999    .209  -9.999
    81   2.650   1.420    .503    .410    .087  -9.999  -9.999    .186  -9.999
    91   2.650   1.450    .540    .382    .078  -9.999  -9.999    .155  -9.999
   142   2.650   1.490    .934    .052    .014  -9.999  -9.999    .156  -9.999
  4 OUTERKIRK       
    15   2.650   1.450    .743    .178    .079  -9.999  -9.999    .129  -9.999
    43   2.650   1.450    .769    .144    .087  -9.999  -9.999    .132  -9.999
    74   2.650   1.490    .783    .188    .029  -9.999  -9.999    .128  -9.999
   152   2.650   1.490    .808    .146    .046  -9.999  -9.999    .124  -9.999
  1 PELTON          
    10   2.650   1.450    .696    .115    .189  -9.999  -9.999    .168  -9.999
  5 POE             
     8   2.650   1.660    .828    .096    .076    .186  -9.999    .098   8.200
    23   2.650   1.630    .835    .087    .078    .181  -9.999    .085   8.300
    41   2.650   1.620    .816    .097    .087    .249  -9.999    .099   8.300
    56   2.650   1.630    .808    .093    .099    .246  -9.999    .099   8.000
    76   2.650   1.540    .807    .097    .096    .237  -9.999    .103   7.800
  5 POUJADE         
    18   2.650   1.490    .787    .190    .023  -9.999  -9.999    .072   9.100
    33   2.650   1.420    .445    .252    .303  -9.999  -9.999    .375   9.600
    64   2.650   1.490    .764    .202    .034  -9.999  -9.999    .215  10.100
    76   2.650   1.490    .818    .147    .035  -9.999  -9.999    .204   9.900
   107   2.650   1.490    .771    .204    .025  -9.999  -9.999    .215   9.500
  6 POUJADE         
    10   2.650   1.450    .535    .406    .059  -9.999  -9.999    .102   6.700
    15   2.650   1.450    .503    .433    .064  -9.999  -9.999    .091  -9.999
    23   2.650   1.420    .388    .376    .236  -9.999  -9.999    .243   8.800
    33   2.650   1.420    .319    .460    .221  -9.999  -9.999    .304   9.500
    64   2.650   1.420    .495    .388    .117  -9.999  -9.999    .204   9.900
   102   2.650   1.450    .554    .295    .151  -9.999  -9.999    .196   9.900
  5 QUILLAMOOK      
    15   2.650   1.420    .452    .389    .159  -9.999  -9.999    .237  -9.999
    38   2.650   1.420    .443    .394    .163  -9.999  -9.999    .220  -9.999
    66   2.650   1.420    .430    .399    .171  -9.999  -9.999    .197  -9.999
    79   2.650   1.420    .423    .420    .157  -9.999  -9.999    .213  -9.999
   109   2.650   1.420    .442    .425    .133  -9.999  -9.999    .210  -9.999
  5 REESE           
    10   2.650   1.450    .545    .343    .112  -9.999  -9.999    .144   8.600
    25   2.650   1.420    .292    .430    .278  -9.999  -9.999    .226   9.000
    69   2.650   1.420    .242    .471    .287  -9.999  -9.999    .362   8.700
    86   2.650   1.420    .496    .388    .116  -9.999  -9.999    .392   8.200
   112   2.650   1.450    .650    .197    .153  -9.999  -9.999    .389   8.100
  4 REESE           
    10   2.650   1.450    .589    .306    .105  -9.999  -9.999    .161   8.800
    28   2.650   1.450    .631    .287    .082  -9.999  -9.999    .113   9.900
    51   2.650   1.450    .615    .314    .071  -9.999  -9.999    .125  10.000
    76   2.650   1.450    .638    .296    .066  -9.999  -9.999    .142   9.600
  2 ROGGER          
    13   2.650   1.450    .607    .350    .043  -9.999  -9.999    .238  -9.999
    30   2.650   1.450    .608    .338    .054  -9.999  -9.999    .209  -9.999
  1 SHANAHAN        
    13   2.650    .960    .818    .164    .018    .211    .239    .060  -9.999
  1 SHEFFLEIN       
    53   2.650   1.420    .501    .336    .163  -9.999  -9.999    .138  -9.999
  5 SILVERLAKE      
    20   2.650   1.420    .283    .470    .247  -9.999  -9.999    .244  -9.999
    30   2.650   1.420    .277    .434    .289  -9.999  -9.999    .278  -9.999
    46   2.650   1.420    .326    .353    .321  -9.999  -9.999    .229  -9.999
    61   2.650   1.420    .295    .310    .395  -9.999  -9.999    .270  -9.999
   107   2.650   1.390    .207    .262    .531  -9.999  -9.999    .329  -9.999
  7 STANFLOW        
     5   2.650   1.420    .479    .441    .080  -9.999  -9.999    .176   9.700
    20   2.650   1.450    .474    .460    .066  -9.999  -9.999    .132   9.100
    38   2.650   1.450    .450    .492    .058  -9.999  -9.999    .116   8.700
    53   2.650   1.320    .291    .575    .134  -9.999  -9.999    .160   8.500
    71   2.650   1.420    .426    .479    .095  -9.999  -9.999    .213   8.200
    99   2.650   1.450    .642    .280    .078  -9.999  -9.999    .231   7.900
    28   2.650   1.420    .478    .401    .121  -9.999  -9.999    .239   7.700
  2 STANFLOW        
    38   2.650   1.320    .360    .573    .067  -9.999  -9.999    .140  -9.999
    71   2.650   1.420    .449    .450    .101  -9.999  -9.999    .300  -9.999
  4 SWALESILVER     
     5   2.650   1.420    .340    .487    .173  -9.999  -9.999    .177   6.700
    23   2.650   1.420    .343    .478    .179  -9.999  -9.999    .172  -9.999
    46   2.650   1.420    .261    .386    .353  -9.999  -9.999    .283  -9.999
    58   2.650   1.390    .152    .371    .477  -9.999  -9.999    .434  -9.999
  2 TUMALO          
    46   2.650   1.450    .705    .221    .074  -9.999  -9.999    .106  -9.999
    81   2.650   1.450    .685    .234    .081  -9.999  -9.999    .109  -9.999
  2 TUMTUM          
     5   2.650   1.420    .503    .382    .115  -9.999  -9.999    .119  -9.999
    25   2.650   1.420    .388    .392    .220  -9.999  -9.999    .285  -9.999
  5 TURPIN          
    15   2.650   1.600    .497    .268    .235  -9.999  -9.999    .197   8.600
    30   2.650   1.450    .634    .196    .170  -9.999  -9.999    .141   9.100
    51   2.650   1.600    .657    .119    .224  -9.999  -9.999    .171   9.700
   102   2.650   1.390    .429    .136    .435  -9.999  -9.999    .291   9.700
   178   2.650   1.600    .710    .080    .210  -9.999  -9.999    .168   9.600
  7 UMAPINE         
    10   2.650   1.320    .306    .624    .070  -9.999  -9.999    .077  10.300
    18   2.650   1.320    .210    .690    .100  -9.999  -9.999    .116  10.300
    30   2.650   1.420    .355    .493    .152  -9.999  -9.999    .381  10.000
    48   2.650   1.320    .205    .538    .257  -9.999  -9.999    .347  10.000
    76   2.650   1.420    .437    .387    .176  -9.999  -9.999    .381   9.800
   102   2.650   1.320    .300    .625    .075  -9.999  -9.999    .268   9.700
   152   2.650   1.320    .210    .669    .121  -9.999  -9.999    .306   9.700
  2 WALDO           
   110   2.650   1.320    .029    .773    .198    .391  -9.999    .243  -9.999
   150   2.650   1.380    .033    .860    .107    .473  -9.999    .179  -9.999
  7 WALLA WALLA     
    61   2.650   1.320    .200    .730    .070  -9.999  -9.999    .107  -9.999
    76   2.650   1.320    .200    .742    .058  -9.999  -9.999    .106  -9.999
    91   2.650   1.320    .189    .758    .053  -9.999  -9.999    .104  -9.999
   102   2.650   1.320    .165    .769    .066  -9.999  -9.999    .099  -9.999
   122   2.650   1.320    .166    .773    .061  -9.999  -9.999    .095  -9.999
   137   2.650   1.320    .133    .809    .058  -9.999  -9.999    .096  -9.999
   152   2.650   1.320    .069    .902    .029  -9.999  -9.999    .100  -9.999
  3 WILDHILL        
    15   2.650   1.420    .488    .418    .094  -9.999  -9.999    .143   7.400
    48   2.650   1.420    .496    .349    .155  -9.999  -9.999    .173   8.200
    66   2.650   1.420    .514    .355    .131  -9.999  -9.999    .165   8.300
