  1 GOURDIN         
   140   2.650   1.510    .550    .085    .365  -9.999  -9.999    .228  -9.999
  1 KENANSVILLE     
   117   2.650   1.660    .812    .027    .161    .158  -9.999    .108   4.600
  1 LEON            
   122   2.650   1.660    .972    .016    .012    .124  -9.999    .035  -9.999
  3 WAHEE           
    30   2.650   1.420    .494    .340    .166  -9.999  -9.999    .094  -9.999
    76   2.650   1.390    .184    .208    .608  -9.999  -9.999    .303  -9.999
   112   2.650   1.390    .223    .216    .561  -9.999  -9.999    .277  -9.999
