  3 ABOR            
     8   2.650   1.390    .182    .393    .425  -9.999  -9.999    .256  -9.999
    25   2.650   1.380    .110    .400    .490  -9.999  -9.999    .306  -9.999
    46   2.650   1.380    .074    .441    .485  -9.999  -9.999    .335  -9.999
  3 ABOR            
    13   2.650   1.380    .074    .437    .489  -9.999  -9.999    .280  -9.999
    43   2.650   1.380    .052    .439    .509  -9.999  -9.999    .275  -9.999
    56   2.650   1.380    .051    .444    .505  -9.999  -9.999    .293  -9.999
  2 ABSHER          
    15   2.650   1.380    .189    .406    .405  -9.999  -9.999    .266   7.500
    25   2.650   1.380    .167    .427    .406  -9.999  -9.999    .243   8.200
  2 ABSTED          
    20   2.650   1.420    .262    .384    .354  -9.999  -9.999    .234   7.600
    30   2.650   1.420    .233    .404    .363  -9.999  -9.999    .233   7.700
  2 ABSTED          
    28   2.650   1.400    .116    .503    .381  -9.999  -9.999    .182   7.400
    43   2.650   1.380    .095    .504    .401  -9.999  -9.999    .177   7.800
  2 ABSTED          
    25   2.650   1.400    .169    .461    .370  -9.999  -9.999    .192   7.600
    51   2.650   1.420    .235    .401    .364  -9.999  -9.999    .187   7.900
  2 ARVADA          
    25   2.650   1.420    .288    .360    .352  -9.999  -9.999    .226   7.400
    36   2.650   1.420    .364    .378    .258  -9.999  -9.999    .166   7.400
  2 ARVADA          
    13   2.650   1.400    .152    .469    .379  -9.999  -9.999    .232   8.000
    33   2.650   1.380    .133    .451    .416  -9.999  -9.999    .272   8.200
  2 ARVADA          
    10   2.650   1.390    .126    .384    .490  -9.999  -9.999    .296   7.600
    38   2.650   1.380    .107    .449    .444  -9.999  -9.999    .275   8.100
  9 ATHEWOLD        
    18   2.650   1.400    .109    .584    .307  -9.999  -9.999    .221   6.800
    33   2.650   1.400    .089    .584    .327  -9.999  -9.999    .217   7.200
    46   2.650   1.400    .061    .585    .354  -9.999  -9.999    .227  -9.999
    61   2.650   1.400    .075    .600    .325  -9.999  -9.999    .225  -9.999
    76   2.650   1.400    .091    .624    .285  -9.999  -9.999    .172  -9.999
    97   2.650   1.320    .229    .538    .233  -9.999  -9.999    .136  -9.999
   124   2.650   1.490    .779    .156    .065  -9.999  -9.999    .061  -9.999
   165   2.650   1.420    .392    .355    .253  -9.999  -9.999    .170  -9.999
   244   2.650   1.420    .372    .391    .237  -9.999  -9.999    .158   7.900
  2 BADGER          
    25   2.650   1.400    .122    .518    .360  -9.999  -9.999    .279   6.500
    56   2.650   1.380    .051    .474    .475  -9.999  -9.999    .266  -9.999
  3 BADGER          
    13   2.650   1.320    .192    .539    .269  -9.999  -9.999    .252   6.300
    36   2.650   1.320    .239    .522    .239  -9.999  -9.999    .166   6.500
    66   2.650   1.420    .247    .420    .333  -9.999  -9.999    .213   6.800
  2 BADGER          
    56   2.650   1.400    .117    .593    .290  -9.999  -9.999    .241  -9.999
   107   2.650   1.400    .105    .598    .297  -9.999  -9.999    .228  -9.999
  2 BADGER          
    25   2.650   1.400    .110    .554    .336  -9.999  -9.999    .249  -9.999
    84   2.650   1.380    .074    .503    .423  -9.999  -9.999    .239  -9.999
  4 BARNES          
    20   2.650   1.420    .401    .379    .220  -9.999  -9.999    .155  -9.999
    53   2.650   1.420    .432    .322    .246  -9.999  -9.999    .158  -9.999
    84   2.650   1.420    .454    .356    .190  -9.999  -9.999    .129  -9.999
   152   2.650   1.420    .437    .370    .193  -9.999  -9.999    .141   8.100
  5 BEND            
    23   2.650   1.310    .208    .567    .225    .422  -9.999    .152   7.200
    36   2.650   1.280    .218    .556    .226    .330  -9.999    .133   7.600
   112   2.650   1.420    .210    .577    .213    .301  -9.999    .122   7.800
   145   2.650   1.410    .085    .734    .181    .360  -9.999    .125   7.700
   152   2.650   1.280    .167    .655    .178    .370  -9.999    .102   7.800
  5 BEND            
    10   2.650   1.420    .264    .490    .246  -9.999  -9.999    .149   6.100
    23   2.650   1.420    .249    .463    .288  -9.999  -9.999    .173  -9.999
    33   2.650   1.420    .240    .492    .268  -9.999  -9.999    .156   7.100
   117   2.650   1.420    .316    .470    .214  -9.999  -9.999    .116  -9.999
   152   2.650   1.320    .190    .621    .189  -9.999  -9.999    .129   7.800
  4 BEOTIA          
    18   2.650   1.270    .127    .613    .260    .381  -9.999    .178   7.100
    50   2.650   1.410    .042    .694    .264    .429  -9.999    .172   6.800
    81   2.650   1.360    .005    .733    .262    .423  -9.999    .151   7.900
   183   2.650   1.280    .020    .804    .176    .506  -9.999    .148   7.900
  5 BIGBEND         
     8   2.650   1.350    .277    .592    .131    .343  -9.999    .142   7.600
    46   2.650   1.310    .413    .456    .131    .220  -9.999    .102  -9.999
    81   2.650   1.250    .318    .549    .133    .235  -9.999    .112   7.800
   152   2.650   1.220    .507    .410    .083    .190  -9.999    .081   8.100
   102   2.650   1.420    .398    .485    .117  -9.999  -9.999    .112  -9.999
  5 BIGWINDER       
    13   2.650   1.420    .397    .450    .153  -9.999  -9.999    .239   6.800
    36   2.650   1.420    .471    .455    .074  -9.999  -9.999    .142   7.100
    46   2.650   1.450    .527    .340    .133  -9.999  -9.999    .260   7.300
    61   2.650   1.450    .693    .246    .061  -9.999  -9.999    .107   7.300
   152   2.650   1.450    .581    .320    .099  -9.999  -9.999    .165   7.200
  7 BLACKPIPE       
    14   2.650   1.600    .149    .527    .324    .328  -9.999    .208   5.700
    24   2.650   1.380    .123    .437    .440    .344  -9.999    .235  -9.999
    39   2.650   1.380    .119    .425    .456    .351  -9.999    .233  -9.999
    57   2.650   1.380    .121    .459    .420    .295  -9.999    .200  -9.999
    69   2.650   1.400    .157    .450    .393    .281  -9.999    .179  -9.999
   110   2.650   1.400    .180    .449    .371    .244  -9.999    .176  -9.999
   160   2.650   1.380    .104    .457    .439    .316  -9.999    .208   8.400
  4 BLACKPIPE       
    10   2.650   1.420    .219    .485    .296  -9.999  -9.999    .195   7.100
    30   2.650   1.390    .200    .389    .411  -9.999  -9.999    .243   7.100
    43   2.650   1.390    .219    .370    .411  -9.999  -9.999    .247   7.500
    64   2.650   1.420    .280    .368    .352  -9.999  -9.999    .213   7.600
  4 BLACKPIPE       
    13   2.650   1.420    .238    .422    .340  -9.999  -9.999    .220   7.400
    25   2.650   1.420    .203    .412    .385  -9.999  -9.999    .231   7.500
    38   2.650   1.420    .200    .405    .395  -9.999  -9.999    .244   7.600
    51   2.650   1.420    .304    .390    .306  -9.999  -9.999    .177   7.800
  3 BLACKPIPE       
    13   2.650   1.420    .262    .367    .371  -9.999  -9.999    .219   7.500
    28   2.650   1.390    .208    .284    .508  -9.999  -9.999    .303   7.100
    38   2.650   1.420    .218    .485    .297  -9.999  -9.999    .291   7.300
  6 BLACKPIPE       
    10   2.650   1.420    .316    .469    .215  -9.999  -9.999    .149   7.100
    28   2.650   1.420    .374    .322    .304  -9.999  -9.999    .190  -9.999
    38   2.650   1.420    .404    .307    .289  -9.999  -9.999    .170   7.500
    58   2.650   1.420    .458    .297    .245  -9.999  -9.999    .142   7.800
    76   2.650   1.420    .430    .313    .257  -9.999  -9.999    .132  -9.999
   152   2.650   1.600    .519    .269    .212  -9.999  -9.999    .123   8.300
  3 BLULA           
    97   2.650   1.490    .920    .065    .015  -9.999  -9.999    .057  -9.999
   114   2.650   1.490    .914    .071    .015  -9.999  -9.999    .063  -9.999
   203   2.650   1.490    .923    .062    .015  -9.999  -9.999    .061  -9.999
  2 BONEEK          
     6   2.650   1.320    .321    .506    .173  -9.999  -9.999  -9.999   6.200
    38   2.650   1.480    .117    .535    .348    .332  -9.999  -9.999   7.100
  7 BRANDT          
    18   2.650   1.490    .114    .602    .284    .361  -9.999    .198  -9.999
    38   2.650   1.330    .094    .615    .291    .351  -9.999    .169  -9.999
    66   2.650   1.440    .093    .637    .270    .354  -9.999    .170  -9.999
    86   2.650   1.430    .169    .621    .210    .302  -9.999    .149  -9.999
   112   2.650   1.500    .106    .677    .217    .360  -9.999    .150  -9.999
   145   2.650   1.450    .653    .237    .110  -9.999  -9.999    .064  -9.999
   183   2.650   1.490    .808    .137    .055  -9.999  -9.999    .054  -9.999
  3 BROADHURST      
     8   2.650   1.380    .037    .439    .524  -9.999  -9.999    .228   5.300
    69   2.650   1.410    .026    .423    .551    .423    .460    .285   4.300
   180   2.650   1.390    .019    .370    .611    .443    .471    .291   3.800
  6 BRYANT          
    15   2.650   1.400    .100    .616    .284  -9.999  -9.999    .178   5.600
    30   2.650   1.460    .090    .576    .334    .366  -9.999    .196   6.300
    43   2.650   1.390    .097    .561    .342    .324  -9.999    .178   6.800
    66   2.650   1.420    .057    .621    .322    .307  -9.999    .151   7.700
    94   2.650   1.400    .063    .661    .276  -9.999  -9.999    .139   8.000
   152   2.650   1.320    .027    .747    .226  -9.999  -9.999    .160   8.400
  3 BULLOCK         
    25   2.650   1.600    .541    .254    .205  -9.999  -9.999    .160  -9.999
    25   2.650   1.450    .700    .145    .155  -9.999  -9.999    .113  -9.999
    64   2.650   1.380    .102    .426    .472  -9.999  -9.999    .294  -9.999
  2 BUSE            
    15   2.650   1.420    .393    .357    .250  -9.999  -9.999    .158  -9.999
   152   2.650   1.420    .332    .392    .276  -9.999  -9.999    .170  -9.999
  2 BUSE            
    18   2.650   1.420    .406    .347    .247  -9.999  -9.999    .166  -9.999
   152   2.650   1.420    .372    .361    .267  -9.999  -9.999    .153  -9.999
  5 BUSE            
    18   2.650   1.620    .358    .293    .349    .366  -9.999    .227  -9.999
    36   2.650   1.420    .299    .320    .381    .325  -9.999    .207  -9.999
    51   2.650   1.420    .317    .291    .392    .381  -9.999    .202  -9.999
   114   2.650   1.420    .328    .294    .378    .409  -9.999    .230  -9.999
   203   2.650   1.320    .352    .558    .090    .400  -9.999    .226  -9.999
  5 CACTUS FLAT     
     5   2.650   1.380    .165    .420    .415  -9.999  -9.999    .262   7.100
    25   2.650   1.390    .126    .394    .480  -9.999  -9.999    .275   7.500
    43   2.650   1.390    .112    .389    .499  -9.999  -9.999    .310   7.800
    56   2.650   1.380    .154    .401    .445  -9.999  -9.999    .188   8.000
    81   2.650   1.420    .248    .476    .276  -9.999  -9.999    .186   7.500
  6 CACTUSFLAT      
    10   2.650   1.400    .129    .475    .396  -9.999  -9.999    .284   7.400
    28   2.650   1.380    .139    .402    .459  -9.999  -9.999    .308   7.700
    48   2.650   1.380    .132    .412    .456  -9.999  -9.999    .360   7.800
    64   2.650   1.380    .130    .440    .430  -9.999  -9.999    .286   7.800
    79   2.650   1.400    .106    .524    .370  -9.999  -9.999    .248   7.600
   152   2.650   1.420    .211    .501    .288  -9.999  -9.999    .216   8.100
  3 CARTER          
    15   2.650   1.400    .079    .529    .392  -9.999  -9.999    .252   7.000
    28   2.650   1.390    .040    .373    .587  -9.999  -9.999    .363   7.700
   152   2.650   1.390    .015    .391    .594  -9.999  -9.999    .356   7.700
  3 CARTER          
    13   2.650   1.380    .034    .426    .540  -9.999  -9.999    .316   6.800
    23   2.650   1.390    .036    .377    .587  -9.999  -9.999    .343   7.700
   152   2.650   1.390    .057    .367    .576  -9.999  -9.999    .329   7.800
  6 CEDARPASS       
    13   2.650   1.320    .154    .609    .237  -9.999  -9.999    .173   6.900
    25   2.650   1.400    .121    .587    .292  -9.999  -9.999    .214   7.100
    41   2.650   1.320    .116    .641    .243  -9.999  -9.999    .177   7.400
    84   2.650   1.320    .143    .642    .215  -9.999  -9.999    .174   7.800
   117   2.650   1.400    .010    .666    .324  -9.999  -9.999    .304   8.200
   142   2.650   1.380    .075    .513    .412  -9.999  -9.999    .322   7.900
  5 CEDARPASS       
    13   2.650   1.320    .205    .527    .268  -9.999  -9.999    .197   7.400
    28   2.650   1.400    .061    .614    .325  -9.999  -9.999    .251   7.200
    46   2.650   1.320    .285    .507    .208  -9.999  -9.999    .141   7.300
    61   2.650   1.380    .096    .501    .403  -9.999  -9.999    .299   7.400
   152   2.650   1.420    .405    .431    .164  -9.999  -9.999    .124   7.900
  7 CEDARPASS       
     8   2.650   1.180    .208    .590    .202    .350  -9.999    .165   6.300
    18   2.650   1.300    .115    .618    .267    .331  -9.999    .187   7.200
    43   2.650   1.440    .168    .628    .204    .366  -9.999    .167   7.600
    89   2.650   1.410    .277    .542    .181    .350  -9.999    .147   8.300
   114   2.650   1.300    .111    .596    .293    .494  -9.999    .239   8.300
   130   2.650   1.360    .284    .461    .255    .336  -9.999    .211   8.100
   152   2.650   1.330    .205    .574    .221    .419  -9.999    .176   8.300
  6 CEDARPASS       
    10   2.650   1.420    .368    .429    .203  -9.999  -9.999    .146   6.000
    23   2.650   1.420    .382    .306    .312  -9.999  -9.999    .196  -9.999
    53   2.650   1.420    .402    .311    .287  -9.999  -9.999    .177   7.500
    86   2.650   1.420    .459    .289    .252  -9.999  -9.999    .142  -9.999
   132   2.650   1.420    .446    .303    .251  -9.999  -9.999    .131  -9.999
   152   2.650   1.600    .541    .254    .205  -9.999  -9.999    .117   8.200
  6 CEDARPASS       
    13   2.650   1.400    .186    .529    .285  -9.999  -9.999    .225   7.500
    23   2.650   1.380    .044    .542    .414  -9.999  -9.999    .273   7.000
    33   2.650   1.420    .392    .456    .152  -9.999  -9.999    .109   7.500
    86   2.650   1.420    .456    .405    .139  -9.999  -9.999    .116   8.200
   130   2.650   1.420    .397    .418    .185  -9.999  -9.999    .151   8.300
   152   2.650   1.420    .335    .489    .176  -9.999  -9.999    .182   8.400
  4 COLVIN          
    20   2.650   1.400    .110    .618    .272  -9.999  -9.999    .204  -9.999
    51   2.650   1.400    .096    .600    .304  -9.999  -9.999    .202  -9.999
    97   2.650   1.400    .137    .559    .304  -9.999  -9.999    .209  -9.999
   137   2.650   1.320    .165    .662    .173  -9.999  -9.999    .123  -9.999
  4 CUBDEN          
    25   2.650   1.320    .219    .547    .234  -9.999  -9.999    .169  -9.999
    48   2.650   1.400    .137    .547    .316  -9.999  -9.999    .154  -9.999
    97   2.650   1.320    .327    .549    .124  -9.999  -9.999    .078  -9.999
   137   2.650   1.320    .122    .687    .191  -9.999  -9.999    .139  -9.999
  7 CUBDEN          
    25   2.650   1.400    .103    .565    .332  -9.999  -9.999    .246   7.700
    36   2.650   1.400    .080    .581    .339  -9.999  -9.999    .211   7.700
    56   2.650   1.400    .136    .589    .275  -9.999  -9.999    .164   7.800
    71   2.650   1.320    .133    .612    .255  -9.999  -9.999    .143   7.800
   102   2.650   1.320    .243    .521    .236  -9.999  -9.999    .160   7.600
   127   2.650   1.320    .093    .723    .184  -9.999  -9.999    .166   7.600
   152   2.650   1.420    .351    .378    .271  -9.999  -9.999    .214   7.600
  5 CUBDEN          
    23   2.650   1.400    .082    .571    .347  -9.999  -9.999    .263   7.600
    56   2.650   1.490    .130    .597    .273    .326  -9.999    .189   8.100
   102   2.650   1.570    .105    .639    .256    .396  -9.999    .246   8.200
   127   2.650   1.420    .250    .358    .392    .366  -9.999    .263   8.000
   152   2.650   1.420    .279    .386    .335    .365  -9.999    .237   7.900
 10 DAVIS           
    20   2.650   1.430    .416    .349    .235    .299  -9.999    .172  -9.999
    30   2.650   1.530    .365    .382    .253    .337  -9.999    .210  -9.999
    53   2.650   1.530    .404    .380    .216    .260  -9.999    .193  -9.999
    81   2.650   1.610    .591    .248    .161    .208  -9.999    .126  -9.999
    99   2.650   1.670    .683    .185    .132    .164  -9.999    .097  -9.999
   122   2.650   1.630    .363    .405    .232    .293  -9.999    .176  -9.999
   155   2.650   1.670    .436    .366    .198    .299  -9.999    .157  -9.999
   175   2.650   1.420    .453    .383    .164  -9.999  -9.999    .114  -9.999
   211   2.650   1.320    .239    .529    .232  -9.999  -9.999    .145  -9.999
   274   2.650   1.450    .711    .194    .095  -9.999  -9.999    .072  -9.999
  5 DELRIDGE        
     8   2.650   1.420    .417    .318    .265  -9.999  -9.999    .196   7.200
    23   2.650   1.420    .390    .338    .272  -9.999  -9.999    .179   7.600
    36   2.650   1.420    .360    .366    .274  -9.999  -9.999    .158   7.700
    61   2.650   1.420    .378    .358    .264  -9.999  -9.999    .145   7.900
   152   2.650   1.400    .181    .476    .343  -9.999  -9.999    .210   8.200
  3 DEMAR           
     5   2.650   1.420    .415    .430    .155  -9.999  -9.999    .101   6.500
    36   2.650   1.400    .032    .574    .394  -9.999  -9.999    .213   5.000
   170   2.650   1.380    .011    .458    .531    .339    .351    .224   3.500
  5 DENBY           
     8   2.650   1.380    .046    .480    .474  -9.999  -9.999    .310   7.500
    15   2.650   1.380    .037    .454    .509  -9.999  -9.999    .326   7.400
    56   2.650   1.380    .004    .473    .523  -9.999  -9.999    .346   7.700
    66   2.650   1.420    .381    .309    .310  -9.999  -9.999    .258   7.800
   152   2.650   1.400    .141    .571    .288  -9.999  -9.999    .223   8.100
  5 DENBY           
    10   2.650   1.390    .023    .333    .644  -9.999  -9.999    .424   7.500
    38   2.650   1.390    .002    .335    .663  -9.999  -9.999    .381   7.600
    64   2.650   1.390    .027    .381    .592  -9.999  -9.999    .359   7.600
    99   2.650   1.400    .145    .523    .332  -9.999  -9.999    .238   8.000
   152   2.650   1.420    .320    .455    .225  -9.999  -9.999    .155   8.300
  6 DOLAND          
    18   2.650   1.400    .140    .559    .301  -9.999  -9.999    .217   6.600
    41   2.650   1.400    .069    .610    .321  -9.999  -9.999    .224   7.300
    61   2.650   1.320    .234    .553    .213  -9.999  -9.999    .165   7.900
    74   2.650   1.450    .585    .302    .113  -9.999  -9.999    .087  -9.999
   104   2.650   1.420    .400    .364    .236  -9.999  -9.999    .156  -9.999
   244   2.650   1.420    .418    .342    .240  -9.999  -9.999    .177   8.100
  3 DUDLEY          
     5   2.650   1.720    .371    .380    .249    .304    .334    .179   8.000
    13   2.650   1.270    .299    .488    .213    .497    .514    .160   5.700
    46   2.650   1.380    .118    .445    .437    .378    .410    .288   7.600
  2 EAKIN           
    71   2.650   1.400    .117    .588    .295  -9.999  -9.999    .204  -9.999
    89   2.650   1.320    .185    .565    .250  -9.999  -9.999    .165  -9.999
  8 EAPA            
    15   2.650   1.420    .498    .327    .175    .273  -9.999    .149   6.500
    25   2.650   1.440    .471    .275    .254    .282  -9.999    .167  -9.999
    36   2.650   1.400    .552    .241    .207    .220  -9.999    .160  -9.999
    51   2.650   1.260    .553    .273    .174    .273  -9.999    .132  -9.999
    76   2.650   1.300    .365    .404    .231    .342  -9.999    .190   7.800
   102   2.650   1.240    .146    .476    .378    .528  -9.999    .252   8.000
   127   2.650   1.180    .089    .580    .331    .437  -9.999    .244   8.200
   152   2.650   1.170    .034    .651    .315    .413  -9.999    .238   8.200
  3 ECKMAN          
    28   2.650   1.450    .688    .216    .096  -9.999  -9.999    .087  -9.999
    71   2.650   1.450    .619    .286    .095  -9.999  -9.999    .090  -9.999
   102   2.650   1.450    .665    .235    .100  -9.999  -9.999    .084  -9.999
  4 EDWIN           
    23   2.650   1.320    .166    .592    .242    .380  -9.999    .150   7.500
    69   2.650   1.290    .086    .705    .209    .320  -9.999    .137   7.900
    94   2.650   1.290    .108    .772    .120    .459  -9.999    .128   7.900
   152   2.650   1.380    .174    .678    .148    .422  -9.999    .145   8.000
  4 EDWIN           
    18   2.650   1.420    .359    .413    .228  -9.999  -9.999    .141   6.900
    61   2.650   1.420    .264    .472    .264  -9.999  -9.999    .139   7.800
    86   2.650   1.420    .324    .478    .198  -9.999  -9.999    .136   8.100
   152   2.650   1.420    .370    .450    .180  -9.999  -9.999    .125   8.600
  4 EMIGRANT        
    10   2.650   1.600    .510    .268    .222  -9.999  -9.999    .189   6.400
    23   2.650   1.600    .574    .136    .290  -9.999  -9.999    .194   7.300
    56   2.650   1.420    .272    .328    .400  -9.999  -9.999    .283   7.100
    86   2.650   1.420    .249    .356    .395  -9.999  -9.999    .290   7.400
  4 EMIGRANT        
    10   2.650   1.420    .434    .326    .240  -9.999  -9.999    .182   6.500
    28   2.650   1.420    .401    .275    .324  -9.999  -9.999    .217   6.900
    43   2.650   1.420    .353    .358    .289  -9.999  -9.999    .200   7.200
    79   2.650   1.420    .314    .431    .255  -9.999  -9.999    .163   7.700
  4 EVRIDGE         
    46   2.650   1.490    .804    .143    .053  -9.999  -9.999    .064   6.800
    58   2.650   1.490    .851    .104    .045  -9.999  -9.999    .051   7.500
    71   2.650   1.490    .819    .100    .081  -9.999  -9.999    .128   7.800
   104   2.650   1.450    .793    .102    .105  -9.999  -9.999    .307   8.900
  4 FAIRBURN        
    10   2.650   1.420    .265    .385    .350  -9.999  -9.999    .243   7.400
    25   2.650   1.420    .245    .393    .362  -9.999  -9.999    .248   7.400
    38   2.650   1.420    .346    .339    .315  -9.999  -9.999    .210   7.400
   152   2.650   1.420    .411    .364    .225  -9.999  -9.999    .166   7.600
  4 FAIRDALE        
    25   2.650   1.450    .689    .207    .104  -9.999  -9.999    .125  -9.999
    51   2.650   1.450    .761    .159    .080  -9.999  -9.999    .088  -9.999
   109   2.650   1.490    .836    .106    .058  -9.999  -9.999    .076  -9.999
   152   2.650   1.490    .929    .043    .028  -9.999  -9.999    .036  -9.999
  6 FERNEY          
    13   2.650   1.420    .286    .477    .237  -9.999  -9.999    .213   6.400
    25   2.650   1.390    .261    .336    .403  -9.999  -9.999    .320   7.600
    64   2.650   1.390    .256    .337    .407  -9.999  -9.999    .252   7.900
    99   2.650   1.420    .268    .350    .382  -9.999  -9.999    .248   8.100
   127   2.650   1.420    .319    .348    .333  -9.999  -9.999    .254   8.000
   152   2.650   1.420    .302    .359    .339  -9.999  -9.999    .251   8.000
  2 GERDRUM         
    18   2.650   1.420    .268    .343    .389  -9.999  -9.999    .346   6.900
    28   2.650   1.420    .221    .414    .365  -9.999  -9.999    .335   7.500
  2 GERDRUM         
    20   2.650   1.420    .321    .369    .310  -9.999  -9.999    .226   7.200
    38   2.650   1.420    .281    .389    .330  -9.999  -9.999    .250   7.800
  2 GERDRUM         
    18   2.650   1.390    .203    .350    .447  -9.999  -9.999    .381   5.900
    25   2.650   1.390    .183    .371    .446  -9.999  -9.999    .360   7.000
  7 GOLDSMITH       
    18   2.650   1.400    .151    .538    .311  -9.999  -9.999    .232   6.400
    41   2.650   1.400    .092    .565    .343  -9.999  -9.999    .253   7.100
    61   2.650   1.400    .071    .601    .328  -9.999  -9.999    .231   7.400
    76   2.650   1.320    .104    .692    .204  -9.999  -9.999    .168   7.800
   102   2.650   1.420    .493    .348    .159  -9.999  -9.999    .104   8.000
   168   2.650   1.490    .896    .068    .036  -9.999  -9.999    .037  -9.999
   244   2.650   1.420    .450    .302    .248  -9.999  -9.999    .151   8.000
  2 GREAT BEND      
    20   2.650   1.260    .093    .659    .248    .451  -9.999    .164   7.000
   175   2.650   1.260    .008    .762    .230    .514  -9.999    .157   8.000
  7 GROVENA         
    20   2.650   1.610    .306    .462    .232    .327  -9.999    .171  -9.999
    36   2.650   1.530    .363    .420    .217    .323  -9.999    .151  -9.999
    51   2.650   1.640    .664    .216    .120    .136  -9.999    .093  -9.999
    71   2.650   1.450    .300    .485    .215    .332  -9.999    .136  -9.999
    89   2.650   1.420    .120    .649    .231    .332  -9.999    .155  -9.999
   107   2.650   1.460    .167    .663    .170    .293  -9.999    .117  -9.999
   157   2.650   1.470    .445    .444    .111    .185  -9.999    .079  -9.999
  3 HAMERLY         
    25   2.650   1.420    .344    .406    .250  -9.999  -9.999    .192  -9.999
    51   2.650   1.420    .327    .384    .289  -9.999  -9.999    .158  -9.999
   152   2.650   1.420    .366    .381    .253  -9.999  -9.999    .193  -9.999
  3 HARMONY         
    20   2.650   1.370    .136    .601    .263    .466  -9.999    .195   6.500
    71   2.650   1.380    .058    .518    .424    .371  -9.999    .218   6.600
   155   2.650   1.380    .495    .402    .103    .400  -9.999    .099   7.600
  9 HARMONY         
    18   2.650   1.330    .034    .669    .297    .372  -9.999    .231   5.500
    28   2.650   1.420    .024    .631    .345    .398  -9.999    .257  -9.999
    41   2.650   1.650    .017    .611    .372    .358  -9.999    .300  -9.999
    64   2.650   1.530    .010    .638    .352    .303  -9.999    .265  -9.999
    86   2.650   1.390    .005    .603    .392    .350  -9.999    .243   7.700
   142   2.650   1.440    .008    .604    .388    .366  -9.999    .284   8.200
   203   2.650   1.420    .040    .871    .089    .379  -9.999    .138   8.600
   254   2.650   1.320    .066    .877    .057  -9.999  -9.999    .100   8.600
   300   2.650   1.320    .019    .854    .127  -9.999  -9.999    .174   7.800
  2 HARMONY         
    28   2.650   1.230    .035    .645    .320    .383  -9.999    .204  -9.999
    51   2.650   1.400    .016    .593    .391    .406  -9.999    .260  -9.999
  7 HEIMDAL         
    18   2.650   1.400    .165    .541    .294  -9.999  -9.999    .227   6.900
    43   2.650   1.400    .136    .565    .299  -9.999  -9.999    .209   7.600
    61   2.650   1.320    .281    .510    .209  -9.999  -9.999    .133   8.100
    89   2.650   1.450    .537    .346    .117  -9.999  -9.999    .088   8.100
   102   2.650   1.450    .693    .222    .085  -9.999  -9.999    .068   8.100
   135   2.650   1.420    .466    .323    .211  -9.999  -9.999    .124   8.100
   244   2.650   1.420    .312    .427    .261  -9.999  -9.999    .182   8.000
  7 HENKIN          
    20   2.650   1.580    .449    .386    .165    .289  -9.999    .177  -9.999
    46   2.650   1.470    .311    .486    .203    .270  -9.999    .141  -9.999
    84   2.650   1.590    .491    .337    .172    .207  -9.999    .121  -9.999
    97   2.650   1.690    .729    .187    .084    .120  -9.999    .073  -9.999
   140   2.650   1.490    .794    .152    .054  -9.999  -9.999    .048  -9.999
   183   2.650   1.490    .792    .159    .049  -9.999  -9.999    .043  -9.999
   218   2.650   1.450    .556    .340    .104  -9.999  -9.999    .084  -9.999
  2 HETLAND         
    81   2.650   1.380    .031    .525    .444  -9.999  -9.999    .293  -9.999
   100   2.650   1.400    .035    .581    .384  -9.999  -9.999    .239  -9.999
  6 HETLAND         
    23   2.650   1.400    .079    .581    .340    .409  -9.999    .234   6.700
    51   2.650   1.400    .035    .583    .382    .399  -9.999    .225  -9.999
    74   2.650   1.490    .050    .604    .346    .417  -9.999    .216  -9.999
    94   2.650   1.550    .039    .544    .417    .397  -9.999    .240   7.900
   132   2.650   1.520    .056    .571    .373    .420  -9.999    .230   7.800
   152   2.650   1.470    .114    .610    .276    .419  -9.999    .203   7.700
  6 HIGHMORE        
    15   2.650   1.320    .110    .625    .265  -9.999  -9.999    .191  -9.999
    28   2.650   1.400    .082    .615    .303  -9.999  -9.999    .200  -9.999
    41   2.650   1.400    .079    .620    .301  -9.999  -9.999    .213  -9.999
    58   2.650   1.400    .082    .642    .276  -9.999  -9.999    .154  -9.999
   109   2.650   1.400    .100    .576    .324  -9.999  -9.999    .164  -9.999
   152   2.650   1.420    .376    .357    .267  -9.999  -9.999    .182  -9.999
  5 HOLMQUIST       
    20   2.650   1.420    .331    .442    .227  -9.999  -9.999    .273   7.500
    43   2.650   1.420    .421    .384    .195  -9.999  -9.999    .163   7.800
    66   2.650   1.270    .650    .226    .124    .375  -9.999    .066   7.800
   117   2.650   1.330    .503    .338    .159    .446  -9.999    .141   7.500
   152   2.650   1.450    .735    .163    .102  -9.999  -9.999    .106   7.400
  4 HOMME           
    20   2.650   1.400    .086    .592    .322  -9.999  -9.999    .216  -9.999
    43   2.650   1.400    .065    .593    .342  -9.999  -9.999    .218  -9.999
    64   2.650   1.400    .066    .633    .301  -9.999  -9.999    .197  -9.999
   114   2.650   1.320    .147    .631    .222  -9.999  -9.999    .156  -9.999
  3 HOMME           
    61   2.650   1.400    .084    .586    .330  -9.999  -9.999    .214  -9.999
    76   2.650   1.420    .253    .394    .353  -9.999  -9.999    .230  -9.999
    97   2.650   1.420    .278    .340    .382  -9.999  -9.999    .243  -9.999
  6 HUFFTON         
    18   2.650   1.270    .107    .704    .189    .373  -9.999    .147   7.800
    33   2.650   1.300    .016    .772    .212    .339  -9.999    .123   8.100
    48   2.650   1.300    .040    .677    .283    .339  -9.999    .153   7.600
    76   2.650   1.300    .022    .862    .116    .339  -9.999    .138   8.100
   109   2.650   1.220    .021    .869    .110    .364  -9.999    .112   7.900
   152   2.650   1.220    .150    .777    .073    .364  -9.999    .088   7.800
  6 HUFFTON         
    18   2.650   1.400    .060    .655    .285  -9.999  -9.999    .242   7.500
    28   2.650   1.400    .063    .648    .289  -9.999  -9.999    .235   7.400
    41   2.650   1.320    .147    .747    .106  -9.999  -9.999    .186   8.100
    76   2.650   1.320    .186    .718    .096  -9.999  -9.999    .197   8.100
   122   2.650   1.320    .065    .792    .143  -9.999  -9.999    .169   7.800
   152   2.650   1.320    .084    .748    .168  -9.999  -9.999    .169   7.800
  4 INTERIOR        
     5   2.650   1.320    .210    .555    .235  -9.999  -9.999    .164   7.900
    20   2.650   1.420    .304    .491    .205  -9.999  -9.999    .159   8.000
    84   2.650   1.420    .318    .485    .197  -9.999  -9.999    .158   8.000
   117   2.650   1.380    .056    .436    .508  -9.999  -9.999    .337   7.900
  4 INTERIOR        
    13   2.650   1.380    .008    .420    .572  -9.999  -9.999    .368   7.600
    33   2.650   1.400    .182    .503    .315  -9.999  -9.999    .235   7.700
    64   2.650   1.420    .341    .478    .181  -9.999  -9.999    .175   8.000
    97   2.650   1.400    .174    .525    .301  -9.999  -9.999    .214   8.400
  6 INTERIOR        
     5   2.650   1.420    .335    .380    .285  -9.999  -9.999    .243   7.900
    10   2.650   1.400    .104    .576    .320  -9.999  -9.999    .256   7.300
    23   2.650   1.400    .122    .597    .281  -9.999  -9.999    .206   7.500
    46   2.650   1.400    .062    .619    .319  -9.999  -9.999    .244   7.600
    81   2.650   1.320    .155    .622    .223  -9.999  -9.999    .172   8.100
   152   2.650   1.420    .431    .398    .171  -9.999  -9.999    .141   8.200
  2 INTERIOR        
     5   2.650   1.400    .064    .643    .293  -9.999  -9.999  -9.999   8.000
   100   2.650   1.320    .184    .557    .259  -9.999  -9.999    .197   8.200
  8 KOTO            
    20   2.650   1.230    .491    .349    .160    .278  -9.999    .108  -9.999
    28   2.650   1.680    .641    .261    .098    .141  -9.999    .076  -9.999
    46   2.650   1.880    .621    .179    .200    .227  -9.999    .173  -9.999
    69   2.650   1.890    .617    .182    .201    .229  -9.999    .163  -9.999
    81   2.650   1.420    .380    .354    .266  -9.999  -9.999    .149  -9.999
   107   2.650   1.450    .601    .293    .106    .220  -9.999    .062  -9.999
   140   2.650   1.420    .454    .375    .171    .250  -9.999    .098  -9.999
   152   2.650   1.420    .448    .393    .159    .250  -9.999    .108  -9.999
  5 KRANZBURG       
    18   2.650   1.320    .207    .558    .235  -9.999  -9.999    .157  -9.999
    30   2.650   1.320    .141    .622    .237  -9.999  -9.999    .148  -9.999
    51   2.650   1.320    .132    .683    .185  -9.999  -9.999    .132  -9.999
    94   2.650   1.320    .160    .659    .181  -9.999  -9.999    .114  -9.999
   152   2.650   1.420    .368    .379    .253  -9.999  -9.999    .172  -9.999
  7 KRANZBURG       
    18   2.650   1.400    .134    .555    .311  -9.999  -9.999    .214   6.400
    36   2.650   1.400    .068    .570    .362  -9.999  -9.999    .228   6.800
    58   2.650   1.400    .077    .572    .351  -9.999  -9.999    .218   7.200
    76   2.650   1.320    .221    .529    .250  -9.999  -9.999    .145  -9.999
    89   2.650   1.420    .463    .321    .216  -9.999  -9.999    .122  -9.999
   127   2.650   1.420    .385    .350    .265  -9.999  -9.999    .159   7.900
   244   2.650   1.420    .406    .342    .252  -9.999  -9.999    .159   8.000
  3 LAKOA           
    46   2.650   1.420    .295    .321    .384  -9.999  -9.999    .169   6.200
    56   2.650   1.420    .373    .287    .340  -9.999  -9.999    .146   7.300
    71   2.650   1.400    .199    .411    .390  -9.999  -9.999    .167   7.600
  5 LAKOA           
    30   2.650   1.390    .301    .280    .419  -9.999  -9.999    .197   7.100
    38   2.650   1.390    .343    .242    .415  -9.999  -9.999    .182   7.800
    46   2.650   1.420    .326    .286    .388  -9.999  -9.999    .172   8.000
    61   2.650   1.420    .266    .370    .364  -9.999  -9.999    .160   8.000
    81   2.650   1.420    .205    .409    .386  -9.999  -9.999    .177   8.300
  3 LAKOMA          
     5   2.650   1.390    .022    .323    .655  -9.999  -9.999    .361   6.800
    25   2.650   1.390    .013    .320    .667  -9.999  -9.999    .321   7.000
    74   2.650   1.390    .024    .346    .630  -9.999  -9.999    .307   7.400
  6 LOWE            
    20   2.650   1.420    .347    .391    .262  -9.999  -9.999    .183   7.800
    38   2.650   1.420    .273    .446    .281  -9.999  -9.999    .176   8.100
    71   2.650   1.420    .260    .483    .257  -9.999  -9.999    .136   8.100
   107   2.650   1.450    .655    .190    .155  -9.999  -9.999    .088   7.900
   142   2.650   1.490    .822    .105    .073  -9.999  -9.999    .045   8.100
   152   2.650   1.420    .432    .385    .183  -9.999  -9.999    .112  -9.999
  4 LOWE            
    18   2.650   1.320    .178    .561    .261  -9.999  -9.999    .276  -9.999
    38   2.650   1.320    .234    .515    .251  -9.999  -9.999    .276  -9.999
    69   2.650   1.420    .272    .455    .273  -9.999  -9.999    .224  -9.999
   102   2.650   1.450    .528    .276    .196  -9.999  -9.999    .145  -9.999
  4 LOWE            
    23   2.650   1.400    .098    .570    .332  -9.999  -9.999    .416  -9.999
    43   2.650   1.320    .197    .551    .252  -9.999  -9.999    .348  -9.999
    89   2.650   1.420    .202    .445    .353  -9.999  -9.999    .253  -9.999
   145   2.650   1.420    .407    .466    .127  -9.999  -9.999    .115  -9.999
  5 MARIAVILLE      
    15   2.650   1.420    .301    .376    .323  -9.999  -9.999    .233  -9.999
    25   2.650   1.420    .313    .382    .305  -9.999  -9.999    .243  -9.999
    46   2.650   1.400    .194    .522    .284  -9.999  -9.999    .258  -9.999
    81   2.650   1.320    .161    .641    .198  -9.999  -9.999    .218  -9.999
   152   2.650   1.320    .131    .659    .210  -9.999  -9.999    .246  -9.999
  3 MATHIAS         
    28   2.650   1.450    .737    .189    .074  -9.999  -9.999    .058  -9.999
    41   2.650   1.450    .652    .195    .153  -9.999  -9.999    .099  -9.999
    74   2.650   1.450    .694    .154    .152  -9.999  -9.999    .100  -9.999
  3 MAUVAIS         
    10   2.650   1.420    .418    .306    .276  -9.999  -9.999    .270   7.000
    46   2.650   1.420    .291    .345    .364    .318  -9.999    .195   7.400
   152   2.650   1.420    .291    .338    .371    .315  -9.999    .195   7.400
  7 METRE           
     7   2.650   1.230    .229    .379    .392    .497  -9.999    .231   6.500
    14   2.650   1.420    .231    .372    .397    .388  -9.999    .261  -9.999
    36   2.650   1.390    .191    .275    .534    .431  -9.999    .291  -9.999
    50   2.650   1.390    .195    .262    .543    .403  -9.999    .307   7.400
    69   2.650   1.390    .147    .299    .554    .388  -9.999    .296   7.600
   107   2.650   1.380    .098    .409    .493    .381  -9.999    .272   7.500
   150   2.650   1.380    .000    .560    .440    .322  -9.999    .253   7.500
  5 MINNEWASTA      
    10   2.650   1.490    .801    .113    .086  -9.999  -9.999    .161  -9.999
    23   2.650   1.490    .959    .021    .020  -9.999  -9.999    .024  -9.999
    41   2.650   1.490    .906    .054    .040  -9.999  -9.999    .025  -9.999
    56   2.650   1.600    .533    .256    .211    .229  -9.999    .117  -9.999
   152   2.650   1.420    .352    .321    .327    .270  -9.999    .149   7.900
  5 MOBRIDGE        
    46   2.650   1.400    .051    .613    .336  -9.999  -9.999    .238  -9.999
    89   2.650   1.400    .050    .605    .345  -9.999  -9.999    .232  -9.999
   102   2.650   1.400    .035    .615    .350  -9.999  -9.999    .218  -9.999
   122   2.650   1.400    .048    .611    .341  -9.999  -9.999    .207  -9.999
   152   2.650   1.400    .055    .637    .308  -9.999  -9.999    .185  -9.999
  6 MOODY           
    25   2.650   1.490    .036    .639    .325    .408  -9.999    .226  -9.999
    43   2.650   1.370    .032    .650    .318    .395  -9.999    .189  -9.999
    74   2.650   1.420    .028    .640    .332    .375  -9.999    .195  -9.999
    89   2.650   1.420    .022    .652    .326    .399  -9.999    .189  -9.999
   122   2.650   1.370    .065    .712    .223    .329  -9.999    .145  -9.999
   152   2.650   1.420    .076    .716    .208    .325  -9.999    .143  -9.999
  6 MORITZ          
    23   2.650   1.320    .224    .506    .270  -9.999  -9.999    .218   8.000
    33   2.650   1.420    .204    .515    .281  -9.999  -9.999    .250   8.000
    46   2.650   1.400    .179    .514    .307  -9.999  -9.999    .210   8.300
    86   2.650   1.320    .194    .586    .220  -9.999  -9.999    .140   8.400
   122   2.650   1.320    .186    .614    .200  -9.999  -9.999    .139   8.300
   152   2.650   1.420    .348    .492    .160  -9.999  -9.999    .131   8.200
  2 NEVEE           
    10   2.650   1.450    .479    .403    .118    .348    .360    .077   7.200
    71   2.650   1.430    .375    .542    .083    .229    .340    .061   8.100
  8 NORTHVILLE      
    13   2.650   1.490    .126    .538    .336    .413  -9.999    .203   6.000
    20   2.650   1.400    .131    .518    .351  -9.999  -9.999    .195  -9.999
    33   2.650   1.790    .106    .447    .447    .322  -9.999    .304  -9.999
    56   2.650   1.760    .095    .479    .426    .331  -9.999    .306  -9.999
   107   2.650   1.590    .072    .587    .341    .197  -9.999    .229  -9.999
   147   2.650   1.580    .075    .493    .432    .242  -9.999    .325   7.500
   175   2.650   1.580    .119    .406    .475    .308  -9.999    .365   7.700
   203   2.650   1.730    .348    .382    .270    .161  -9.999    .227   7.900
  8 NORTHVILLE      
    18   2.650   1.540    .307    .440    .253    .142  -9.999    .217  -9.999
    28   2.650   1.600    .468    .255    .277    .194  -9.999    .206  -9.999
    38   2.650   1.400    .184    .475    .341    .365  -9.999    .232  -9.999
    56   2.650   1.590    .172    .481    .347    .391  -9.999    .278  -9.999
    86   2.650   1.460    .122    .560    .318    .327  -9.999    .222   7.800
   109   2.650   1.520    .239    .476    .285    .268  -9.999    .217   7.700
   130   2.650   1.570    .178    .484    .338    .279  -9.999    .259   7.900
   203   2.650   1.440    .262    .493    .245    .372  -9.999    .180   8.000
  1 NUNN            
   173   2.650   1.600    .488    .165    .347    .352    .370    .178  -9.999
  5 OKATON          
     8   2.650   1.340    .025    .381    .594    .474  -9.999    .320   7.300
    18   2.650   1.390    .017    .392    .591    .424  -9.999    .311   7.100
    30   2.650   1.390    .009    .392    .599    .434  -9.999    .311  -9.999
    43   2.650   1.390    .013    .393    .594  -9.999  -9.999    .322   7.300
   152   2.650   1.400    .132    .556    .312  -9.999  -9.999    .284   7.300
  7 OTTUMWA         
     5   2.650   1.400    .099    .503    .398  -9.999  -9.999    .314   6.400
    15   2.650   1.380    .071    .463    .466  -9.999  -9.999    .310   6.700
    38   2.650   1.380    .066    .472    .462  -9.999  -9.999    .283   7.300
    66   2.650   1.380    .083    .470    .447  -9.999  -9.999    .305   7.700
    99   2.650   1.380    .128    .460    .412  -9.999  -9.999    .275   7.900
   130   2.650   1.400    .165    .467    .368  -9.999  -9.999    .242   7.600
   152   2.650   1.400    .072    .555    .373  -9.999  -9.999    .283   7.700
  6 OTTUMWA         
     3   2.650   1.380    .167    .416    .417  -9.999  -9.999    .266   6.600
    13   2.650   1.390    .127    .362    .511  -9.999  -9.999    .317  -9.999
    25   2.650   1.390    .119    .346    .535  -9.999  -9.999    .341   7.400
    43   2.650   1.390    .116    .363    .521  -9.999  -9.999    .341   7.600
    64   2.650   1.390    .112    .368    .520  -9.999  -9.999    .363   7.800
    84   2.650   1.390    .122    .360    .518  -9.999  -9.999    .322   7.900
  6 OWANKA          
    13   2.650   1.380    .156    .401    .443  -9.999  -9.999    .236   7.100
    30   2.650   1.390    .175    .398    .427  -9.999  -9.999    .243   7.600
    48   2.650   1.420    .202    .430    .368  -9.999  -9.999    .212   7.800
    74   2.650   1.380    .099    .436    .465  -9.999  -9.999    .233   7.700
   119   2.650   1.380    .085    .442    .473  -9.999  -9.999    .248   7.800
   152   2.650   1.380    .102    .450    .448  -9.999  -9.999    .229   7.700
  2 PARCHIN         
    35   2.650   1.600    .577    .204    .219  -9.999  -9.999    .205   8.000
    86   2.650   1.450    .749    .149    .102  -9.999  -9.999    .100   8.100
  2 PARCHIN         
    41   2.650   1.450    .685    .141    .174  -9.999  -9.999    .168   7.600
    91   2.650   1.450    .528    .272    .200  -9.999  -9.999    .258   8.300
  3 PARSHALL        
    20   2.650   1.450    .741    .177    .082  -9.999  -9.999    .091  -9.999
    51   2.650   1.450    .757    .157    .086  -9.999  -9.999    .077  -9.999
   152   2.650   1.450    .774    .149    .077  -9.999  -9.999    .078  -9.999
  3 PEJI            
    18   2.650   1.490    .915    .052    .033  -9.999  -9.999    .043  -9.999
    91   2.650   1.490    .968    .019    .013  -9.999  -9.999    .033  -9.999
   127   2.650   1.490    .817    .075    .108  -9.999  -9.999    .177  -9.999
  3 PIERRE          
    10   2.650   1.390    .072    .390    .538  -9.999  -9.999    .281  -9.999
    30   2.650   1.390    .036    .396    .568  -9.999  -9.999    .291  -9.999
    53   2.650   1.380    .030    .410    .560  -9.999  -9.999    .290  -9.999
  5 PIERRE          
    10   2.650   1.390    .047    .385    .568  -9.999  -9.999    .310  -9.999
    43   2.650   1.390    .044    .378    .578  -9.999  -9.999    .279  -9.999
    66   2.650   1.390    .022    .395    .583  -9.999  -9.999    .299  -9.999
    76   2.650   1.380    .111    .429    .460  -9.999  -9.999    .304  -9.999
   152   2.650   1.380    .029    .438    .533  -9.999  -9.999    .313  -9.999
  7 PIERRE          
     4   2.650   1.380    .114    .402    .484  -9.999  -9.999    .304   6.600
    11   2.650   1.390    .071    .355    .574    .466  -9.999    .328   7.000
    28   2.650   1.390    .067    .356    .577    .439  -9.999    .309   7.400
    56   2.650   1.390    .055    .371    .574    .416  -9.999    .320   7.600
    74   2.650   1.390    .032    .399    .569    .435  -9.999    .335   7.600
    98   2.650   1.380    .019    .439    .542    .443  -9.999    .333   7.400
   130   2.650   1.380    .033    .406    .561    .446  -9.999    .429   7.300
  7 PIERRE          
     6   2.650   1.450    .131    .373    .496    .363  -9.999    .280   6.700
    15   2.650   1.390    .109    .383    .508    .395  -9.999    .263   7.000
    41   2.650   1.390    .075    .392    .533    .393  -9.999    .270   7.300
    62   2.650   1.380    .080    .407    .513    .407  -9.999    .282   7.500
    86   2.650   1.380    .070    .422    .508    .374  -9.999    .284   7.600
   108   2.650   1.380    .022    .457    .521    .377  -9.999    .294   7.500
   150   2.650   1.380    .019    .435    .546  -9.999  -9.999    .302   7.100
  3 PIERRE          
    13   2.650   1.380    .123    .427    .450  -9.999  -9.999    .261   7.100
    44   2.650   1.390    .116    .387    .497    .423  -9.999    .286   7.200
    67   2.650   1.390    .146    .397    .457    .404  -9.999    .275  -9.999
  4 PIERRE          
     5   2.650   1.400    .415    .331    .254    .295  -9.999    .162  -9.999
    12   2.650   1.530    .342    .271    .387    .372  -9.999    .236  -9.999
    38   2.650   1.390    .275    .264    .461    .389  -9.999    .242  -9.999
    59   2.650   1.390    .163    .335    .502    .354  -9.999    .249  -9.999
  3 PLANKINTON      
    20   2.650   1.380    .050    .467    .483  -9.999  -9.999    .265   5.700
    56   2.650   1.380    .058    .470    .472  -9.999  -9.999    .276   6.100
   112   2.650   1.380    .096    .493    .411  -9.999  -9.999    .230   7.700
  2 PLANKINTON      
    56   2.650   1.380    .079    .516    .405  -9.999  -9.999    .241   6.500
   109   2.650   1.400    .078    .597    .325  -9.999  -9.999    .182   8.000
  7 POINSETT        
    23   2.650   1.320    .177    .593    .230    .367  -9.999    .176   5.900
    38   2.650   1.430    .130    .634    .236    .373  -9.999    .179   6.400
    48   2.650   1.500    .119    .650    .231    .373  -9.999    .175  -9.999
    66   2.650   1.490    .181    .631    .188    .338  -9.999    .161   7.400
    89   2.650   1.500    .172    .562    .266    .326  -9.999    .163  -9.999
    97   2.650   1.600    .435    .361    .204    .214  -9.999    .139  -9.999
   152   2.650   1.400    .038    .583    .379    .412  -9.999    .207   7.800
  8 POINSETT        
    18   2.650   1.400    .088    .595    .317  -9.999  -9.999    .253   6.600
    33   2.650   1.400    .075    .574    .351  -9.999  -9.999    .244  -9.999
    58   2.650   1.400    .020    .615    .365  -9.999  -9.999    .248  -9.999
    86   2.650   1.400    .053    .655    .292  -9.999  -9.999    .182  -9.999
   112   2.650   1.320    .099    .647    .254  -9.999  -9.999    .144  -9.999
   122   2.650   1.450    .590    .285    .125  -9.999  -9.999    .110  -9.999
   159   2.650   1.420    .386    .333    .281  -9.999  -9.999    .160  -9.999
   244   2.650   1.420    .376    .359    .265  -9.999  -9.999    .169   8.000
  6 PUTNEY          
    20   2.650   1.280    .109    .655    .236    .360  -9.999    .187   7.600
    38   2.650   1.280    .059    .658    .283    .383  -9.999    .197   7.600
    51   2.650   1.290    .018    .585    .397    .319  -9.999    .148   8.000
    64   2.650   1.290    .187    .686    .127    .302  -9.999    .182   8.200
   102   2.650   1.210    .031    .847    .122    .454  -9.999    .142   8.000
   152   2.650   1.210    .070    .804    .126    .454  -9.999    .129   7.900
  7 PUTNEY          
    20   2.650   1.320    .115    .656    .229  -9.999  -9.999    .186   7.300
    38   2.650   1.320    .053    .677    .270  -9.999  -9.999    .242   7.400
    58   2.650   1.320    .053    .689    .258  -9.999  -9.999    .197   8.200
    74   2.650   1.320    .142    .737    .121  -9.999  -9.999    .197   8.100
    99   2.650   1.320    .117    .806    .077  -9.999  -9.999    .194   7.900
   127   2.650   1.320    .164    .710    .126  -9.999  -9.999    .207   7.900
   152   2.650   1.320    .062    .763    .175  -9.999  -9.999    .242   8.000
  5 RAWSON          
    13   2.650   1.420    .257    .413    .330  -9.999  -9.999    .209   7.600
    28   2.650   1.390    .190    .332    .478  -9.999  -9.999    .313   7.400
    43   2.650   1.390    .230    .367    .403  -9.999  -9.999    .275   7.200
    74   2.650   1.420    .308    .424    .268  -9.999  -9.999    .247   7.500
   152   2.650   1.420    .358    .482    .160  -9.999  -9.999    .180   7.700
  3 REVA            
     8   2.650   1.450    .697    .181    .122  -9.999  -9.999    .139  -9.999
    20   2.650   1.450    .651    .201    .148  -9.999  -9.999    .170  -9.999
    41   2.650   1.450    .632    .244    .124  -9.999  -9.999    .181  -9.999
  3 RUSKLYN         
    23   2.650   1.320    .325    .503    .172  -9.999  -9.999    .125  -9.999
    56   2.650   1.320    .127    .688    .185  -9.999  -9.999    .112  -9.999
   117   2.650   1.320    .160    .683    .157  -9.999  -9.999    .108  -9.999
  6 RUSKLYN         
    23   2.650   1.420    .216    .492    .292  -9.999  -9.999    .202  -9.999
    48   2.650   1.400    .073    .539    .388    .393  -9.999    .179  -9.999
    71   2.650   1.410    .101    .568    .331    .407  -9.999    .172  -9.999
   135   2.650   1.400    .171    .512    .317    .413  -9.999    .190  -9.999
   152   2.650   1.420    .365    .386    .249    .355  -9.999    .153  -9.999
   102   2.650   1.400    .168    .511    .321  -9.999  -9.999    .174  -9.999
  4 RUSKLYN         
    25   2.650   1.450    .287    .521    .192    .303  -9.999    .142   7.700
    41   2.650   1.420    .184    .613    .203    .342  -9.999    .126  -9.999
    76   2.650   1.450    .453    .389    .158    .336  -9.999    .102  -9.999
   152   2.650   1.440    .183    .655    .162    .359  -9.999    .135  -9.999
  1 SAVO            
    39   2.650   1.380    .067    .490    .443  -9.999  -9.999    .240  -9.999
  6 SINGSAAS        
    23   2.650   1.440    .190    .508    .302    .420  -9.999    .215   6.400
    33   2.650   1.440    .105    .594    .301    .373  -9.999    .215   6.700
    48   2.650   1.540    .125    .605    .270    .326  -9.999    .202   6.800
    81   2.650   1.690    .363    .369    .268    .287  -9.999    .167   7.800
   104   2.650   1.720    .402    .362    .236    .315  -9.999    .170   7.900
   152   2.650   1.760    .391    .380    .229    .310  -9.999    .176   7.900
  9 SINGSAAS        
    18   2.650   1.400    .134    .573    .293  -9.999  -9.999    .256   6.200
    33   2.650   1.400    .103    .562    .335  -9.999  -9.999    .280  -9.999
    61   2.650   1.400    .081    .608    .311  -9.999  -9.999    .241   7.500
    84   2.650   1.320    .270    .554    .176  -9.999  -9.999    .141  -9.999
    97   2.650   1.420    .500    .361    .139  -9.999  -9.999    .095  -9.999
   107   2.650   1.450    .694    .225    .081  -9.999  -9.999    .067  -9.999
   114   2.650   1.420    .384    .445    .171  -9.999  -9.999    .124   8.000
   152   2.650   1.420    .406    .325    .269  -9.999  -9.999    .186   8.000
   244   2.650   1.420    .364    .367    .269  -9.999  -9.999    .189   8.000
  6 SLIMBUTTE       
    15   2.650   1.450    .617    .233    .150  -9.999  -9.999    .168  -9.999
    30   2.650   1.450    .622    .223    .155  -9.999  -9.999    .168  -9.999
    41   2.650   1.450    .598    .231    .171  -9.999  -9.999    .187  -9.999
    64   2.650   1.450    .600    .289    .111  -9.999  -9.999    .209  -9.999
   109   2.650   1.450    .597    .294    .109  -9.999  -9.999    .197  -9.999
   127   2.650   1.450    .612    .333    .055  -9.999  -9.999    .122  -9.999
  6 SPLITROCK       
    28   2.650   1.470    .088    .612    .300    .419  -9.999    .253   5.500
    61   2.650   1.490    .080    .618    .302    .401  -9.999    .232  -9.999
    76   2.650   1.580    .296    .454    .250    .387  -9.999    .177  -9.999
   142   2.650   1.420    .331    .348    .321    .278  -9.999    .179  -9.999
   182   2.650   1.420    .420    .320    .260  -9.999  -9.999    .148  -9.999
   203   2.650   1.420    .296    .326    .378  -9.999  -9.999    .212  -9.999
  7 SPLITROCK       
    23   2.650   1.410    .069    .624    .307    .415  -9.999    .206   5.500
    46   2.650   1.440    .029    .671    .300    .426  -9.999    .200  -9.999
    81   2.650   1.450    .089    .613    .298    .393  -9.999    .184  -9.999
    91   2.650   1.450    .539    .262    .199  -9.999  -9.999    .109  -9.999
   114   2.650   1.420    .371    .309    .320    .250  -9.999    .166  -9.999
   175   2.650   1.420    .344    .346    .310    .251  -9.999    .165  -9.999
   203   2.650   1.420    .356    .354    .290    .254  -9.999    .169  -9.999
  6 SPLITROCK       
    23   2.650   1.320    .082    .625    .293    .345  -9.999    .174   5.200
    48   2.650   1.410    .037    .621    .342    .400  -9.999    .200  -9.999
    86   2.650   1.460    .078    .618    .304    .358  -9.999    .191  -9.999
   130   2.650   1.420    .408    .271    .321    .274  -9.999    .165   5.500
   168   2.650   1.420    .288    .361    .351    .264  -9.999    .195  -9.999
   203   2.650   1.420    .328    .305    .367    .294  -9.999    .199  -9.999
  7 SPLITROCK       
    25   2.650   1.450    .117    .564    .319    .423  -9.999    .210   5.300
    48   2.650   1.420    .090    .605    .305    .388  -9.999    .185  -9.999
    75   2.650   1.400    .169    .569    .262    .329  -9.999    .154  -9.999
    90   2.650   1.740    .510    .280    .210    .204  -9.999    .131   7.500
   123   2.650   1.420    .342    .310    .348    .257  -9.999    .170   7.700
   162   2.650   1.420    .322    .312    .366    .273  -9.999    .192   7.900
   203   2.650   1.420    .324    .320    .356  -9.999  -9.999    .202   7.800
  6 TREY            
    25   2.650   1.590    .910    .024    .066    .114  -9.999    .073  -9.999
    48   2.650   1.490    .916    .022    .062  -9.999  -9.999    .067  -9.999
    76   2.650   1.550    .919    .032    .049    .102  -9.999    .067  -9.999
    97   2.650   1.580    .785    .094    .121    .194  -9.999    .130  -9.999
   119   2.650   1.450    .759    .094    .147  -9.999  -9.999    .161  -9.999
   152   2.650   1.340    .663    .133    .204    .484  -9.999    .232  -9.999
  2 VALE            
    51   2.650   1.420    .221    .487    .292    .338    .358    .176  -9.999
   124   2.650   1.600    .364    .438    .198    .366    .395    .136   7.800
 10 VENAGRO         
    15   2.650   1.320    .195    .540    .265  -9.999  -9.999    .185   6.800
    30   2.650   1.400    .170    .528    .302  -9.999  -9.999    .211  -9.999
    53   2.650   1.400    .107    .594    .299  -9.999  -9.999    .207   7.700
    66   2.650   1.420    .326    .473    .201  -9.999  -9.999    .135  -9.999
    91   2.650   1.450    .581    .293    .126  -9.999  -9.999    .090  -9.999
   102   2.650   1.450    .699    .216    .085  -9.999  -9.999    .074  -9.999
   122   2.650   1.420    .454    .416    .130  -9.999  -9.999    .101   8.100
   122   2.650   1.450    .753    .166    .081  -9.999  -9.999    .061  -9.999
   147   2.650   1.420    .429    .331    .240  -9.999  -9.999    .145   8.000
   244   2.650   1.420    .446    .305    .249  -9.999  -9.999    .160   7.900
  9 VENAGRO         
    15   2.650   1.400    .180    .529    .291  -9.999  -9.999    .227  -9.999
    33   2.650   1.400    .112    .550    .338  -9.999  -9.999    .267  -9.999
    48   2.650   1.400    .125    .554    .321  -9.999  -9.999    .224  -9.999
    66   2.650   1.420    .317    .466    .217  -9.999  -9.999    .149  -9.999
    84   2.650   1.450    .637    .254    .109  -9.999  -9.999    .083  -9.999
   102   2.650   1.420    .449    .409    .142  -9.999  -9.999    .108  -9.999
   102   2.650   1.450    .642    .253    .105  -9.999  -9.999    .078  -9.999
   163   2.650   1.420    .415    .311    .274  -9.999  -9.999    .176  -9.999
   244   2.650   1.420    .365    .382    .253  -9.999  -9.999    .163  -9.999
  8 VENAGRO         
    18   2.650   1.400    .171    .527    .302  -9.999  -9.999    .235   6.400
    33   2.650   1.400    .138    .526    .336  -9.999  -9.999    .232  -9.999
    51   2.650   1.400    .101    .546    .353  -9.999  -9.999    .322   7.500
    66   2.650   1.400    .136    .584    .280  -9.999  -9.999    .231   7.800
    84   2.650   1.420    .391    .418    .191  -9.999  -9.999    .151   7.900
   104   2.650   1.450    .664    .235    .101  -9.999  -9.999    .078   8.100
   152   2.650   1.420    .408    .339    .253  -9.999  -9.999    .169   8.000
   244   2.650   1.420    .411    .332    .257  -9.999  -9.999    .155   7.900
 10 WAUBAY          
    18   2.650   1.400    .087    .604    .309  -9.999  -9.999    .231  -9.999
    36   2.650   1.400    .068    .618    .314  -9.999  -9.999    .224  -9.999
    53   2.650   1.400    .053    .611    .336  -9.999  -9.999    .232  -9.999
    66   2.650   1.400    .059    .594    .347  -9.999  -9.999    .244   7.200
    84   2.650   1.400    .085    .603    .312  -9.999  -9.999    .232   7.500
    99   2.650   1.400    .111    .606    .283  -9.999  -9.999    .174  -9.999
   130   2.650   1.420    .457    .368    .175  -9.999  -9.999    .106  -9.999
   147   2.650   1.490    .852    .067    .081  -9.999  -9.999    .045  -9.999
   183   2.650   1.400    .049    .586    .365  -9.999  -9.999    .232  -9.999
   244   2.650   1.420    .428    .320    .252  -9.999  -9.999    .135  -9.999
  9 WAUBAY          
    18   2.650   1.400    .087    .579    .334  -9.999  -9.999    .225   6.400
    33   2.650   1.400    .086    .574    .340  -9.999  -9.999    .244   6.900
    53   2.650   1.400    .063    .574    .363  -9.999  -9.999    .290  -9.999
    66   2.650   1.450    .587    .243    .170  -9.999  -9.999    .106  -9.999
    91   2.650   1.400    .055    .642    .303  -9.999  -9.999    .175  -9.999
   114   2.650   1.320    .205    .562    .233  -9.999  -9.999    .140  -9.999
   142   2.650   1.450    .746    .169    .085  -9.999  -9.999    .064  -9.999
   165   2.650   1.450    .677    .210    .113  -9.999  -9.999    .072  -9.999
   244   2.650   1.420    .408    .331    .261  -9.999  -9.999    .170  -9.999
 10 WAUBAY          
    18   2.650   1.400    .137    .560    .303  -9.999  -9.999    .216  -9.999
    33   2.650   1.400    .129    .536    .335  -9.999  -9.999    .223  -9.999
    53   2.650   1.400    .113    .539    .348  -9.999  -9.999    .253  -9.999
    66   2.650   1.400    .102    .569    .329  -9.999  -9.999    .223   7.300
    84   2.650   1.420    .414    .394    .192  -9.999  -9.999    .151  -9.999
   107   2.650   1.600    .464    .271    .265  -9.999  -9.999    .174  -9.999
   117   2.650   1.490    .838    .085    .077  -9.999  -9.999    .055  -9.999
   142   2.650   1.420    .251    .452    .297  -9.999  -9.999    .149  -9.999
   173   2.650   1.600    .495    .276    .229  -9.999  -9.999    .152  -9.999
   244   2.650   1.420    .416    .323    .261  -9.999  -9.999    .162   7.800
 10 WAUBAY          
    18   2.650   1.400    .162    .530    .308  -9.999  -9.999    .234  -9.999
    30   2.650   1.400    .113    .565    .322  -9.999  -9.999    .238   6.900
    41   2.650   1.400    .062    .588    .350  -9.999  -9.999    .242   7.600
    58   2.650   1.400    .091    .549    .360  -9.999  -9.999    .283   7.300
    91   2.650   1.400    .164    .548    .288  -9.999  -9.999    .223   8.000
   112   2.650   1.420    .355    .449    .196  -9.999  -9.999    .124   8.100
   124   2.650   1.450    .564    .277    .159  -9.999  -9.999    .104   8.100
   140   2.650   1.420    .383    .462    .155  -9.999  -9.999    .114   8.100
   140   2.650   1.450    .673    .214    .113  -9.999  -9.999    .086   8.100
   168   2.650   1.420    .342    .373    .285  -9.999  -9.999    .162   8.000
 10 WAUBAY          
    10   2.650   1.400    .082    .587    .331  -9.999  -9.999    .246  -9.999
    20   2.650   1.400    .055    .609    .336  -9.999  -9.999    .239   6.500
    33   2.650   1.400    .079    .633    .288  -9.999  -9.999    .232  -9.999
    46   2.650   1.400    .071    .572    .357  -9.999  -9.999    .346  -9.999
    61   2.650   1.400    .088    .589    .323  -9.999  -9.999    .245   7.400
    81   2.650   1.320    .056    .687    .257  -9.999  -9.999    .150   7.900
    97   2.650   1.420    .305    .484    .211  -9.999  -9.999    .133   8.000
   102   2.650   1.450    .683    .236    .081  -9.999  -9.999    .071  -9.999
   119   2.650   1.420    .352    .477    .171  -9.999  -9.999    .118   8.100
   130   2.650   1.450    .636    .230    .134  -9.999  -9.999    .088  -9.999
  4 WHITEWATER      
     8   2.650   1.380    .081    .424    .495  -9.999  -9.999    .339   7.500
    36   2.650   1.380    .016    .449    .535  -9.999  -9.999    .422   7.700
    53   2.650   1.390    .049    .378    .573  -9.999  -9.999    .378   7.700
    81   2.650   1.390    .038    .375    .587  -9.999  -9.999    .431   7.500
  6 WINSHIP         
    18   2.650   1.360    .122    .620    .258    .405  -9.999    .193   7.800
    56   2.650   1.360    .162    .591    .247    .405  -9.999    .234   7.800
    84   2.650   1.490    .164    .570    .266    .387  -9.999    .222  -9.999
   102   2.650   1.580    .166    .539    .295    .390  -9.999    .267  -9.999
   122   2.650   1.580    .107    .628    .265    .390  -9.999    .235  -9.999
   152   2.650   1.390    .137    .726    .137    .388  -9.999    .133  -9.999
  6 WINSHIP         
    18   2.650   1.320    .132    .602    .266  -9.999  -9.999    .215   6.700
    58   2.650   1.320    .139    .601    .260  -9.999  -9.999    .202  -9.999
    86   2.650   1.400    .093    .600    .307  -9.999  -9.999    .231  -9.999
   132   2.650   1.320    .148    .586    .266  -9.999  -9.999    .214  -9.999
   145   2.650   1.320    .128    .653    .219  -9.999  -9.999    .156  -9.999
   152   2.650   1.320    .046    .766    .188  -9.999  -9.999    .152   7.500
  7 WYNDMERE        
    20   2.650   1.640    .493    .337    .170    .323  -9.999    .159   7.800
    30   2.650   1.440    .469    .319    .212    .276  -9.999    .144  -9.999
    48   2.650   1.580    .516    .285    .199    .183  -9.999    .125  -9.999
    74   2.650   1.580    .643    .235    .122    .117  -9.999    .085  -9.999
    97   2.650   1.570    .685    .220    .095    .129  -9.999    .072  -9.999
   122   2.650   1.540    .484    .364    .152    .262  -9.999    .103  -9.999
   165   2.650   1.490    .851    .097    .052  -9.999  -9.999    .031  -9.999
  5 YOCKEY          
    10   2.650   1.450    .530    .305    .165  -9.999  -9.999    .189   6.700
    30   2.650   1.420    .203    .475    .322  -9.999  -9.999    .318   6.600
    61   2.650   1.450    .728    .204    .068  -9.999  -9.999    .106   8.000
    99   2.650   1.450    .529    .391    .080  -9.999  -9.999    .148   7.500
   152   2.650   1.450    .594    .333    .073  -9.999  -9.999    .123  -9.999
  5 ZELL            
    18   2.650   1.410    .069    .701    .230    .395  -9.999    .166   7.800
    43   2.650   1.270    .016    .763    .221    .345  -9.999    .122   7.900
    79   2.650   1.300    .027    .781    .192    .386  -9.999    .136  -9.999
   125   2.650   1.320    .025    .861    .114    .422  -9.999    .133   8.500
   203   2.650   1.300    .020    .832    .148    .502  -9.999    .149   8.500
  5 ZELL            
    18   2.650   1.450    .056    .722    .222    .386  -9.999    .191   7.800
    23   2.650   1.250    .010    .784    .206    .389  -9.999    .146   7.800
    69   2.650   1.230    .010    .806    .184    .412  -9.999    .138  -9.999
   145   2.650   1.320    .008    .845    .147    .442  -9.999    .150  -9.999
   203   2.650   1.270    .014    .773    .213    .493  -9.999    .175   8.500
  5 ZELL            
    20   2.650   1.520    .627    .246    .127    .187  -9.999    .114  -9.999
    43   2.650   1.390    .607    .266    .127    .163  -9.999    .090  -9.999
    81   2.650   1.350    .667    .238    .095    .154  -9.999    .072  -9.999
   142   2.650   1.350    .681    .229    .090    .157  -9.999    .072  -9.999
   203   2.650   1.450    .650    .271    .079  -9.999  -9.999    .068  -9.999
