  1 ABILENE         
    56   2.650   1.420    .308    .349    .343  -9.999  -9.999    .236  -9.999
  8 ACUFF           
    15   2.650   1.450    .607    .212    .181  -9.999  -9.999    .102   7.400
    33   2.650   1.640    .604    .207    .189    .249  -9.999    .126  -9.999
    61   2.650   1.680    .474    .219    .307    .365  -9.999    .203  -9.999
    86   2.650   1.650    .446    .253    .301    .320  -9.999    .198  -9.999
   119   2.650   1.660    .517    .211    .272    .297  -9.999    .184   7.700
   152   2.650   1.420    .434    .297    .269  -9.999  -9.999    .115   7.800
   198   2.650   1.420    .407    .321    .272  -9.999  -9.999    .109   7.700
   267   2.650   1.420    .383    .368    .249    .283  -9.999    .125   7.700
  8 ACUFF           
    13   2.650   1.280    .452    .324    .224    .211  -9.999    .114   7.600
    36   2.650   1.670    .573    .185    .242    .274  -9.999    .160  -9.999
    65   2.650   1.700    .536    .195    .269    .289  -9.999    .178  -9.999
   111   2.650   1.620    .626    .168    .206    .222  -9.999    .133  -9.999
   135   2.650   1.580    .554    .208    .238    .221  -9.999    .119  -9.999
   154   2.650   1.450    .561    .240    .199    .144  -9.999    .091   8.200
   225   2.650   1.510    .311    .355    .334    .331  -9.999    .104   8.300
   280   2.650   1.600    .479    .253    .268  -9.999  -9.999    .150  -9.999
  8 ACUFF           
     3   2.650    .990    .265    .527    .208    .255  -9.999    .105  -9.999
    15   2.650   1.450    .366    .391    .243    .278  -9.999    .148  -9.999
    38   2.650   1.420    .333    .339    .328    .334  -9.999    .195  -9.999
    68   2.650   1.420    .303    .374    .323    .317  -9.999    .189   7.500
    92   2.650   1.560    .371    .378    .251    .342  -9.999    .173  -9.999
   113   2.650   1.550    .452    .302    .246    .355  -9.999    .167  -9.999
   145   2.650   1.650    .212    .417    .371    .342  -9.999    .193   7.900
   161   2.650   1.680    .195    .469    .336    .353  -9.999    .180   7.900
  6 AGUILARES       
     8   2.650   1.600    .534    .230    .236  -9.999  -9.999    .174   7.500
    23   2.650   1.500    .528    .207    .265    .292  -9.999    .177   7.600
    51   2.650   1.520    .439    .237    .324    .360  -9.999    .222   7.500
    94   2.650   1.390    .319    .254    .427  -9.999  -9.999    .236   7.600
   109   2.650   1.390    .312    .268    .420  -9.999  -9.999    .200   7.900
   152   2.650   1.420    .364    .274    .362  -9.999  -9.999    .159   7.800
  3 AGUILARIS       
    15   2.650   1.600    .669    .127    .204  -9.999  -9.999    .133  -9.999
    46   2.650   1.600    .574    .161    .265  -9.999  -9.999    .238  -9.999
    86   2.650   1.600    .540    .169    .291  -9.999  -9.999    .250  -9.999
  3 AGUILARIS       
    20   2.650   1.600    .495    .243    .262  -9.999  -9.999    .192  -9.999
    33   2.650   1.420    .420    .259    .321  -9.999  -9.999    .190  -9.999
    58   2.650   1.420    .360    .290    .350  -9.999  -9.999    .195  -9.999
  7 ALGOA           
    28   2.650   1.420    .364    .488    .148  -9.999  -9.999    .121  -9.999
    33   2.650   1.420    .331    .461    .208  -9.999  -9.999    .145  -9.999
    48   2.650   1.420    .323    .418    .259  -9.999  -9.999    .143  -9.999
    70   2.650   1.420    .298    .433    .269  -9.999  -9.999    .131  -9.999
    97   2.650   1.420    .294    .455    .251  -9.999  -9.999    .114  -9.999
   127   2.650   1.420    .308    .490    .202  -9.999  -9.999    .122  -9.999
   165   2.650   1.420    .301    .450    .249  -9.999  -9.999    .168  -9.999
  8 AMARILLO        
    15   2.650   1.700    .664    .160    .176    .275  -9.999    .080   7.300
    36   2.650   1.660    .620    .196    .184    .276  -9.999    .123  -9.999
    57   2.650   1.580    .480    .217    .303    .349  -9.999    .190  -9.999
    81   2.650   1.600    .478    .229    .293    .293  -9.999    .189  -9.999
   109   2.650   1.620    .527    .214    .259    .279  -9.999    .167  -9.999
   130   2.650   1.590    .620    .167    .213    .243  -9.999    .145  -9.999
   165   2.650   1.680    .567    .197    .236    .200  -9.999    .118  -9.999
   203   2.650   1.600    .618    .175    .207  -9.999  -9.999    .112  -9.999
 10 AMARILLO        
     7   2.650   1.560    .538    .261    .201    .306  -9.999    .136   7.100
    23   2.650   1.560    .752    .123    .125    .181  -9.999    .084  -9.999
    41   2.650   1.480    .662    .138    .200    .237  -9.999    .129  -9.999
    61   2.650   1.530    .591    .179    .230    .239  -9.999    .147  -9.999
    79   2.650   1.550    .605    .176    .219    .250  -9.999    .147  -9.999
   115   2.650   1.590    .628    .186    .186    .219  -9.999    .127  -9.999
   165   2.650   1.630    .496    .256    .248    .264  -9.999    .112  -9.999
   200   2.650   1.420    .296    .424    .280  -9.999  -9.999    .128   7.700
   225   2.650   1.420    .292    .417    .291  -9.999  -9.999    .152   7.900
   250   2.650   1.450    .634    .199    .167  -9.999  -9.999    .097   7.800
  4 AMARILLO        
    12   2.650   1.600    .648    .149    .203  -9.999  -9.999    .130   7.600
    26   2.650   1.610    .647    .145    .208    .283  -9.999    .132  -9.999
    36   2.650   1.610    .596    .164    .240    .285  -9.999    .172  -9.999
    55   2.650   1.600    .582    .172    .246  -9.999  -9.999    .173   7.500
  4 AMARILLO        
    15   2.650   1.450    .762    .118    .120  -9.999  -9.999    .074  -9.999
    30   2.650   1.450    .716    .128    .156  -9.999  -9.999    .097  -9.999
    56   2.650   1.700    .570    .177    .253    .202    .267    .184  -9.999
    76   2.650   1.600    .528    .192    .280  -9.999  -9.999    .195  -9.999
  3 AMARILLO        
    28   2.650   1.680    .803    .094    .103    .208    .291    .066  -9.999
    51   2.650   1.580    .653    .165    .182    .272    .341    .114  -9.999
    15   2.650   1.720    .777    .114    .109    .206    .227    .079  -9.999
  6 ANGELO          
     8   2.650   1.400    .149    .527    .324  -9.999  -9.999    .288  -9.999
    23   2.650   1.380    .125    .437    .438  -9.999  -9.999    .295  -9.999
    46   2.650   1.390    .143    .388    .469  -9.999  -9.999    .257  -9.999
    81   2.650   1.390    .143    .399    .458  -9.999  -9.999    .249  -9.999
   127   2.650   1.400    .133    .512    .355  -9.999  -9.999    .171  -9.999
   203   2.650   1.400    .171    .492    .337  -9.999  -9.999    .168  -9.999
  5 ANGELO          
    13   2.650   1.420    .267    .338    .395  -9.999  -9.999    .217  -9.999
    30   2.650   1.420    .271    .334    .395  -9.999  -9.999    .239  -9.999
    69   2.650   1.390    .212    .360    .428  -9.999  -9.999    .246  -9.999
   152   2.650   1.400    .149    .487    .364  -9.999  -9.999    .185  -9.999
   203   2.650   1.380    .106    .450    .444  -9.999  -9.999    .226  -9.999
  2 ARENOSA         
    51   2.650   1.490    .960    .024    .016  -9.999  -9.999    .006  -9.999
   102   2.650   1.490    .959    .013    .028  -9.999  -9.999    .004  -9.999
  6 ARVANA          
    15   2.650   1.660    .720    .170    .110    .116  -9.999    .068  -9.999
    25   2.650   1.620    .763    .125    .112    .118  -9.999    .066  -9.999
    35   2.650   1.620    .715    .130    .155    .136  -9.999    .096  -9.999
    55   2.650   1.600    .634    .159    .207  -9.999  -9.999    .133  -9.999
    70   2.650   1.450    .749    .120    .131  -9.999  -9.999    .107   7.800
    90   2.650   1.670    .841    .116    .043    .232  -9.999    .078  -9.999
  1 ATTOYAC         
    94   2.650   1.790    .491    .250    .259    .265  -9.999    .172   5.300
  4 BASTROP         
   102   2.650   1.420    .326    .284    .390    .338  -9.999    .214  -9.999
   226   2.650   1.720    .412    .395    .193    .294  -9.999    .132  -9.999
   257   2.650   1.420    .427    .378    .195  -9.999  -9.999    .101  -9.999
   300   2.650   1.810    .412    .434    .154    .257  -9.999    .109  -9.999
  1 BLANKET         
    76   2.650   1.420    .229    .399    .372    .365    .393    .278  -9.999
  6 BLUEGROVE       
    40   2.650   1.390    .245    .229    .526    .311  -9.999    .240  -9.999
    54   2.650   1.390    .241    .219    .540    .345  -9.999    .250  -9.999
    61   2.650   1.420    .447    .194    .359  -9.999  -9.999    .189  -9.999
    68   2.650   1.390    .195    .247    .558  -9.999  -9.999    .278  -9.999
   112   2.650   1.420    .372    .305    .323  -9.999  -9.999    .141  -9.999
   142   2.650   1.380    .187    .401    .412  -9.999  -9.999    .168  -9.999
  2 BLUEGROVE       
    21   2.650   1.420    .303    .327    .370  -9.999  -9.999    .185  -9.999
    40   2.650   1.390    .225    .238    .537  -9.999  -9.999    .256  -9.999
  6 BLUEGROVE       
    10   2.650   1.430    .744    .191    .065    .139  -9.999    .043  -9.999
    24   2.650   1.700    .552    .191    .257    .277  -9.999    .156  -9.999
    42   2.650   1.660    .409    .177    .414    .362  -9.999    .241  -9.999
    61   2.650   1.390    .372    .185    .443    .324  -9.999    .213  -9.999
    86   2.650   1.420    .423    .218    .359    .275  -9.999    .175  -9.999
   101   2.650   1.450    .649    .164    .187  -9.999  -9.999    .100  -9.999
  6 BONTI           
    10   2.650   1.770    .630    .267    .103    .154  -9.999    .080  -9.999
    20   2.650   1.610    .611    .234    .155    .175  -9.999    .097  -9.999
    36   2.650   1.700    .533    .202    .265    .252  -9.999    .168  -9.999
    46   2.650   1.720    .536    .156    .308    .296  -9.999    .201  -9.999
    68   2.650   1.780    .574    .137    .289    .281  -9.999    .192  -9.999
   115   2.650   1.950    .839    .060    .101    .101  -9.999    .074  -9.999
  7 BOOKOUT         
     3   2.650   1.420    .293    .404    .303  -9.999  -9.999    .195  -9.999
    36   2.650   1.420    .281    .393    .326  -9.999  -9.999    .202  -9.999
    61   2.650   1.420    .240    .421    .339  -9.999  -9.999    .200  -9.999
    89   2.650   1.390    .205    .346    .449  -9.999  -9.999    .202  -9.999
   127   2.650   1.390    .161    .382    .457  -9.999  -9.999    .181  -9.999
   163   2.650   1.380    .092    .455    .453  -9.999  -9.999    .174  -9.999
   203   2.650   1.380    .114    .433    .453  -9.999  -9.999    .175  -9.999
  7 BOOKOUT         
    15   2.650   1.410    .322    .408    .270    .317  -9.999    .152  -9.999
    30   2.650   1.520    .301    .407    .292    .345  -9.999    .185  -9.999
    45   2.650   1.330    .277    .401    .322    .329  -9.999    .168  -9.999
    60   2.650   1.420    .256    .404    .340    .378  -9.999    .185  -9.999
    75   2.650   1.390    .247    .409    .344    .373  -9.999    .186  -9.999
    90   2.650   1.450    .246    .415    .339    .373  -9.999    .175  -9.999
   120   2.650   1.510    .272    .415    .313    .361  -9.999    .169  -9.999
  7 BOSQUE          
    15   2.650   1.400    .085    .619    .296    .347  -9.999    .182  -9.999
    51   2.650   1.570    .038    .637    .325    .402  -9.999    .234  -9.999
    86   2.650   1.580    .051    .630    .319    .373  -9.999    .221  -9.999
   127   2.650   1.580    .058    .628    .314    .368  -9.999    .216  -9.999
   183   2.650   1.400    .076    .602    .322    .284  -9.999    .193  -9.999
   239   2.650   1.400    .026    .578    .396    .325  -9.999    .220  -9.999
   300   2.650   1.400    .023    .581    .396    .337  -9.999    .269  -9.999
  5 BRACKETT        
    20   2.650   1.740    .389    .402    .209    .285  -9.999    .164   7.200
    52   2.650   1.420    .216    .486    .298    .314  -9.999    .158  -9.999
    66   2.650   1.680    .238    .557    .205    .306  -9.999    .129  -9.999
   118   2.650   1.320    .225    .540    .235    .183  -9.999    .125  -9.999
   152   2.650   1.320    .178    .556    .266    .383  -9.999    .174  -9.999
  7 BRENNAN         
    15   2.650   1.450    .783    .116    .101  -9.999  -9.999    .070  -9.999
    35   2.650   1.630    .770    .112    .118    .192    .178    .091   6.900
    55   2.650   1.640    .756    .107    .137    .190  -9.999    .112  -9.999
    85   2.650   1.600    .738    .132    .130    .189  -9.999    .110   7.800
   140   2.650   1.610    .665    .160    .175    .225  -9.999    .126   7.800
   188   2.650   1.620    .659    .169    .172    .249  -9.999    .120   7.800
   215   2.650   1.610    .573    .227    .200    .272  -9.999    .135   7.600
  6 BROOME          
    20   2.650   1.420    .276    .499    .225  -9.999  -9.999    .152  -9.999
    38   2.650   1.400    .145    .476    .379  -9.999  -9.999    .190  -9.999
    61   2.650   1.400    .137    .490    .373  -9.999  -9.999    .175  -9.999
   107   2.650   1.400    .131    .539    .330  -9.999  -9.999    .164  -9.999
   152   2.650   1.400    .101    .577    .322  -9.999  -9.999    .171  -9.999
   203   2.650   1.380    .051    .534    .415  -9.999  -9.999    .210  -9.999
  6 BROOME          
    13   2.650   1.320    .288    .508    .204  -9.999  -9.999    .129  -9.999
    33   2.650   1.320    .201    .537    .262  -9.999  -9.999    .147  -9.999
    48   2.650   1.400    .096    .576    .328  -9.999  -9.999    .172  -9.999
    76   2.650   1.400    .067    .601    .332  -9.999  -9.999    .174  -9.999
   107   2.650   1.320    .210    .535    .255  -9.999  -9.999    .147  -9.999
   229   2.650   1.320    .244    .505    .251  -9.999  -9.999    .160  -9.999
 10 BROWNFIELD      
    15   2.650   1.490    .940    .036    .024  -9.999  -9.999    .021  -9.999
    38   2.650   1.490    .970    .010    .020  -9.999  -9.999    .015  -9.999
    53   2.650   1.490    .946    .030    .024  -9.999  -9.999    .024  -9.999
    87   2.650   1.490    .936    .032    .032  -9.999  -9.999    .021  -9.999
    93   2.650   1.490    .909    .051    .040  -9.999  -9.999    .028  -9.999
   110   2.650   1.800    .761    .041    .198    .263  -9.999    .166  -9.999
   133   2.650   1.600    .706    .057    .237    .254  -9.999    .174  -9.999
   195   2.650   1.880    .782    .033    .185    .220  -9.999    .154  -9.999
   225   2.650   1.450    .781    .051    .168  -9.999  -9.999    .113  -9.999
   260   2.650   1.450    .786    .032    .182  -9.999  -9.999    .129  -9.999
 10 BROWNFIELD      
    15   2.650   1.490    .953    .039    .008  -9.999  -9.999    .021  -9.999
    30   2.650   1.490    .976    .016    .008  -9.999  -9.999    .016  -9.999
    45   2.650   1.490    .972    .024    .004  -9.999  -9.999    .012  -9.999
    74   2.650   1.620    .960    .028    .012    .036  -9.999    .013  -9.999
    83   2.650   1.660    .926    .054    .020    .048  -9.999    .017  -9.999
   105   2.650   1.810    .747    .051    .202    .239  -9.999    .170  -9.999
   140   2.650   1.600    .697    .062    .241    .278  -9.999    .192  -9.999
   170   2.650   1.760    .720    .069    .211    .294  -9.999    .180  -9.999
   180   2.650   1.600    .745    .045    .210  -9.999  -9.999    .131  -9.999
   190   2.650   1.450    .610    .263    .127  -9.999  -9.999    .096  -9.999
 10 BROWNFIELD      
    14   2.650   1.650    .900    .058    .042    .043  -9.999    .043  -9.999
    30   2.650   1.670    .960    .023    .017    .030  -9.999    .018  -9.999
    59   2.650   1.640    .949    .020    .031    .041  -9.999    .021  -9.999
    71   2.650   1.490    .842    .030    .128  -9.999  -9.999    .079  -9.999
   114   2.650   1.770    .697    .033    .270    .251  -9.999    .214  -9.999
   140   2.650   1.810    .706    .040    .254    .315  -9.999    .206  -9.999
   170   2.650   1.600    .707    .049    .244    .272  -9.999    .178  -9.999
   200   2.650   1.600    .706    .066    .228    .258  -9.999    .163  -9.999
   235   2.650   1.820    .708    .093    .199    .268  -9.999    .155  -9.999
   260   2.650   1.450    .807    .040    .153  -9.999  -9.999    .096  -9.999
  3 BUNYAN          
    53   2.650   1.450    .610    .236    .154  -9.999  -9.999    .088  -9.999
    76   2.650   1.420    .452    .369    .179  -9.999  -9.999    .098  -9.999
   102   2.650   1.420    .482    .360    .158  -9.999  -9.999    .094  -9.999
  2 BUNYAN          
    66   2.650   1.450    .622    .248    .130  -9.999  -9.999    .090  -9.999
   107   2.650   1.450    .570    .250    .180  -9.999  -9.999    .133  -9.999
 10 CAREY           
     8   2.650   1.530    .447    .369    .184    .242  -9.999    .124   7.500
    20   2.650   1.580    .449    .346    .205    .262  -9.999    .134   7.500
    28   2.650   1.610    .411    .350    .239    .296  -9.999    .167   7.600
    38   2.650   1.590    .363    .347    .290    .326  -9.999    .196   7.600
    56   2.650   1.560    .342    .352    .306    .340  -9.999    .178   7.700
    74   2.650   1.540    .382    .387    .231    .351  -9.999    .122   7.800
    86   2.650   1.740    .466    .330    .204    .249  -9.999    .118   7.800
   102   2.650   1.580    .636    .197    .167    .166  -9.999    .063   7.900
   119   2.650   1.740    .649    .193    .158    .172  -9.999    .101   8.000
   152   2.650   1.950    .694    .167    .139    .138  -9.999    .094   8.100
  5 CASTELL         
    10   2.650   1.700    .765    .156    .079    .228  -9.999    .080  -9.999
    25   2.650   1.750    .748    .135    .117    .205  -9.999    .089  -9.999
    47   2.650   1.600    .531    .132    .337    .358  -9.999    .245  -9.999
    70   2.650   1.600    .558    .117    .325    .326  -9.999    .232  -9.999
   125   2.650   1.450    .808    .057    .135  -9.999  -9.999    .104  -9.999
  7 CASTROVILLE     
    18   2.650   1.400    .114    .551    .335    .400  -9.999    .218   7.500
    41   2.650   1.400    .094    .510    .396    .346  -9.999    .231   7.500
    58   2.650   1.400    .097    .513    .390    .319  -9.999    .214   7.500
    81   2.650   1.660    .091    .533    .376    .347  -9.999    .231   7.600
   140   2.650   1.400    .107    .530    .363    .293  -9.999    .189  -9.999
   193   2.650   1.660    .156    .489    .355    .342  -9.999    .229  -9.999
   208   2.650   1.380    .125    .457    .418    .360  -9.999    .239  -9.999
  2 CASTROVILLE     
    18   2.650   1.560    .200    .379    .421    .373  -9.999    .278  -9.999
    36   2.650   1.600    .172    .383    .445    .366  -9.999    .272  -9.999
 10 CHAMBERINO      
     3   2.650   1.450    .569    .298    .133  -9.999  -9.999    .131  -9.999
    11   2.650   1.450    .592    .283    .125  -9.999  -9.999    .097  -9.999
    22   2.650   1.450    .597    .285    .118  -9.999  -9.999    .100   8.100
    43   2.650   1.450    .622    .287    .091  -9.999  -9.999    .093   8.100
    69   2.650   1.450    .660    .258    .082  -9.999  -9.999    .096   7.800
    85   2.650   1.450    .715    .201    .084  -9.999  -9.999    .087   7.700
   115   2.650   1.490    .829    .071    .100  -9.999  -9.999    .089   7.800
   132   2.650   1.450    .654    .166    .180  -9.999  -9.999    .151   7.700
   175   2.650   1.600    .636    .115    .249  -9.999  -9.999    .179   7.700
   200   2.650   1.600    .683    .091    .226  -9.999  -9.999    .144   7.700
 10 CHAMBERINO      
     3   2.650   1.450    .621    .254    .125  -9.999  -9.999    .099  -9.999
    15   2.650   1.700    .612    .248    .140    .301  -9.999    .129  -9.999
    30   2.650   1.450    .645    .243    .112  -9.999  -9.999    .104   8.200
    44   2.650   1.450    .666    .229    .105    .268  -9.999    .103   8.100
    76   2.650   1.450    .775    .095    .130  -9.999  -9.999    .104   7.700
    95   2.650   1.490    .853    .051    .096  -9.999  -9.999    .098   7.700
   117   2.650   1.450    .752    .086    .162  -9.999  -9.999    .115   7.800
   141   2.650   1.450    .783    .049    .168  -9.999  -9.999    .122   7.900
   170   2.650   1.450    .808    .045    .147    .270  -9.999    .122   7.900
   200   2.650   1.450    .740    .080    .180  -9.999  -9.999    .132   7.800
  4 CHANEY          
   137   2.650   1.420    .423    .250    .327  -9.999  -9.999    .195   7.500
   150   2.650   1.600    .490    .244    .266  -9.999  -9.999    .182   7.800
   163   2.650   1.420    .326    .365    .309  -9.999  -9.999    .183   7.800
   180   2.650   1.450    .599    .228    .173  -9.999  -9.999    .110   7.900
 10 CHILICOTAL      
     5   2.650   1.450    .652    .228    .120  -9.999  -9.999    .110  -9.999
    19   2.650   1.450    .617    .231    .152    .274  -9.999    .135   7.700
    30   2.650   1.450    .571    .247    .182  -9.999  -9.999    .154   7.500
    50   2.650   1.450    .603    .233    .164  -9.999  -9.999    .131   7.600
    76   2.650   1.450    .651    .210    .139  -9.999  -9.999    .125   7.700
    87   2.650   1.450    .768    .111    .121  -9.999  -9.999    .109   7.800
   114   2.650   1.450    .740    .148    .112  -9.999  -9.999    .107   7.500
   153   2.650   1.450    .771    .113    .116  -9.999  -9.999    .103   7.600
   180   2.650   1.600    .527    .191    .282  -9.999  -9.999    .176   7.400
   200   2.650   1.600    .528    .165    .307  -9.999  -9.999    .194   7.300
  5 CHILICOTAL      
     3   2.650   1.600    .554    .236    .210  -9.999  -9.999    .166  -9.999
    20   2.650   1.600    .559    .222    .219  -9.999  -9.999    .176  -9.999
    46   2.650   1.420    .442    .322    .236  -9.999  -9.999    .148  -9.999
    97   2.650   1.420    .502    .335    .163  -9.999  -9.999    .151  -9.999
   152   2.650   1.450    .661    .219    .120  -9.999  -9.999    .187  -9.999
  9 CIENO           
    15   2.650   1.780    .484    .290    .226    .319  -9.999    .173  -9.999
    41   2.650   1.420    .438    .289    .273    .266  -9.999    .162  -9.999
    71   2.650   1.420    .431    .250    .319    .283  -9.999    .176  -9.999
   102   2.650   1.600    .469    .242    .289    .294  -9.999    .160   6.200
   130   2.650   1.600    .580    .173    .247    .282  -9.999    .149   7.000
   157   2.650   1.600    .596    .170    .234    .243  -9.999    .141   7.300
   196   2.650   1.600    .582    .212    .206    .245  -9.999    .134   7.400
   216   2.650   1.600    .527    .241    .232    .280  -9.999    .150   7.400
   300   2.650   1.450    .627    .230    .143  -9.999  -9.999    .109   7.500
  6 CLEARFORK       
     9   2.650   1.640    .059    .594    .347    .358  -9.999    .279   7.500
    44   2.650   1.690    .063    .574    .363    .352  -9.999    .255   7.600
    72   2.650   1.400    .082    .563    .355    .304  -9.999    .227   7.500
   150   2.650   1.400    .079    .561    .360    .276  -9.999    .195  -9.999
   193   2.650   1.630    .196    .512    .292    .272  -9.999    .199  -9.999
   209   2.650   1.420    .200    .507    .293    .267  -9.999    .169   8.000
  5 CLICK           
    28   2.650   1.790    .675    .255    .070    .206  -9.999    .048  -9.999
    47   2.650   1.450    .678    .172    .150    .161  -9.999    .090  -9.999
    75   2.650   1.600    .651    .144    .205    .266  -9.999    .150  -9.999
   115   2.650   1.450    .717    .119    .164    .229  -9.999    .109  -9.999
   135   2.650   1.490    .794    .114    .092    .226  -9.999    .086  -9.999
  4 CONA            
    68   2.650   1.420    .402    .229    .369  -9.999  -9.999    .229  -9.999
    76   2.650   1.420    .409    .234    .357  -9.999  -9.999    .226  -9.999
    84   2.650   1.420    .449    .228    .323  -9.999  -9.999    .193  -9.999
    96   2.650   1.420    .250    .443    .307  -9.999  -9.999    .212  -9.999
  5 CONALB          
    15   2.650   1.420    .404    .456    .140  -9.999  -9.999    .105  -9.999
    36   2.650   1.420    .394    .434    .172  -9.999  -9.999    .109  -9.999
    71   2.650   1.420    .351    .448    .201  -9.999  -9.999    .128  -9.999
   142   2.650   1.420    .384    .436    .180  -9.999  -9.999    .116  -9.999
   203   2.650   1.420    .326    .481    .193  -9.999  -9.999    .125  -9.999
  8 CONGER          
    15   2.650   1.540    .576    .304    .120    .217  -9.999    .120   7.500
    35   2.650   1.460    .494    .297    .209    .299  -9.999    .158   7.600
    50   2.650   1.450    .490    .295    .215    .313  -9.999    .162   7.500
    78   2.650   1.450    .756    .162    .082  -9.999  -9.999    .149   7.700
   120   2.650   1.450    .745    .185    .070  -9.999  -9.999    .123   7.900
   150   2.650   1.490    .780    .167    .053  -9.999  -9.999    .118  -9.999
   205   2.650   1.490    .823    .139    .038  -9.999  -9.999    .127  -9.999
   230   2.650   1.490    .797    .149    .054  -9.999  -9.999    .156  -9.999
  7 CORAZONES       
     5   2.650   1.450    .703    .205    .092  -9.999  -9.999    .071  -9.999
    20   2.650   1.450    .664    .220    .116  -9.999  -9.999    .086  -9.999
    41   2.650   1.450    .636    .234    .130  -9.999  -9.999    .087  -9.999
    66   2.650   1.450    .633    .238    .129  -9.999  -9.999    .078   7.800
    91   2.650   1.450    .742    .165    .093  -9.999  -9.999    .062   7.700
   122   2.650   1.450    .762    .168    .070  -9.999  -9.999    .064  -9.999
   178   2.650   1.490    .858    .074    .068  -9.999  -9.999    .061   7.700
 10 DEANDALE        
    15   2.650   1.590    .198    .585    .217    .291  -9.999    .151   6.600
    25   2.650   1.600    .182    .580    .238    .318  -9.999    .171  -9.999
    44   2.650   1.380    .131    .426    .443    .395  -9.999    .301  -9.999
    62   2.650   1.400    .153    .448    .399    .350  -9.999    .266   7.800
    93   2.650   1.400    .155    .465    .380    .342  -9.999    .230   7.900
   113   2.650   1.400    .152    .463    .385    .363  -9.999    .231   7.700
   132   2.650   1.400    .153    .460    .387    .339  -9.999    .228   7.800
   175   2.650   1.400    .183    .458    .359    .288  -9.999    .206   7.900
   215   2.650   1.420    .227    .470    .303    .247  -9.999    .172   7.900
   260   2.650   1.420    .263    .409    .328  -9.999  -9.999    .190   7.700
  9 DEANDALE        
    10   2.650   1.640    .574    .246    .180    .259  -9.999    .126   5.700
    37   2.650   1.660    .511    .205    .284    .290  -9.999    .173  -9.999
    52   2.650   1.650    .547    .199    .254    .297  -9.999    .162  -9.999
    78   2.650   1.390    .178    .341    .481    .307  -9.999    .228  -9.999
    99   2.650   1.390    .199    .339    .462    .282  -9.999    .211  -9.999
   120   2.650   1.390    .202    .367    .431    .259  -9.999    .199  -9.999
   142   2.650   1.400    .180    .426    .394    .230  -9.999    .185  -9.999
   155   2.650   1.400    .140    .496    .364    .217  -9.999    .209  -9.999
   192   2.650   1.420    .315    .401    .284    .230  -9.999    .135  -9.999
  1 DELEON          
   102   2.650   1.380    .024    .459    .517  -9.999  -9.999    .290  -9.999
  9 DELFINA         
    20   2.650   1.640    .832    .135    .033    .054    .077    .046  -9.999
    33   2.650   1.700    .809    .126    .065    .090    .143    .053  -9.999
    46   2.650   1.730    .606    .114    .280    .329  -9.999    .228  -9.999
    76   2.650   1.600    .653    .127    .220    .331  -9.999    .190   7.800
   107   2.650   1.600    .609    .121    .270    .333  -9.999    .226   8.300
   142   2.650   1.600    .630    .133    .237    .307  -9.999    .210   8.200
   170   2.650   1.740    .668    .146    .186    .287  -9.999    .181   8.100
   203   2.650   1.700    .735    .133    .132    .279  -9.999    .133   7.900
   267   2.650   1.730    .763    .122    .115    .242  -9.999    .111   7.900
  9 DELFINA         
    25   2.650   1.630    .813    .101    .086    .106  -9.999    .055   5.100
    41   2.650   1.550    .772    .105    .123    .135  -9.999    .082   6.100
    53   2.650   1.610    .649    .110    .241    .266  -9.999    .187  -9.999
    86   2.650   1.600    .590    .113    .297    .334  -9.999    .206   7.100
   127   2.650   1.600    .571    .159    .270    .293  -9.999    .182   7.000
   165   2.650   1.750    .600    .160    .240    .304  -9.999    .173   7.200
   218   2.650   1.580    .595    .186    .219    .264  -9.999    .152   7.600
   262   2.650   1.630    .546    .248    .206    .261  -9.999    .135   7.600
   295   2.650   1.630    .503    .292    .205    .261  -9.999    .142   7.600
  9 DELFINA         
    18   2.650   1.750    .807    .083    .110    .149  -9.999    .079   5.100
    41   2.650   1.640    .756    .076    .168    .195  -9.999    .103   6.100
    63   2.650   1.690    .700    .077    .223    .289  -9.999    .150  -9.999
    81   2.650   1.600    .649    .084    .267    .323  -9.999    .195   7.100
    99   2.650   1.600    .643    .066    .291    .301  -9.999    .192   7.000
   147   2.650   1.790    .679    .081    .240    .299  -9.999    .192   7.200
   183   2.650   1.760    .647    .142    .211    .246  -9.999    .164   7.600
   244   2.650   1.760    .665    .120    .215    .259  -9.999    .165   7.600
   290   2.650   1.770    .635    .159    .206    .264  -9.999    .161   7.600
  6 DELNORTE        
    12   2.650   1.450    .680    .251    .069  -9.999  -9.999    .083  -9.999
    51   2.650   1.450    .753    .185    .062  -9.999  -9.999    .116  -9.999
    76   2.650   1.490    .845    .119    .036  -9.999  -9.999    .098  -9.999
   114   2.650   1.490    .865    .105    .030  -9.999  -9.999    .058  -9.999
   155   2.650   1.490    .802    .158    .040  -9.999  -9.999    .098  -9.999
   200   2.650   1.490    .825    .130    .045  -9.999  -9.999    .072  -9.999
  4 DELNORTE        
     3   2.650   1.450    .578    .314    .108  -9.999  -9.999    .106  -9.999
    12   2.650   1.450    .535    .308    .157  -9.999  -9.999    .128  -9.999
    25   2.650   1.420    .489    .312    .199  -9.999  -9.999    .145  -9.999
    35   2.650   1.420    .426    .331    .243  -9.999  -9.999    .169   7.800
  9 DEMONA          
     8   2.650   1.570    .836    .148    .016    .165  -9.999    .036   5.500
    21   2.650   1.710    .866    .110    .024    .062  -9.999    .021  -9.999
    57   2.650   1.490    .859    .141    .000    .048  -9.999    .013  -9.999
    76   2.650   2.370    .847    .129    .024    .092  -9.999    .031  -9.999
   121   2.650   1.600    .561    .112    .327    .272  -9.999    .189  -9.999
   137   2.650   1.600    .653    .100    .247    .232  -9.999    .165  -9.999
   159   2.650   1.950    .734    .078    .188    .222  -9.999    .142  -9.999
   175   2.650   1.600    .654    .137    .209    .266  -9.999    .141  -9.999
   205   2.650   1.810    .777    .089    .134    .132  -9.999    .100  -9.999
  2 DERLY           
   216   2.650   1.390    .355    .187    .458    .261  -9.999    .291  -9.999
   244   2.650   1.390    .429    .134    .437  -9.999  -9.999    .250  -9.999
  2 DIBOLL          
    56   2.650   1.450    .611    .316    .073  -9.999  -9.999    .043  -9.999
   104   2.650   1.420    .427    .306    .267  -9.999  -9.999    .220  -9.999
  5 DISWOOD         
    10   2.650   1.420    .263    .408    .329    .293  -9.999    .222   6.400
    46   2.650   1.390    .217    .370    .413    .274  -9.999    .221  -9.999
   114   2.650   1.420    .250    .367    .383    .364  -9.999    .230  -9.999
   140   2.650   1.400    .172    .481    .347    .372  -9.999    .217  -9.999
   173   2.650   1.420    .261    .407    .332    .275  -9.999    .257  -9.999
  6 DOURO           
    10   2.650   1.630    .777    .127    .096    .096  -9.999    .059  -9.999
    28   2.650   1.610    .743    .096    .161    .148  -9.999    .092  -9.999
    40   2.650   1.640    .664    .088    .248    .226  -9.999    .138  -9.999
    55   2.650   1.680    .645    .092    .263    .272  -9.999    .161  -9.999
    75   2.650   1.720    .650    .075    .275    .282  -9.999    .186  -9.999
   100   2.650   1.450    .603    .232    .165  -9.999  -9.999    .107   7.700
  2 DUFFAN          
    56   2.650   1.600    .616    .147    .237  -9.999  -9.999    .154  -9.999
    71   2.650   1.600    .554    .167    .279  -9.999  -9.999    .189  -9.999
  5 DUVAL           
    56   2.650   1.600    .705    .090    .205  -9.999  -9.999    .123  -9.999
    86   2.650   1.600    .658    .091    .251  -9.999  -9.999    .152  -9.999
   112   2.650   1.600    .638    .099    .263  -9.999  -9.999    .165  -9.999
   132   2.650   1.600    .655    .093    .252  -9.999  -9.999    .162  -9.999
   183   2.650   1.450    .771    .147    .082  -9.999  -9.999    .078  -9.999
  7 DUVAL           
    10   2.650   1.450    .764    .146    .090  -9.999  -9.999    .059  -9.999
    38   2.650   1.450    .729    .136    .135  -9.999  -9.999    .070  -9.999
    56   2.650   1.450    .682    .142    .176  -9.999  -9.999    .112  -9.999
    91   2.650   1.600    .649    .137    .214  -9.999  -9.999    .152  -9.999
   114   2.650   1.450    .638    .169    .193  -9.999  -9.999    .126  -9.999
   137   2.650   1.450    .606    .246    .148  -9.999  -9.999    .113  -9.999
   203   2.650   1.420    .501    .348    .151  -9.999  -9.999    .106  -9.999
  3 ECTOR           
     8   2.650   1.420    .218    .456    .326  -9.999  -9.999    .219  -9.999
    25   2.650   1.400    .157    .463    .380  -9.999  -9.999    .265  -9.999
    43   2.650   1.400    .159    .449    .392  -9.999  -9.999    .270  -9.999
  2 ECTOR           
    10   2.650   1.420    .228    .444    .328  -9.999  -9.999    .318  -9.999
    23   2.650   1.420    .224    .443    .333  -9.999  -9.999    .399  -9.999
  7 EDGE            
    20   2.650   1.530    .719    .231    .050    .130  -9.999    .037   5.600
    38   2.650   1.390    .317    .144    .539    .396  -9.999    .270   5.100
    61   2.650   1.680    .350    .237    .413    .354  -9.999    .257   4.800
    86   2.650   1.730    .399    .285    .316    .311  -9.999    .211   4.700
   119   2.650   1.700    .585    .217    .198    .213  -9.999    .138   4.600
   152   2.650   1.680    .791    .085    .124    .180  -9.999    .086   4.700
   213   2.650   1.450    .745    .129    .126  -9.999  -9.999    .091   5.300
  7 ELGEE           
    13   2.650   1.490    .960    .032    .008  -9.999  -9.999    .012  -9.999
    48   2.650   1.660    .967    .025    .008    .048  -9.999    .015  -9.999
    81   2.650   1.490    .958    .032    .010  -9.999  -9.999    .013  -9.999
   132   2.650   1.820    .949    .035    .016    .089  -9.999    .024  -9.999
   157   2.650   1.660    .933    .041    .026    .129  -9.999    .027  -9.999
   183   2.650   1.770    .854    .032    .114    .211  -9.999    .110  -9.999
   203   2.650   1.720    .875    .030    .095    .175  -9.999    .077  -9.999
  1 ELROSE          
   104   2.650   1.390    .385    .188    .427    .295  -9.999    .214   5.700
  1 ELROSE          
   125   2.650   1.540    .515    .155    .330    .290  -9.999    .197   5.700
  7 ESTACADO        
    19   2.650   1.560    .387    .337    .276    .317  -9.999    .179   7.900
    28   2.650   1.580    .257    .444    .299    .330  -9.999    .194   8.000
    47   2.650   1.390    .365    .179    .456    .295  -9.999    .163   7.900
    77   2.650   1.500    .216    .386    .398    .273  -9.999    .140   8.000
   119   2.650   1.610    .308    .363    .329    .280  -9.999    .171  -9.999
   184   2.650   1.550    .393    .320    .287    .240  -9.999    .164  -9.999
   220   2.650   1.500    .320    .341    .339    .259  -9.999    .190  -9.999
  3 ESTES           
    10   2.650   1.420    .373    .273    .354  -9.999  -9.999    .254   5.800
    46   2.650   1.390    .116    .388    .496  -9.999  -9.999    .286   5.000
    91   2.650   1.390    .121    .336    .543  -9.999  -9.999    .297   4.700
  2 ESTES           
    48   2.650   1.390    .143    .387    .470  -9.999  -9.999    .243   4.600
   102   2.650   1.390    .132    .348    .520  -9.999  -9.999    .261   4.400
  5 ESTES           
    10   2.650   1.400    .079    .554    .367  -9.999  -9.999    .283   5.800
    25   2.650   1.380    .119    .461    .420  -9.999  -9.999    .235   4.500
    46   2.650   1.380    .124    .469    .407  -9.999  -9.999    .236   4.500
    86   2.650   1.380    .101    .427    .472  -9.999  -9.999    .255   4.400
   130   2.650   1.390    .090    .382    .528  -9.999  -9.999    .341   4.300
  5 ESTES           
    13   2.650   1.390    .079    .363    .558  -9.999  -9.999    .435   4.700
    25   2.650   1.380    .094    .401    .505  -9.999  -9.999    .338   4.200
    61   2.650   1.390    .114    .395    .491  -9.999  -9.999    .295   4.400
    86   2.650   1.380    .070    .427    .503  -9.999  -9.999    .323   4.400
   145   2.650   1.380    .066    .466    .468  -9.999  -9.999    .305   4.400
  2 EVANT           
     8   2.650   1.380    .087    .510    .403    .335  -9.999    .232  -9.999
    52   2.650   1.390    .246    .231    .523  -9.999  -9.999    .297  -9.999
  3 EXRAY           
     8   2.650   1.460    .652    .252    .096    .215  -9.999    .070  -9.999
    20   2.650   1.800    .683    .244    .073    .131  -9.999    .058  -9.999
    42   2.650   1.390    .361    .105    .534    .347  -9.999    .253  -9.999
  9 FALFURRIAS      
    23   2.650   1.550    .958    .006    .036    .050  -9.999    .012  -9.999
    38   2.650   1.500    .962    .006    .032    .087  -9.999    .013  -9.999
    63   2.650   1.520    .952    .000    .048    .084  -9.999    .012  -9.999
   109   2.650   1.580    .963    .009    .028    .107  -9.999    .011  -9.999
   153   2.650   1.520    .968    .006    .026    .081    .079    .006  -9.999
   216   2.650   1.530    .965    .011    .024    .061    .061    .006  -9.999
   231   2.650   1.760    .811    .051    .138    .250    .320    .097  -9.999
   256   2.650   1.600    .660    .040    .300  -9.999  -9.999    .195  -9.999
   300   2.650   1.600    .647    .031    .322  -9.999  -9.999    .256  -9.999
  6 FALFURRIAS      
    21   2.650   1.490    .970    .030    .000    .057    .075    .016  -9.999
    40   2.650   1.490    .970    .030    .000    .073    .075    .015  -9.999
    96   2.650   1.490    .978    .022    .000    .103    .139    .013  -9.999
   145   2.650   1.490    .983    .017    .000    .060    .075    .012  -9.999
   203   2.650   1.490    .991    .009    .000    .072    .073    .010  -9.999
   259   2.650   1.490    .985    .015    .000    .057    .064    .009  -9.999
  4 FALFURRIAS      
    46   2.650   1.490    .971    .029    .000    .033    .027    .022  -9.999
   107   2.650   1.490    .977    .023    .000    .055    .042    .018  -9.999
   198   2.650   1.490    .979    .021    .000    .054    .052    .016  -9.999
   300   2.650   1.450    .832    .018    .150  -9.999  -9.999    .094  -9.999
  4 FOLLETT         
    10   2.650   1.420    .259    .371    .370  -9.999  -9.999    .266   5.900
    56   2.650   1.420    .442    .375    .183  -9.999  -9.999    .138   6.900
   122   2.650   1.420    .427    .375    .198  -9.999  -9.999    .146   8.000
   157   2.650   1.400    .148    .469    .383  -9.999  -9.999    .253   8.200
  3 FRANCITAS       
    41   2.650   1.420    .236    .382    .382  -9.999  -9.999    .278   6.900
   150   2.650   1.390    .123    .254    .623  -9.999  -9.999    .367   7.500
   208   2.650   1.390    .181    .395    .424  -9.999  -9.999    .238   7.900
  8 FRIO            
    15   2.650   1.400    .135    .491    .374  -9.999  -9.999    .225  -9.999
    64   2.650   1.400    .190    .447    .363  -9.999  -9.999    .216  -9.999
    83   2.650   1.420    .241    .392    .367  -9.999  -9.999    .233  -9.999
   127   2.650   1.380    .153    .444    .403  -9.999  -9.999    .259  -9.999
   165   2.650   1.380    .123    .410    .467  -9.999  -9.999    .259  -9.999
   183   2.650   1.380    .154    .402    .444  -9.999  -9.999    .236  -9.999
   213   2.650   1.380    .154    .412    .434  -9.999  -9.999    .224  -9.999
   254   2.650   1.400    .171    .435    .394  -9.999  -9.999    .213  -9.999
 10 GRANDFIELD      
    10   2.650   1.580    .728    .166    .106    .133  -9.999    .085  -9.999
    25   2.650   1.610    .730    .176    .094    .121  -9.999    .066  -9.999
    50   2.650   1.490    .673    .175    .152    .176  -9.999    .092  -9.999
    67   2.650   1.670    .602    .174    .224    .259  -9.999    .140  -9.999
    95   2.650   1.760    .575    .180    .245    .320  -9.999    .174  -9.999
   122   2.650   1.730    .608    .194    .198    .225  -9.999    .137  -9.999
   145   2.650   1.670    .649    .179    .172    .185  -9.999    .107  -9.999
   171   2.650   1.660    .667    .186    .147    .176  -9.999    .088  -9.999
   209   2.650   1.660    .639    .243    .118    .143  -9.999    .076  -9.999
   232   2.650   1.420    .515    .351    .134  -9.999  -9.999    .057  -9.999
  6 GRAY ROCK       
    13   2.650   1.580    .251    .495    .254    .384  -9.999    .224   6.500
    38   2.650   1.320    .129    .601    .270    .331  -9.999    .195  -9.999
    84   2.650   1.320    .176    .575    .249    .335  -9.999    .166  -9.999
    99   2.650   1.490    .726    .159    .115    .362  -9.999    .113  -9.999
   137   2.650   1.520    .192    .539    .269    .369  -9.999    .230  -9.999
   178   2.650   1.520    .375    .405    .220    .409  -9.999    .196  -9.999
  6 GRAYROCK        
    18   2.650   1.490    .069    .592    .339    .390  -9.999    .216   6.500
    38   2.650   1.400    .055    .600    .345    .400  -9.999    .224   6.000
    71   2.650   1.560    .038    .636    .326    .381  -9.999    .245   6.600
    94   2.650   1.320    .082    .679    .239  -9.999  -9.999    .243   5.600
   150   2.650   1.400    .057    .608    .335    .323  -9.999    .221   7.100
   203   2.650   1.400    .057    .639    .304  -9.999  -9.999    .221   7.200
 10 HASSEE          
     8   2.650   1.660    .602    .321    .077    .171  -9.999    .058  -9.999
    18   2.650   1.630    .480    .373    .147    .209  -9.999    .091  -9.999
    29   2.650   1.650    .462    .366    .172    .178  -9.999    .102  -9.999
    35   2.650   1.420    .277    .330    .393    .301  -9.999    .220  -9.999
    54   2.650   1.390    .276    .290    .434    .316  -9.999    .242  -9.999
    90   2.650   1.420    .301    .307    .392    .285  -9.999    .214   7.400
   118   2.650   1.420    .286    .342    .372    .291  -9.999    .229   7.700
   141   2.650   1.420    .327    .275    .398  -9.999  -9.999    .229   7.700
   175   2.650   1.420    .386    .222    .392    .302  -9.999    .226   7.600
   206   2.650   1.880    .573    .166    .261    .290  -9.999    .214   7.700
  7 HEIDEN          
    23   2.650   1.390    .086    .383    .531    .400  -9.999    .263   7.300
    48   2.650   1.380    .082    .442    .476    .305  -9.999    .222  -9.999
    79   2.650   1.380    .081    .467    .452    .279  -9.999    .207  -9.999
   120   2.650   1.380    .083    .465    .452    .266  -9.999    .199  -9.999
   152   2.650   1.380    .079    .447    .474    .298  -9.999    .207  -9.999
   188   2.650   1.380    .064    .438    .498    .308  -9.999    .222  -9.999
   218   2.650   1.380    .091    .421    .488    .305  -9.999    .222  -9.999
  1 HEIDEN          
    28   2.650   1.390    .091    .384    .525    .368  -9.999    .261   7.300
  2 HENSLEY         
    52   2.650   1.390    .238    .360    .402    .353  -9.999    .265  -9.999
    71   2.650   1.420    .242    .370    .388  -9.999  -9.999    .267  -9.999
  5 HERTY           
     8   2.650   1.330    .610    .294    .096    .239  -9.999    .068  -9.999
    27   2.650   1.420    .384    .266    .350    .335  -9.999    .197   4.000
    53   2.650   1.420    .367    .276    .357    .322  -9.999    .193   3.900
    63   2.650   1.390    .279    .248    .473    .377  -9.999    .246   3.800
    77   2.650   1.390    .154    .220    .626    .453  -9.999    .286   4.000
 10 HIDALGO         
    14   2.650   1.580    .548    .221    .231    .297  -9.999    .160   7.800
    37   2.650   1.660    .529    .228    .243    .300  -9.999    .173   7.800
    50   2.650   1.540    .466    .252    .282    .340  -9.999    .180   7.800
    75   2.650   1.540    .403    .294    .303    .337  -9.999    .183   7.800
    99   2.650   1.640    .348    .330    .322    .371  -9.999    .197   7.800
   121   2.650   1.420    .297    .366    .337    .301  -9.999    .179   7.800
   143   2.650   1.420    .294    .361    .345  -9.999  -9.999    .179   7.800
   163   2.650   1.420    .258    .372    .370    .311  -9.999    .192   7.800
   181   2.650   1.420    .248    .373    .379  -9.999  -9.999    .202   7.900
   200   2.650   1.420    .236    .376    .388    .332  -9.999    .206   7.800
  6 HOLLOMAN        
     2   2.650   1.090    .476    .461    .063    .308  -9.999    .108   7.500
    15   2.650   1.090    .392    .540    .068    .159  -9.999    .117   7.400
    29   2.650   1.370    .416    .524    .060    .251  -9.999    .158   7.500
    47   2.650   1.490    .470    .472    .058    .198  -9.999    .155   7.500
    90   2.650   1.450    .529    .433    .038    .313  -9.999    .154   7.600
    10   2.650   1.320    .423    .531    .046  -9.999  -9.999    .137   7.700
  5 HOULA           
    18   2.650   1.420    .270    .379    .351  -9.999  -9.999    .229  -9.999
    41   2.650   1.380    .148    .443    .409  -9.999  -9.999    .279  -9.999
    81   2.650   1.400    .176    .491    .333  -9.999  -9.999    .265  -9.999
   130   2.650   1.420    .414    .455    .131  -9.999  -9.999    .203  -9.999
   165   2.650   1.320    .363    .535    .102  -9.999  -9.999    .219  -9.999
  2 HOULA           
    23   2.650   1.420    .355    .284    .361  -9.999  -9.999    .248  -9.999
   165   2.650   1.420    .396    .401    .203  -9.999  -9.999    .241  -9.999
 10 JALMAR          
     9   2.650   1.610    .921    .040    .039    .052  -9.999    .039   7.500
    30   2.650   1.720    .947    .019    .034    .038  -9.999    .022  -9.999
    55   2.650   1.610    .956    .021    .023    .037  -9.999    .018  -9.999
    76   2.650   1.620    .908    .026    .066    .044  -9.999    .037  -9.999
    90   2.650   1.800    .778    .038    .184    .232  -9.999    .135  -9.999
   115   2.650   1.790    .759    .042    .199    .247  -9.999    .149  -9.999
   140   2.650   1.830    .701    .037    .262    .306  -9.999    .210  -9.999
   170   2.650   1.870    .723    .056    .221    .279  -9.999    .185  -9.999
   210   2.650   1.870    .726    .068    .206    .271  -9.999    .178  -9.999
   230   2.650   1.600    .653    .052    .295    .301  -9.999    .222   7.700
  7 JEFERINO        
     8   2.650   1.400    .071    .643    .286  -9.999  -9.999    .181   7.900
    20   2.650   1.400    .058    .567    .375  -9.999  -9.999    .192   7.600
    41   2.650   1.380    .040    .552    .408  -9.999  -9.999    .196   7.600
    69   2.650   1.380    .026    .539    .435  -9.999  -9.999    .201   7.600
   102   2.650   1.380    .019    .524    .457  -9.999  -9.999    .200   7.500
   173   2.650   1.380    .006    .498    .496  -9.999  -9.999    .217   7.500
   274   2.650   1.380    .029    .516    .455  -9.999  -9.999    .219   7.600
 10 KAMAY           
    10   2.650   1.640    .328    .523    .149    .197  -9.999    .082  -9.999
    20   2.650   1.570    .273    .515    .212    .215  -9.999    .130  -9.999
    44   2.650   1.380    .192    .402    .406    .386  -9.999    .240   7.600
    58   2.650   1.420    .222    .415    .363    .324  -9.999    .202   8.000
    94   2.650   1.420    .254    .423    .323    .293  -9.999    .189   7.800
   139   2.650   1.420    .325    .384    .291    .248  -9.999    .149   7.800
   154   2.650   1.420    .322    .380    .298    .231  -9.999    .155   7.900
   170   2.650   1.420    .237    .410    .353    .258  -9.999    .176   8.000
   182   2.650   1.800    .268    .481    .251    .293  -9.999    .151   8.000
   220   2.650   1.420    .371    .365    .264  -9.999  -9.999    .149   8.100
  3 KAMAY           
    56   2.650   1.420    .221    .398    .381  -9.999  -9.999    .247  -9.999
    71   2.650   1.400    .132    .490    .378  -9.999  -9.999    .235  -9.999
    66   2.650   1.400    .111    .498    .391  -9.999  -9.999    .238  -9.999
  3 KAMAY           
    59   2.650   1.420    .251    .427    .322  -9.999  -9.999    .197  -9.999
    76   2.650   1.420    .244    .385    .371  -9.999  -9.999    .246  -9.999
    89   2.650   1.420    .354    .318    .328  -9.999  -9.999    .192  -9.999
  1 KAMAY           
    76   2.650   1.420    .201    .451    .348  -9.999  -9.999    .197  -9.999
  9 KATY            
    10   2.650   1.590    .566    .376    .058    .184  -9.999    .048  -9.999
    35   2.650   1.620    .566    .370    .064    .177  -9.999    .039  -9.999
    57   2.650   1.650    .548    .376    .076    .196  -9.999    .046  -9.999
    84   2.650   1.420    .385    .310    .305    .354  -9.999    .182  -9.999
   120   2.650   1.420    .392    .321    .287    .291  -9.999    .165  -9.999
   170   2.650   1.420    .387    .355    .258    .244  -9.999    .145  -9.999
   205   2.650   1.420    .333    .390    .277    .277  -9.999    .149  -9.999
   275   2.650   1.600    .518    .197    .285  -9.999  -9.999    .197  -9.999
   300   2.650   1.600    .575    .167    .258  -9.999  -9.999    .186  -9.999
  2 KEETER          
   163   2.650   1.450    .634    .260    .106  -9.999  -9.999    .061  -9.999
   198   2.650   1.450    .676    .247    .077  -9.999  -9.999    .051  -9.999
 10 KELTYS          
    10   2.650   1.460    .782    .189    .029    .178  -9.999    .064  -9.999
    25   2.650   1.610    .790    .182    .028    .109  -9.999    .016  -9.999
    61   2.650   1.630    .772    .188    .040    .114  -9.999    .021  -9.999
    86   2.650   1.690    .686    .188    .126    .203  -9.999    .079  -9.999
   107   2.650   1.650    .720    .171    .109    .180  -9.999    .069  -9.999
   119   2.650   1.650    .739    .131    .130    .200  -9.999    .091  -9.999
   130   2.650   1.770    .589    .063    .348    .283  -9.999    .280  -9.999
   153   2.650   1.600    .641    .061    .298    .360  -9.999    .240  -9.999
   178   2.650   1.690    .706    .033    .261    .237  -9.999    .177  -9.999
   204   2.650   1.660    .480    .168    .352    .355  -9.999    .274  -9.999
  1 KIRVIN          
   121   2.650   1.650    .661    .069    .270    .252  -9.999    .172   4.700
  6 LAEWEST         
    10   2.650   1.390    .207    .323    .470    .439  -9.999    .304   7.000
    23   2.650   1.390    .181    .351    .468    .396  -9.999    .299   7.400
    53   2.650   1.390    .186    .348    .466    .417  -9.999    .310   7.600
    85   2.650   1.390    .178    .386    .436    .378  -9.999    .282  -9.999
   170   2.650   1.400    .182    .419    .399    .405  -9.999    .263   8.000
   225   2.650   1.390    .167    .394    .439    .432  -9.999    .278   8.000
  5 LAEWEST         
    10   2.650   1.390    .238    .315    .447    .373  -9.999    .300   7.200
    60   2.650   1.390    .211    .320    .469    .425  -9.999    .296   7.600
   110   2.650   1.390    .212    .352    .436    .445  -9.999    .311   7.700
   160   2.650   1.390    .157    .398    .445    .395  -9.999    .297   7.900
   220   2.650   1.390    .173    .396    .431    .402  -9.999    .275   8.000
  7 LAREDO          
    20   2.650   1.420    .227    .482    .291    .346    .415    .196   7.800
    40   2.650   1.420    .208    .491    .301    .352    .403    .209   7.700
    66   2.650   1.420    .125    .616    .259    .310    .362    .173   7.600
    81   2.650   1.450    .101    .631    .268    .302    .368    .175   7.600
   125   2.650   1.450    .231    .611    .158    .244    .400    .122   7.600
   170   2.650   1.450    .275    .569    .156    .274    .429    .116   7.600
   196   2.650   1.320    .291    .546    .163    .263    .362    .117   7.700
 10 LEERAY          
    11   2.650   1.420    .232    .378    .390    .393  -9.999    .285   7.000
    28   2.650   1.390    .168    .360    .472    .370  -9.999    .285   7.400
    42   2.650   1.390    .168    .362    .470    .395  -9.999    .282   7.400
    81   2.650   1.390    .161    .377    .462    .391  -9.999    .275   7.600
   110   2.650   1.390    .156    .384    .460    .386  -9.999    .289   7.400
   140   2.650   1.380    .127    .422    .451    .362  -9.999    .277   7.400
   158   2.650   1.380    .118    .473    .409    .341  -9.999    .246   7.600
   189   2.650   1.400    .095    .511    .394    .295  -9.999    .235   7.600
   220   2.650   1.380    .066    .429    .505    .326  -9.999    .250   7.800
   230   2.650   1.500    .268    .457    .275    .432  -9.999    .178   7.700
  9 LEERAY          
    13   2.650   1.420    .275    .429    .296    .354  -9.999    .217   6.700
    44   2.650   1.380    .140    .420    .440    .378  -9.999    .257  -9.999
    66   2.650   1.380    .134    .420    .446    .385  -9.999    .259   7.600
    93   2.650   1.380    .142    .424    .434    .395  -9.999    .255   7.600
   128   2.650   1.380    .125    .444    .431    .386  -9.999    .254   7.700
   160   2.650   1.400    .091    .510    .399    .284  -9.999    .206   7.500
   185   2.650   1.400    .097    .526    .377    .312  -9.999    .189   7.700
   210   2.650   1.400    .101    .534    .365    .323  -9.999    .165   7.900
   224   2.650   1.420    .208    .467    .325    .334  -9.999    .166   7.800
  5 LINDY           
     5   2.650   1.200    .263    .553    .184    .461  -9.999    .120  -9.999
    27   2.650   1.390    .138    .363    .499    .373  -9.999    .253  -9.999
    48   2.650   1.390    .125    .338    .537    .392  -9.999    .274  -9.999
    64   2.650   1.390    .130    .355    .515    .417  -9.999    .275  -9.999
    80   2.650   1.390    .149    .336    .515    .398  -9.999    .278  -9.999
  4 LIVIA           
    13   2.650   1.420    .395    .487    .118  -9.999  -9.999    .082   6.400
    33   2.650   1.420    .296    .329    .375  -9.999  -9.999    .266   6.300
   117   2.650   1.390    .255    .344    .401  -9.999  -9.999    .260   7.600
   241   2.650   1.390    .047    .364    .589  -9.999  -9.999    .338   7.700
  7 LOZANO          
    19   2.650   1.630    .701    .147    .152    .202  -9.999    .111   7.200
    33   2.650   1.830    .662    .140    .198    .307  -9.999    .176   7.000
    53   2.650   1.790    .673    .129    .198    .274  -9.999    .165   6.900
    70   2.650   1.800    .638    .131    .231    .315  -9.999    .189   6.600
   119   2.650   1.780    .561    .221    .218    .258  -9.999    .187   6.500
   149   2.650   1.710    .676    .148    .176    .221  -9.999    .142   7.100
   164   2.650   1.770    .652    .189    .159    .205  -9.999    .124   7.800
 10 LUFKIN          
    12   2.650   1.630    .449    .498    .053    .277  -9.999    .059  -9.999
    20   2.650   1.730    .465    .468    .067    .187  -9.999    .061  -9.999
    40   2.650   1.420    .305    .345    .350    .369  -9.999    .243  -9.999
    70   2.650   1.420    .304    .351    .345    .365  -9.999    .256  -9.999
    98   2.650   1.420    .336    .346    .318    .354  -9.999    .234   7.000
   107   2.650   1.420    .345    .324    .331    .365  -9.999    .237   7.100
   127   2.650   1.420    .375    .317    .308    .287  -9.999    .230   7.100
   160   2.650   1.420    .410    .301    .289    .329  -9.999    .223   6.900
   185   2.650   1.420    .434    .306    .260    .275  -9.999    .203   6.500
   213   2.650   1.860    .507    .276    .217    .298  -9.999    .221  -9.999
  6 LYFORD          
    18   2.650   1.370    .596    .216    .188    .278  -9.999    .119   6.900
    43   2.650   1.580    .529    .250    .221    .278  -9.999    .161   7.300
    62   2.650   1.570    .509    .260    .231    .245  -9.999    .159   7.600
    91   2.650   1.560    .482    .276    .242    .248  -9.999    .156   7.700
   137   2.650   1.660    .367    .355    .278    .244  -9.999    .164   7.600
   162   2.650   1.750    .336    .398    .266    .252  -9.999    .168   7.700
  6 MANGUM          
     7   2.650   1.390    .010    .374    .616    .353  -9.999    .277   6.700
    34   2.650   1.390    .006    .395    .599    .325  -9.999    .245   7.600
    53   2.650   1.380    .008    .456    .536    .312  -9.999    .225   7.800
    94   2.650   1.380    .006    .457    .537    .295  -9.999    .229   7.700
   134   2.650   1.380    .004    .441    .555    .305  -9.999    .237   7.700
   190   2.650   1.380    .008    .451    .541    .373  -9.999    .246   7.600
  3 MATAGORDA       
    25   2.650   1.450    .586    .387    .027  -9.999  -9.999    .029   7.000
    79   2.650   1.390    .397    .167    .436  -9.999  -9.999    .300   7.200
   193   2.650   1.600    .507    .182    .311  -9.999  -9.999    .234   7.600
  8 MENTONE         
    13   2.650   1.400    .159    .550    .291  -9.999  -9.999    .193   6.600
    33   2.650   1.400    .174    .499    .327    .427  -9.999    .216  -9.999
    69   2.650   1.400    .195    .463    .342    .311  -9.999    .211  -9.999
   102   2.650   1.420    .258    .453    .289    .356  -9.999    .186  -9.999
   119   2.650   1.680    .441    .381    .178    .282  -9.999    .131  -9.999
   135   2.650   1.750    .256    .489    .255    .324  -9.999    .213  -9.999
   163   2.650   1.640    .269    .493    .238    .338  -9.999    .190  -9.999
   203   2.650   1.320    .210    .546    .244    .330  -9.999    .164  -9.999
  1 MINGO           
    74   2.650   1.390    .224    .311    .465  -9.999  -9.999    .272  -9.999
  7 MOCAREY         
    50   2.650   1.420    .419    .462    .119  -9.999  -9.999    .082  -9.999
    66   2.650   1.420    .343    .497    .160  -9.999  -9.999    .115  -9.999
    75   2.650   1.420    .347    .420    .233  -9.999  -9.999    .132  -9.999
   100   2.650   1.420    .326    .415    .259  -9.999  -9.999    .124  -9.999
   150   2.650   1.420    .325    .428    .247  -9.999  -9.999    .126  -9.999
   173   2.650   1.420    .324    .444    .232  -9.999  -9.999    .155  -9.999
   200   2.650   1.320    .256    .513    .231  -9.999  -9.999    .153  -9.999
  4 MOGLIA          
    18   2.650   1.780    .395    .280    .325  -9.999  -9.999    .260   7.300
    53   2.650   1.390    .286    .306    .408    .363  -9.999    .235   7.100
    76   2.650   1.420    .288    .324    .388  -9.999  -9.999    .251   7.100
   107   2.650   1.420    .416    .393    .191  -9.999  -9.999    .224   7.200
  3 MOGLIA          
    13   2.650   1.420    .426    .278    .296  -9.999  -9.999    .193  -9.999
    25   2.650   1.420    .296    .304    .400  -9.999  -9.999    .247  -9.999
    41   2.650   1.390    .262    .321    .417  -9.999  -9.999    .247  -9.999
  9 MONTEROSA       
     3   2.650   1.450    .618    .256    .126  -9.999  -9.999    .119   7.800
    16   2.650   1.450    .575    .253    .172  -9.999  -9.999    .144   7.700
    64   2.650   1.450    .724    .212    .064  -9.999  -9.999    .107   7.600
    77   2.650   1.490    .787    .151    .062  -9.999  -9.999    .098   7.800
    99   2.650   1.490    .791    .153    .056  -9.999  -9.999    .095   7.900
   150   2.650   1.450    .698    .255    .047  -9.999  -9.999    .093   7.800
   177   2.650   1.450    .747    .186    .067  -9.999  -9.999    .091   7.700
   185   2.650   1.450    .709    .220    .071  -9.999  -9.999    .103   7.700
   200   2.650   1.490    .794    .140    .066  -9.999  -9.999    .097   7.700
  8 MORALES         
    38   2.650   1.810    .701    .217    .082    .183  -9.999    .042  -9.999
    47   2.650   1.800    .654    .206    .140    .245  -9.999    .088  -9.999
    74   2.650   1.600    .468    .191    .341    .317  -9.999    .205  -9.999
   110   2.650   1.600    .575    .189    .236    .254  -9.999    .149  -9.999
   137   2.650   1.600    .629    .148    .223    .218  -9.999    .141  -9.999
   160   2.650   1.600    .602    .173    .225    .221  -9.999    .144   5.500
   194   2.650   1.600    .580    .187    .233    .227  -9.999    .149   6.400
   230   2.650   1.600    .564    .191    .245    .266  -9.999    .162   6.600
 10 NADA            
    19   2.650   1.710    .741    .182    .077    .157  -9.999    .041  -9.999
    27   2.650   1.700    .624    .151    .225    .211  -9.999    .146  -9.999
    46   2.650   1.510    .483    .128    .389    .276  -9.999    .210  -9.999
    68   2.650   1.600    .543    .148    .309    .272  -9.999    .174   6.000
   102   2.650   1.600    .560    .148    .292    .254  -9.999    .160   6.600
   133   2.650   1.600    .610    .124    .266    .232  -9.999    .152   7.300
   179   2.650   1.600    .614    .131    .255    .264  -9.999    .158   7.600
   220   2.650   1.600    .594    .130    .276    .307  -9.999    .181   7.500
   265   2.650   1.600    .644    .097    .259  -9.999  -9.999    .170   7.400
   300   2.650   1.450    .743    .061    .196  -9.999  -9.999    .110   7.400
  4 NICKEL          
    25   2.650   1.450    .649    .248    .103  -9.999  -9.999    .123  -9.999
    74   2.650   1.450    .712    .207    .081  -9.999  -9.999    .128  -9.999
   114   2.650   1.490    .796    .147    .057  -9.999  -9.999    .122  -9.999
   140   2.650   1.490    .846    .101    .053  -9.999  -9.999    .082  -9.999
  9 NUVALDE         
     9   2.650   1.460    .146    .526    .328    .393  -9.999    .255   7.600
    25   2.650   1.400    .134    .487    .379    .374  -9.999    .272   7.500
    38   2.650   1.380    .117    .446    .437    .345  -9.999    .266   7.500
    54   2.650   1.380    .117    .442    .441    .323  -9.999    .253   7.500
    85   2.650   1.600    .123    .530    .347    .299  -9.999    .190  -9.999
   111   2.650   1.680    .147    .553    .300    .274  -9.999    .160  -9.999
   152   2.650   1.760    .214    .531    .255    .304  -9.999    .155  -9.999
   198   2.650   1.950    .276    .481    .243    .252  -9.999    .176  -9.999
   231   2.650   1.420    .371    .393    .236  -9.999  -9.999    .141  -9.999
  8 OLTON           
    18   2.650   1.420    .394    .307    .299  -9.999  -9.999    .169  -9.999
    30   2.650   1.420    .391    .318    .291    .312  -9.999    .187  -9.999
    43   2.650   1.420    .356    .302    .342    .321  -9.999    .217  -9.999
    66   2.650   1.420    .336    .311    .353    .305  -9.999    .219  -9.999
    94   2.650   1.420    .352    .308    .340    .300  -9.999    .209  -9.999
   132   2.650   1.480    .304    .325    .371    .286  -9.999    .167  -9.999
   183   2.650   1.550    .298    .378    .324    .276  -9.999    .155  -9.999
   216   2.650   1.590    .318    .380    .302    .315  -9.999    .180  -9.999
  5 OLTON           
    18   2.650   1.450    .583    .244    .173  -9.999  -9.999    .099  -9.999
    51   2.650   1.420    .382    .296    .322    .311  -9.999    .190  -9.999
    84   2.650   1.630    .341    .335    .324    .287  -9.999    .212  -9.999
   114   2.650   1.680    .427    .265    .308    .286  -9.999    .212  -9.999
   183   2.650   1.620    .364    .325    .311    .337  -9.999    .185  -9.999
  8 OLTON           
     3   2.650   1.310    .266    .503    .231    .280  -9.999    .140   6.000
    20   2.650   1.500    .428    .341    .231    .280  -9.999    .148  -9.999
    33   2.650   1.420    .369    .282    .349    .337  -9.999    .206  -9.999
    56   2.650   1.420    .306    .335    .359    .338  -9.999    .206  -9.999
    84   2.650   1.420    .277    .359    .364    .338  -9.999    .214  -9.999
   117   2.650   1.420    .296    .386    .318    .351  -9.999    .200  -9.999
   140   2.650   1.630    .261    .352    .387    .363  -9.999    .191   7.800
   150   2.650   1.600    .226    .382    .392    .352  -9.999    .189   7.900
  6 ORLA            
     3   2.650   1.450    .539    .311    .150  -9.999  -9.999    .103   7.300
    15   2.650   1.420    .347    .290    .363  -9.999  -9.999    .115   7.200
    48   2.650   1.420    .233    .460    .307  -9.999  -9.999    .149   7.400
    69   2.650   1.400    .193    .451    .356  -9.999  -9.999    .169   7.500
   102   2.650   1.390    .254    .063    .683  -9.999  -9.999    .129   7.700
   163   2.650   1.390    .338    .235    .427  -9.999  -9.999    .143   7.700
  5 ORLA            
    13   2.650   1.420    .290    .471    .239  -9.999  -9.999    .186   7.100
    30   2.650   1.390    .171    .356    .473  -9.999  -9.999    .106   7.300
    61   2.650   1.390    .111    .338    .551  -9.999  -9.999    .145   7.600
   152   2.650   1.380    .028    .466    .506  -9.999  -9.999    .232   7.800
   203   2.650   1.380    .016    .538    .446  -9.999  -9.999    .257   7.800
 10 ORLA            
     2   2.650   1.320    .464    .532    .004  -9.999  -9.999    .108   8.100
    20   2.650   1.350    .668    .327    .005    .290  -9.999    .054   7.800
    39   2.650   1.280    .662    .298    .040    .274  -9.999    .137   8.000
    66   2.650   1.200    .679    .272    .049    .318  -9.999    .154   8.000
    84   2.650   1.080    .602    .360    .038    .409  -9.999    .252   8.200
   105   2.650   1.410    .707    .253    .040    .403  -9.999    .152   8.300
   121   2.650   1.490    .665    .285    .050    .395  -9.999    .195   8.300
   133   2.650   1.630    .845    .088    .067    .174  -9.999    .068   7.900
   155   2.650   1.770    .952    .009    .039    .071  -9.999    .042   7.900
   160   2.650   1.450    .474    .481    .045    .418  -9.999    .086   7.800
  9 OWENS           
    12   2.650   1.390    .191    .374    .435    .347  -9.999    .200   7.400
    25   2.650   1.390    .100    .381    .519    .328  -9.999    .211   7.500
    40   2.650   1.390    .065    .399    .536    .311  -9.999    .203   7.500
    59   2.650   1.380    .036    .430    .534    .304  -9.999    .207   7.500
    76   2.650   1.380    .039    .450    .511    .295  -9.999    .208   7.500
   101   2.650   1.380    .034    .482    .484    .295  -9.999    .218   7.400
   137   2.650   1.380    .031    .500    .469    .265  -9.999    .217   7.300
   152   2.650   1.380    .011    .502    .487    .258  -9.999    .211   7.400
   137   2.650   1.380    .034    .497    .469  -9.999  -9.999    .219   7.500
  6 PALAFOX         
    20   2.650   1.670    .489    .277    .234    .271  -9.999    .162   7.400
    38   2.650   1.420    .421    .299    .280  -9.999  -9.999    .170  -9.999
    69   2.650   1.420    .336    .330    .334    .281  -9.999    .182   7.500
   109   2.650   1.420    .276    .362    .362  -9.999  -9.999    .217   7.800
   150   2.650   1.420    .228    .429    .343  -9.999  -9.999    .206   7.500
   183   2.650   1.420    .369    .415    .216  -9.999  -9.999    .139   7.500
  3 PALAFOX         
    13   2.650   1.420    .416    .338    .246  -9.999  -9.999    .148  -9.999
    28   2.650   1.420    .365    .321    .314  -9.999  -9.999    .160  -9.999
    41   2.650   1.420    .279    .360    .361  -9.999  -9.999    .172  -9.999
  3 PALAFOX         
    15   2.650   1.420    .428    .271    .301  -9.999  -9.999    .165  -9.999
    28   2.650   1.420    .359    .299    .342  -9.999  -9.999    .207  -9.999
    41   2.650   1.420    .332    .306    .362  -9.999  -9.999    .209  -9.999
  3 PALOPINTO       
     8   2.650   1.400    .164    .541    .295    .363  -9.999    .175   6.900
    28   2.650   1.400    .158    .523    .319  -9.999  -9.999    .195   7.400
    40   2.650   1.400    .148    .516    .336  -9.999  -9.999    .213  -9.999
  3 PALOPINTO       
     4   2.650   1.420    .322    .419    .259    .298  -9.999    .190   7.300
    12   2.650   1.420    .324    .351    .325    .371  -9.999    .234   7.400
    27   2.650   1.420    .311    .332    .357  -9.999  -9.999    .268   7.400
  6 PAPALOTE        
    25   2.650   1.490    .855    .093    .052  -9.999  -9.999    .022  -9.999
    38   2.650   1.490    .861    .103    .036  -9.999  -9.999    .015  -9.999
    56   2.650   1.510    .509    .067    .424  -9.999  -9.999    .328  -9.999
    76   2.650   1.510    .519    .114    .367  -9.999  -9.999    .239  -9.999
   102   2.650   1.600    .671    .088    .241  -9.999  -9.999    .194  -9.999
   152   2.650   1.600    .699    .091    .210  -9.999  -9.999    .178   7.700
  2 PAVELEK         
    35   2.650   1.390    .276    .273    .451  -9.999  -9.999    .317   7.000
   200   2.650   1.420    .357    .463    .180  -9.999  -9.999    .355  -9.999
  7 PAYNE           
    18   2.650   1.420    .327    .416    .257    .338  -9.999    .170  -9.999
    38   2.650   1.420    .314    .414    .272    .301  -9.999    .166  -9.999
    46   2.650   1.420    .305    .354    .341  -9.999  -9.999    .206  -9.999
    81   2.650   1.420    .271    .331    .398    .334  -9.999    .250  -9.999
   104   2.650   1.420    .290    .343    .367    .290  -9.999    .224  -9.999
   122   2.650   1.420    .322    .335    .343  -9.999  -9.999    .203  -9.999
   152   2.650   1.580    .388    .331    .281    .319  -9.999    .183  -9.999
  5 PAYNE           
    20   2.650   1.620    .274    .459    .267    .386  -9.999    .173  -9.999
    41   2.650   1.420    .219    .407    .374    .338  -9.999    .223  -9.999
    81   2.650   1.390    .200    .389    .411    .373  -9.999    .257  -9.999
   112   2.650   1.420    .210    .407    .383    .337  -9.999    .246  -9.999
   127   2.650   1.420    .245    .385    .370  -9.999  -9.999    .237  -9.999
  7 PULLMAN         
    15   2.650   1.400    .172    .481    .347  -9.999  -9.999    .183  -9.999
    41   2.650   1.380    .135    .422    .443    .344  -9.999    .241  -9.999
    74   2.650   1.380    .133    .447    .420    .326  -9.999    .228  -9.999
   112   2.650   1.400    .152    .464    .384    .308  -9.999    .217  -9.999
   147   2.650   1.400    .186    .438    .376    .312  -9.999    .246  -9.999
   203   2.650   1.650    .125    .456    .419    .343  -9.999    .183  -9.999
   234   2.650   1.400    .152    .460    .388  -9.999  -9.999    .182  -9.999
  8 PULLMAN         
    13   2.650   1.400    .183    .497    .320  -9.999  -9.999    .164  -9.999
    25   2.650   1.380    .141    .428    .431    .366  -9.999    .233  -9.999
    60   2.650   1.400    .147    .469    .384    .330  -9.999    .217  -9.999
    88   2.650   1.400    .186    .444    .370    .328  -9.999    .197  -9.999
   110   2.650   1.390    .238    .405    .357    .349  -9.999    .202  -9.999
   142   2.650   1.240    .144    .431    .425    .324  -9.999    .135  -9.999
   173   2.650   1.590    .195    .450    .355    .337  -9.999    .176  -9.999
   203   2.650   1.610    .195    .455    .350    .369  -9.999    .216  -9.999
  8 PULLMAN         
    13   2.650   1.400    .196    .492    .312  -9.999  -9.999    .182  -9.999
    25   2.650   1.380    .147    .439    .414    .334  -9.999    .181  -9.999
    56   2.650   1.400    .151    .464    .385    .312  -9.999    .235  -9.999
    86   2.650   1.400    .188    .450    .362    .284  -9.999    .227  -9.999
   114   2.650   1.560    .200    .444    .356    .342  -9.999    .229  -9.999
   142   2.650   1.370    .183    .440    .377    .266  -9.999    .169  -9.999
   173   2.650   1.400    .197    .450    .353  -9.999  -9.999    .161  -9.999
   203   2.650   1.450    .228    .452    .320    .302  -9.999    .181  -9.999
  8 PYOTE           
    10   2.650   1.490    .951    .032    .017  -9.999  -9.999    .015  -9.999
    53   2.650   1.490    .953    .026    .021  -9.999  -9.999    .015  -9.999
    91   2.650   1.720    .945    .026    .029    .100  -9.999    .026  -9.999
   112   2.650   1.860    .813    .028    .159    .227  -9.999    .121  -9.999
   140   2.650   1.840    .833    .031    .136    .190  -9.999    .103  -9.999
   160   2.650   1.720    .883    .031    .086    .117  -9.999    .069  -9.999
   188   2.650   1.720    .827    .024    .149    .229  -9.999    .110  -9.999
   203   2.650   1.600    .662    .205    .133    .346  -9.999    .083  -9.999
  7 RAMADERO        
    13   2.650   1.620    .502    .200    .298    .356  -9.999    .191   7.700
    33   2.650   1.580    .495    .212    .293    .337  -9.999    .207   7.600
    56   2.650   1.390    .504    .201    .295    .311  -9.999    .186   7.400
    74   2.650   1.600    .522    .183    .295    .301  -9.999    .205   7.500
    91   2.650   1.600    .516    .190    .294    .317  -9.999    .216   7.500
   108   2.650   1.790    .539    .205    .256    .313  -9.999    .236   7.700
   133   2.650   1.710    .588    .215    .197    .289  -9.999    .178   7.600
  5 REAGAN          
    20   2.650   1.400    .187    .500    .313  -9.999  -9.999    .216  -9.999
    36   2.650   1.400    .136    .476    .388  -9.999  -9.999    .241  -9.999
    66   2.650   1.380    .135    .437    .428  -9.999  -9.999    .230  -9.999
   114   2.650   1.380    .095    .473    .432  -9.999  -9.999    .155  -9.999
   152   2.650   1.380    .071    .459    .470  -9.999  -9.999    .144  -9.999
  2 REDCO           
   145   2.650   1.390    .059    .241    .700  -9.999  -9.999    .374  -9.999
   200   2.650   1.390    .012    .347    .641  -9.999  -9.999    .320  -9.999
  9 REEVES          
     2   2.650   1.320    .363    .529    .108  -9.999  -9.999    .132   7.800
    15   2.650   1.280    .351    .504    .145    .292  -9.999    .151   7.800
    33   2.650   1.270    .302    .502    .196    .300  -9.999    .168   7.600
    47   2.650   1.290    .379    .419    .202    .306  -9.999    .169   7.600
    58   2.650   1.220    .377    .378    .245    .296  -9.999    .185   7.700
    84   2.650   1.230    .489    .475    .036    .282  -9.999    .095   7.900
   110   2.650   1.440    .617    .361    .022    .364  -9.999    .069   8.100
   165   2.650   1.560    .526    .453    .021    .339  -9.999    .055   8.200
   190   2.650   1.420    .529    .469    .002    .379  -9.999    .045   8.300
  6 ROCKOUTCROP-PETR
    18   2.650   1.450    .647    .289    .064  -9.999  -9.999    .059   7.700
    48   2.650   1.450    .636    .270    .094  -9.999  -9.999    .080  -9.999
    61   2.650   1.490    .823    .107    .070  -9.999  -9.999    .066   8.100
    79   2.650   1.450    .733    .190    .077  -9.999  -9.999    .067   7.900
   130   2.650   1.490    .824    .119    .057  -9.999  -9.999    .060   7.800
   178   2.650   1.450    .647    .250    .103  -9.999  -9.999    .083   7.700
  9 ROTAN           
    12   2.650   1.560    .235    .567    .198    .292  -9.999    .148   6.300
    30   2.650   1.570    .184    .526    .290    .338  -9.999    .199  -9.999
    45   2.650   1.400    .158    .476    .366    .323  -9.999    .223  -9.999
    67   2.650   1.400    .157    .485    .358    .319  -9.999    .224  -9.999
    85   2.650   1.400    .162    .476    .362  -9.999  -9.999    .238   7.700
   107   2.650   1.400    .167    .471    .362  -9.999  -9.999    .235   7.700
   127   2.650   1.400    .152    .494    .354  -9.999  -9.999    .217   7.700
   180   2.650   1.400    .150    .489    .361  -9.999  -9.999    .204   7.800
   232   2.650   1.400    .155    .516    .329    .252  -9.999    .185   7.800
  3 ROTAN           
    71   2.650   1.400    .162    .452    .386  -9.999  -9.999    .252  -9.999
    71   2.650   1.400    .196    .430    .374  -9.999  -9.999    .237  -9.999
    66   2.650   1.420    .207    .394    .399  -9.999  -9.999    .273  -9.999
  1 ROTAN           
    71   2.650   1.420    .252    .397    .351  -9.999  -9.999    .209  -9.999
 10 SAGERTON        
     8   2.650   1.580    .428    .399    .173    .258  -9.999    .115   7.000
    15   2.650   1.550    .423    .371    .206    .270  -9.999    .132   7.000
    30   2.650   1.420    .335    .307    .358    .308  -9.999    .210   6.900
    48   2.650   1.420    .328    .297    .375    .293  -9.999    .222   7.000
    64   2.650   1.420    .332    .300    .368    .310  -9.999    .214   7.400
    81   2.650   1.420    .391    .264    .345    .288  -9.999    .189   7.800
    89   2.650   1.760    .537    .235    .228    .224  -9.999    .153   8.100
   109   2.650   1.850    .668    .169    .163    .189  -9.999    .111   8.300
   140   2.650   1.900    .716    .149    .135    .112  -9.999    .080   8.500
   178   2.650   1.850    .708    .156    .136    .113  -9.999    .080   8.600
 10 SAGERTON        
    10   2.650   1.660    .321    .388    .291    .345  -9.999    .184  -9.999
    21   2.650   1.420    .272    .356    .372    .342  -9.999    .214  -9.999
    39   2.650   1.420    .283    .361    .356    .338  -9.999    .213  -9.999
    54   2.650   1.420    .302    .360    .338    .302  -9.999    .207   7.800
    70   2.650   1.420    .309    .345    .346    .307  -9.999    .222   7.900
   101   2.650   1.420    .336    .324    .340    .305  -9.999    .224   7.800
   141   2.650   1.840    .362    .439    .199    .276  -9.999    .164   7.800
   160   2.650   1.690    .424    .399    .177    .303  -9.999    .135   7.900
   187   2.650   1.320    .257    .549    .194    .202  -9.999    .100   8.000
   200   2.650   1.960    .530    .301    .169    .172  -9.999    .116   8.100
  7 SANGER          
    18   2.650   1.380    .179    .413    .408    .378  -9.999    .265   7.500
    38   2.650   1.380    .126    .414    .460    .408  -9.999    .302   7.500
    71   2.650   1.390    .123    .387    .490    .441  -9.999    .320   7.400
    97   2.650   1.390    .143    .388    .469    .439  -9.999    .296   7.500
   135   2.650   1.380    .141    .409    .450    .397  -9.999    .250   7.700
   152   2.650   1.400    .096    .594    .310    .204  -9.999    .144  -9.999
   203   2.650   1.400    .067    .579    .354    .263  -9.999    .160  -9.999
  4 SARAGOSA        
    28   2.650   1.400    .183    .494    .323  -9.999  -9.999    .129   7.200
    71   2.650   1.390    .033    .263    .704  -9.999  -9.999    .168   7.600
    89   2.650   1.390    .027    .170    .803  -9.999  -9.999    .138   7.600
   127   2.650   1.390    .017    .264    .719  -9.999  -9.999    .182   7.500
  6 SARAGOSA        
     5   2.650   1.320    .189    .599    .212  -9.999  -9.999    .121   7.700
    28   2.650   1.320    .188    .545    .267  -9.999  -9.999    .137   7.400
    61   2.650   1.400    .072    .633    .295  -9.999  -9.999    .164   7.400
    81   2.650   1.390    .063    .367    .570  -9.999  -9.999    .138   7.200
    99   2.650   1.390    .044    .314    .642  -9.999  -9.999    .143   7.100
   127   2.650   1.390    .021    .241    .738  -9.999  -9.999    .142   7.200
  7 SARNOSA         
    15   2.650   1.630    .768    .134    .098    .166  -9.999    .078  -9.999
    34   2.650   1.670    .732    .151    .117    .184  -9.999    .094  -9.999
    63   2.650   1.500    .641    .209    .150    .237  -9.999    .109  -9.999
    91   2.650   1.520    .594    .220    .186    .254  -9.999    .119   7.900
   120   2.650   1.560    .551    .236    .213    .271  -9.999    .123   7.800
   165   2.650   1.590    .585    .213    .202    .269  -9.999    .121   7.900
   200   2.650   1.610    .566    .226    .208    .279  -9.999    .129   8.000
  5 SAUZ            
    28   2.650   1.450    .819    .051    .130  -9.999  -9.999    .086   7.800
    38   2.650   1.450    .771    .054    .175  -9.999  -9.999    .123   8.600
    69   2.650   1.450    .771    .050    .179  -9.999  -9.999    .126   9.100
   102   2.650   1.450    .761    .060    .179  -9.999  -9.999    .125   9.500
   152   2.650   1.600    .706    .090    .204  -9.999  -9.999    .152   9.800
  6 SAUZ            
    18   2.650   1.490    .916    .052    .032  -9.999  -9.999    .030  -9.999
    33   2.650   1.450    .809    .081    .110  -9.999  -9.999    .077   7.200
    61   2.650   1.450    .741    .075    .184  -9.999  -9.999    .131   8.000
   102   2.650   1.450    .800    .070    .130  -9.999  -9.999    .090   7.900
   140   2.650   1.450    .812    .062    .126  -9.999  -9.999    .091   7.800
   165   2.650   1.600    .737    .042    .221  -9.999  -9.999    .152   7.800
  7 SEFERINO        
     8   2.650   1.320    .094    .695    .211  -9.999  -9.999    .149   7.700
    41   2.650   1.400    .068    .648    .284  -9.999  -9.999    .172   7.700
    84   2.650   1.400    .068    .587    .345  -9.999  -9.999    .186   7.600
   114   2.650   1.380    .024    .525    .451  -9.999  -9.999    .233   7.700
   165   2.650   1.380    .021    .497    .482  -9.999  -9.999    .265   7.700
   229   2.650   1.380    .055    .522    .423  -9.999  -9.999    .243   7.700
   269   2.650   1.400    .164    .438    .398  -9.999  -9.999    .204   7.600
  5 SHARVANA        
    12   2.650   1.710    .809    .122    .069    .084  -9.999    .048  -9.999
    25   2.650   1.620    .832    .095    .073    .099  -9.999    .047  -9.999
    45   2.650   1.570    .809    .096    .095    .100  -9.999    .064  -9.999
    52   2.650   1.490    .803    .114    .083  -9.999  -9.999    .106   7.700
    72   2.650   1.450    .657    .257    .086  -9.999  -9.999    .058  -9.999
  2 SHIPS           
    86   2.650   1.390    .004    .315    .681    .446    .467    .310  -9.999
   137   2.650   1.390    .003    .345    .652    .425    .452    .314  -9.999
  4 SILAWA          
    18   2.650   1.490    .811    .161    .028  -9.999  -9.999    .018  -9.999
    48   2.650   1.930    .792    .180    .028    .118  -9.999    .019  -9.999
    38   2.650   1.600    .511    .152    .337    .331  -9.999    .227  -9.999
    89   2.650   1.600    .544    .184    .272    .306  -9.999    .205  -9.999
  1 SPECK           
    38   2.650   1.390    .131    .398    .471  -9.999  -9.999    .292  -9.999
  5 SPLOTTER        
    10   2.650   1.450    .753    .177    .070  -9.999  -9.999    .052   7.600
    28   2.650   1.450    .721    .166    .113  -9.999  -9.999    .078   7.400
    43   2.650   1.490    .778    .153    .069  -9.999  -9.999    .066   7.600
    91   2.650   1.450    .741    .212    .047  -9.999  -9.999    .070   7.400
   203   2.650   1.490    .750    .232    .018  -9.999  -9.999    .091   7.600
  6 STILLWELL       
    10   2.650   1.420    .509    .311    .180  -9.999  -9.999    .106   7.800
    46   2.650   1.450    .694    .203    .103  -9.999  -9.999    .061  -9.999
    71   2.650   1.420    .500    .339    .161  -9.999  -9.999    .091   8.000
   107   2.650   1.420    .502    .284    .214  -9.999  -9.999    .116  -9.999
   145   2.650   1.450    .579    .236    .185  -9.999  -9.999    .087   7.400
   178   2.650   1.450    .723    .154    .123  -9.999  -9.999    .065  -9.999
  5 STILLWELL       
     5   2.650   1.450    .616    .279    .105  -9.999  -9.999    .075   7.800
    23   2.650   1.450    .552    .285    .163  -9.999  -9.999    .099  -9.999
    74   2.650   1.420    .427    .332    .241  -9.999  -9.999    .126  -9.999
   119   2.650   1.450    .757    .140    .103  -9.999  -9.999    .067  -9.999
   173   2.650   1.450    .704    .148    .148  -9.999  -9.999    .125  -9.999
  7 STILLWELL       
     5   2.650   1.450    .741    .184    .075  -9.999  -9.999    .080  -9.999
    18   2.650   1.450    .616    .253    .131  -9.999  -9.999    .100  -9.999
    33   2.650   1.450    .629    .236    .135  -9.999  -9.999    .083  -9.999
    64   2.650   1.450    .618    .273    .109  -9.999  -9.999    .099  -9.999
    94   2.650   1.450    .738    .185    .077  -9.999  -9.999    .075   7.800
   152   2.650   1.450    .688    .187    .125  -9.999  -9.999    .081   7.700
   203   2.650   1.450    .748    .145    .107  -9.999  -9.999    .071   7.800
  6 STOVALL         
     8   2.650   1.420    .260    .450    .290  -9.999  -9.999    .202  -9.999
    20   2.650   1.390    .214    .379    .407  -9.999  -9.999    .217  -9.999
    64   2.650   1.390    .184    .354    .462  -9.999  -9.999    .231  -9.999
   124   2.650   1.390    .181    .378    .441  -9.999  -9.999    .203  -9.999
   152   2.650   1.400    .174    .474    .352  -9.999  -9.999    .127  -9.999
   203   2.650   1.420    .248    .467    .285  -9.999  -9.999    .121  -9.999
  7 STOVALL         
    13   2.650   1.320    .108    .652    .240  -9.999  -9.999    .214   7.700
    28   2.650   1.380    .056    .504    .440  -9.999  -9.999    .270   7.500
    46   2.650   1.380    .058    .462    .480  -9.999  -9.999    .257   7.500
    64   2.650   1.380    .065    .439    .496  -9.999  -9.999    .254   7.600
    91   2.650   1.380    .072    .430    .498  -9.999  -9.999    .251  -9.999
   152   2.650   1.380    .067    .451    .482  -9.999  -9.999    .211  -9.999
   185   2.650   1.380    .091    .452    .457  -9.999  -9.999    .233  -9.999
  5 STRABER         
    58   2.650   1.390    .432    .044    .524    .352  -9.999    .275  -9.999
    86   2.650   1.510    .504    .051    .445    .344  -9.999    .251  -9.999
   132   2.650   1.510    .578    .065    .357    .293  -9.999    .208  -9.999
   158   2.650   1.600    .696    .050    .254    .243  -9.999    .182  -9.999
   202   2.650   1.600    .712    .036    .252    .286  -9.999    .179   5.700
  2 TARPLEY         
    10   2.650   1.320    .124    .629    .247    .346  -9.999    .154   6.600
    18   2.650   1.380    .109    .484    .407    .366  -9.999    .247  -9.999
  4 TATLUM          
    46   2.650   1.450    .676    .179    .145  -9.999  -9.999    .109   7.200
    71   2.650   1.450    .665    .195    .140  -9.999  -9.999    .109   7.700
   107   2.650   1.600    .525    .220    .255  -9.999  -9.999    .203   7.500
   152   2.650   1.450    .773    .127    .100  -9.999  -9.999    .081   7.800
  6 TELFERNER       
    36   2.650   1.490    .796    .152    .052  -9.999  -9.999    .016  -9.999
    49   2.650   1.490    .801    .155    .044  -9.999  -9.999    .013  -9.999
    64   2.650   1.390    .447    .120    .433  -9.999  -9.999    .252  -9.999
    87   2.650   1.600    .521    .176    .303  -9.999  -9.999    .181   5.700
   112   2.650   1.600    .543    .170    .287  -9.999  -9.999    .163   6.200
   170   2.650   1.600    .601    .134    .265  -9.999  -9.999    .157   7.300
 10 THROCK          
    10   2.650   1.420    .202    .399    .399  -9.999  -9.999    .214   7.500
    29   2.650   1.390    .161    .399    .440    .282  -9.999    .206  -9.999
    50   2.650   1.380    .128    .411    .461    .288  -9.999    .201   7.900
    66   2.650   1.380    .083    .446    .471    .286  -9.999    .203   7.900
    87   2.650   1.380    .059    .440    .501    .279  -9.999    .206   7.800
   102   2.650   1.380    .103    .492    .405    .268  -9.999    .185   7.700
   127   2.650   1.400    .199    .501    .300    .206  -9.999    .132   7.600
   156   2.650   1.400    .133    .549    .318    .221  -9.999    .146   7.600
   175   2.650   1.380    .084    .487    .429    .330  -9.999    .185   7.600
   200   2.650   1.390    .020    .375    .605    .425  -9.999    .279   7.500
  9 THROCK          
     5   2.650   1.480    .091    .456    .453    .414  -9.999    .226   7.300
    16   2.650   1.390    .091    .394    .515    .363  -9.999    .259   7.500
    37   2.650   1.390    .085    .393    .522    .345  -9.999    .228   7.500
    73   2.650   1.390    .075    .389    .536    .329  -9.999    .228   7.400
    94   2.650   1.390    .080    .396    .524    .334  -9.999    .222   7.400
   114   2.650   1.390    .077    .391    .532    .347  -9.999    .228   7.500
   130   2.650   1.390    .042    .386    .572    .341  -9.999    .231   7.500
   149   2.650   1.390    .033    .386    .581    .334  -9.999    .221   7.500
   192   2.650   1.380    .030    .418    .552    .261  -9.999    .203   7.500
  9 THURBER         
    20   2.650   1.760    .247    .461    .292    .290  -9.999    .172  -9.999
    35   2.650   1.380    .166    .406    .428    .264  -9.999    .184  -9.999
    50   2.650   1.390    .159    .399    .442    .260  -9.999    .174   7.600
    70   2.650   1.390    .175    .374    .451    .246  -9.999    .170   7.700
    88   2.650   1.380    .138    .435    .427    .247  -9.999    .185   7.600
   120   2.650   1.390    .193    .388    .419    .249  -9.999    .174   7.500
   145   2.650   1.760    .406    .330    .264    .255  -9.999    .148   7.500
   180   2.650   1.420    .389    .317    .294  -9.999  -9.999    .141   7.500
   235   2.650   1.420    .397    .271    .332  -9.999  -9.999    .168   7.400
  2 THURBER         
    41   2.650   1.420    .307    .303    .390  -9.999  -9.999    .219  -9.999
    66   2.650   1.420    .295    .344    .361  -9.999  -9.999    .229  -9.999
  5 TOPSEY          
    18   2.650   1.620    .273    .448    .279    .356  -9.999    .198  -9.999
    36   2.650   1.690    .253    .447    .300    .357  -9.999    .171  -9.999
    48   2.650   1.320    .245    .502    .253    .308  -9.999    .115  -9.999
    71   2.650   1.790    .106    .702    .192    .320  -9.999    .111  -9.999
   203   2.650   1.400    .045    .556    .399    .231  -9.999    .155  -9.999
  4 TRACOSA         
    10   2.650   1.420    .418    .352    .230  -9.999  -9.999    .193   5.800
    48   2.650   1.420    .431    .350    .219  -9.999  -9.999    .158   7.500
   107   2.650   1.420    .252    .405    .343  -9.999  -9.999    .240   7.700
   157   2.650   1.420    .373    .350    .277  -9.999  -9.999    .220   7.700
  7 VENUS           
    13   2.650   1.450    .662    .236    .102  -9.999  -9.999    .061  -9.999
    20   2.650   1.780    .531    .292    .177    .290  -9.999    .128  -9.999
    56   2.650   1.420    .382    .337    .281    .291  -9.999    .173  -9.999
    76   2.650   1.420    .353    .346    .301    .250  -9.999    .177  -9.999
   130   2.650   1.420    .306    .389    .305    .264  -9.999    .169  -9.999
   173   2.650   1.750    .442    .302    .256    .182  -9.999    .156  -9.999
   208   2.650   1.490    .887    .056    .057  -9.999  -9.999    .030  -9.999
  7 VERNON          
    12   2.650   1.380    .064    .451    .485    .279  -9.999    .190   7.800
    23   2.650   1.380    .059    .422    .519    .282  -9.999    .188   7.800
    45   2.650   1.400    .051    .575    .374    .234  -9.999    .176   7.500
    78   2.650   1.400    .029    .603    .368    .231  -9.999    .167   7.500
    97   2.650   1.400    .033    .578    .389    .228  -9.999    .162   7.700
   118   2.650   1.400    .023    .613    .364  -9.999  -9.999    .172   7.700
   138   2.650   1.400    .034    .587    .379  -9.999  -9.999    .176   7.900
 10 VERNON          
     6   2.650   1.420    .237    .448    .315  -9.999  -9.999    .152   7.500
    25   2.650   1.740    .224    .443    .333    .343  -9.999    .202   7.000
    45   2.650   1.400    .098    .454    .448    .269  -9.999    .154   7.600
    65   2.650   1.380    .138    .457    .405    .221  -9.999    .157   7.900
    90   2.650   1.380    .079    .466    .455    .255  -9.999    .159   8.000
   115   2.650   1.380    .045    .451    .504    .276  -9.999    .190   8.200
   135   2.650   1.380    .036    .426    .538    .275  -9.999    .192   8.200
   160   2.650   1.380    .088    .408    .504  -9.999  -9.999    .178   8.300
   190   2.650   1.380    .052    .419    .529  -9.999  -9.999    .204   8.100
   225   2.650   1.380    .055    .438    .507  -9.999  -9.999    .197   8.100
  6 VERNON          
    10   2.650   1.820    .337    .442    .221    .278  -9.999    .158   8.200
    25   2.650   1.420    .292    .377    .331    .304  -9.999    .186   8.600
    52   2.650   1.400    .117    .545    .338    .256  -9.999    .192   8.300
    68   2.650   1.400    .064    .572    .364    .249  -9.999    .179   8.200
   125   2.650   1.400    .087    .631    .282    .209  -9.999    .192   7.800
   200   2.650   1.380    .054    .435    .511    .246  -9.999    .235   8.000
  2 VICTINE         
     2   2.650   1.390    .166    .298    .536  -9.999  -9.999    .321   7.500
   211   2.650   1.380    .133    .445    .422    .479  -9.999    .313   7.600
 10 WEYMOUTH        
     8   2.650   1.640    .405    .369    .226    .294  -9.999    .146   7.600
    30   2.650   1.660    .373    .354    .273    .284  -9.999    .156   7.700
    48   2.650   1.710    .352    .376    .272    .303  -9.999    .149   7.700
    64   2.650   1.880    .315    .409    .276    .263  -9.999    .184   7.800
    86   2.650   1.420    .288    .421    .291    .196  -9.999    .142   8.100
    97   2.650   1.420    .316    .394    .290    .084  -9.999    .141   8.000
   107   2.650   1.320    .600    .219    .181    .189  -9.999    .077   8.200
   119   2.650   1.420    .299    .370    .331  -9.999  -9.999    .155   8.200
   130   2.650   1.890    .641    .188    .171    .174  -9.999    .110   8.200
   130   2.650   1.450    .621    .226    .153    .097  -9.999    .083   8.300
  5 WICKETT         
    15   2.650   1.490    .905    .051    .044    .106  -9.999    .030  -9.999
    33   2.650   1.650    .928    .035    .037    .054  -9.999    .028  -9.999
    45   2.650   1.560    .850    .062    .088    .081  -9.999    .053  -9.999
    70   2.650   1.630    .756    .065    .179    .166  -9.999    .124  -9.999
   100   2.650   1.450    .658    .175    .167  -9.999  -9.999    .129   7.600
  7 WICKETT         
    13   2.650   1.670    .887    .060    .053    .117  -9.999    .042  -9.999
    38   2.650   1.600    .867    .054    .079    .109  -9.999    .046  -9.999
    58   2.650   1.640    .824    .059    .117    .161  -9.999    .077  -9.999
    74   2.650   1.700    .824    .053    .123    .162  -9.999    .085  -9.999
    91   2.650   1.710    .790    .028    .182    .219  -9.999    .120  -9.999
   160   2.650   1.490    .811    .132    .057  -9.999  -9.999    .069   7.900
   203   2.650   1.450    .758    .178    .064  -9.999  -9.999    .045   7.400
  2 WINDTHORST      
    71   2.650   1.420    .434    .187    .379    .329    .361    .222  -9.999
    97   2.650   1.510    .458    .182    .360    .352    .379    .223  -9.999
 10 WOODWARD        
    12   2.650   1.570    .664    .230    .106    .146  -9.999    .063  -9.999
    23   2.650   1.620    .697    .205    .098    .099  -9.999    .063  -9.999
    41   2.650   1.840    .679    .219    .102    .173  -9.999    .081  -9.999
    69   2.650   1.510    .650    .231    .119    .171  -9.999    .077  -9.999
    86   2.650   1.450    .611    .263    .126  -9.999  -9.999    .071  -9.999
   105   2.650   1.670    .513    .365    .122    .182  -9.999    .087  -9.999
   125   2.650   1.740    .394    .505    .101    .235  -9.999    .078   7.900
   157   2.650   1.760    .361    .549    .090    .234  -9.999    .084   7.800
   178   2.650   1.760    .225    .612    .163    .319  -9.999    .125   7.800
   200   2.650   1.320    .245    .628    .127    .202  -9.999    .087   7.900
  9 WOODWARD        
    12   2.650   1.450    .629    .248    .123  -9.999  -9.999    .078   7.800
    36   2.650   1.520    .590    .266    .144    .214  -9.999    .103   7.900
    57   2.650   1.450    .522    .309    .169    .236  -9.999    .110  -9.999
    82   2.650   1.630    .563    .314    .123    .179  -9.999    .103  -9.999
   102   2.650   1.740    .601    .293    .106    .188  -9.999    .097  -9.999
   134   2.650   1.690    .261    .541    .198    .264  -9.999    .166   7.900
   154   2.650   1.760    .305    .514    .181    .304  -9.999    .178   7.900
   165   2.650   1.700    .586    .333    .081    .170  -9.999    .094   8.000
   190   2.650   1.740    .485    .445    .070    .197  -9.999    .115   8.000
