  5 ABRACON         
    10   2.650   1.450    .658    .206    .136  -9.999  -9.999    .086  -9.999
    25   2.650   1.450    .593    .230    .177  -9.999  -9.999    .100  -9.999
    43   2.650   1.600    .468    .229    .303  -9.999  -9.999    .150  -9.999
    79   2.650   1.420    .448    .239    .313  -9.999  -9.999    .152  -9.999
   132   2.650   1.600    .473    .217    .310  -9.999  -9.999    .326  -9.999
  5 ACANA           
     8   2.650   1.660    .503    .362    .135    .310  -9.999    .136   7.900
    33   2.650   1.490    .447    .351    .202    .235  -9.999    .150   8.000
    43   2.650   1.420    .574    .280    .146    .432  -9.999    .200   7.700
    61   2.650   1.650    .652    .265    .083    .297  -9.999    .256   7.900
   100   2.650   1.450    .771    .155    .074  -9.999  -9.999    .213   7.900
  4 ACANA           
     8   2.650   1.490    .489    .345    .166    .332  -9.999    .140   7.600
    28   2.650   1.420    .427    .322    .251    .277  -9.999    .202   7.800
    38   2.650   2.080    .656    .220    .124    .185  -9.999  -9.999   8.300
    43   2.650   1.450    .743    .175    .082  -9.999  -9.999  -9.999   8.300
  4 ASHDOWN         
    13   2.650   1.450    .627    .205    .168  -9.999  -9.999    .099  -9.999
    51   2.650   1.450    .573    .264    .163  -9.999  -9.999    .096  -9.999
   109   2.650   1.420    .378    .426    .196  -9.999  -9.999    .098  -9.999
   152   2.650   1.420    .227    .488    .285  -9.999  -9.999    .169  -9.999
  3 ATCHEE          
     5   2.650   1.400    .067    .653    .280  -9.999  -9.999    .143   7.600
    13   2.650   1.320    .040    .752    .208  -9.999  -9.999    .128   7.700
    28   2.650   1.320    .050    .751    .199  -9.999  -9.999    .111   7.800
  3 ATCHEE          
     5   2.650   1.450    .579    .312    .109  -9.999  -9.999    .122  -9.999
    18   2.650   1.450    .593    .340    .067  -9.999  -9.999    .091  -9.999
    36   2.650   1.320    .429    .508    .063  -9.999  -9.999    .117   7.800
  8 BARX            
     8   2.650   1.450    .676    .240    .084    .123  -9.999    .064   7.000
    23   2.650   1.560    .569    .261    .170    .176  -9.999    .105  -9.999
    38   2.650   1.450    .537    .264    .199  -9.999  -9.999    .109  -9.999
    58   2.650   1.720    .521    .279    .200    .224  -9.999    .134   7.700
    91   2.650   1.820    .542    .271    .187    .244  -9.999    .144  -9.999
   119   2.650   1.540    .431    .389    .180    .319  -9.999    .145   8.500
   140   2.650   1.320    .262    .550    .188  -9.999  -9.999    .115   8.700
   152   2.650   1.320    .319    .510    .171  -9.999  -9.999    .140   8.600
  3 BOXELDER        
     6   2.650   1.420    .347    .421    .232  -9.999  -9.999    .246   7.900
    23   2.650   1.420    .271    .451    .278  -9.999  -9.999    .250   7.800
    60   2.650   1.420    .370    .377    .253  -9.999  -9.999    .169   8.000
  4 BROAD CANYON FAM
    25   2.650   1.420    .401    .439    .160  -9.999  -9.999    .170   6.900
    38   2.650   1.420    .494    .352    .154  -9.999  -9.999    .143   7.600
    69   2.650   1.450    .629    .231    .140  -9.999  -9.999    .139   7.700
   127   2.650   1.490    .805    .138    .057  -9.999  -9.999    .088   7.800
  3 CAHONA          
    23   2.650   1.600    .504    .269    .227  -9.999  -9.999    .134  -9.999
    38   2.650   1.420    .500    .306    .194  -9.999  -9.999    .109  -9.999
    69   2.650   1.420    .494    .309    .197  -9.999  -9.999    .115  -9.999
  3 CAHONA          
    38   2.650   1.450    .551    .269    .180  -9.999  -9.999    .103  -9.999
    58   2.650   1.420    .475    .327    .198  -9.999  -9.999    .124  -9.999
    97   2.650   1.600    .524    .260    .216  -9.999  -9.999    .150  -9.999
  2 CAHONA          
    46   2.650   1.450    .598    .244    .158  -9.999  -9.999    .109  -9.999
    91   2.650   1.450    .598    .235    .167  -9.999  -9.999    .109  -9.999
  6 CURCREEK        
    15   2.650   1.450    .687    .205    .108    .339  -9.999    .081  -9.999
    30   2.650   1.450    .618    .221    .161  -9.999  -9.999    .103  -9.999
    53   2.650   1.680    .429    .352    .219    .363  -9.999    .153  -9.999
    91   2.650   1.420    .387    .414    .199  -9.999  -9.999    .105   7.900
   130   2.650   1.780    .165    .526    .309    .283  -9.999    .210   8.300
   152   2.650   1.420    .274    .447    .279  -9.999  -9.999    .158   8.400
  4 DOYCE           
    15   2.650   1.320    .264    .547    .189  -9.999  -9.999    .158   7.600
    41   2.650   1.420    .240    .496    .264  -9.999  -9.999    .210   7.500
    86   2.650   1.420    .345    .397    .258  -9.999  -9.999    .172  -9.999
   132   2.650   1.420    .378    .409    .213  -9.999  -9.999    .129  -9.999
  4 GLENWOOD        
    13   2.650   1.450    .646    .239    .115  -9.999  -9.999    .113   7.600
    48   2.650   1.450    .703    .191    .106  -9.999  -9.999    .120   7.500
    74   2.650   1.490    .807    .136    .057  -9.999  -9.999    .069  -9.999
   152   2.650   1.490    .966    .026    .008  -9.999  -9.999    .046  -9.999
  6 HIKO PEAK       
    10   2.650   1.480    .399    .475    .126    .336  -9.999    .120   7.600
    20   2.650   1.640    .383    .436    .181    .294  -9.999    .184   7.800
    53   2.650   1.420    .453    .399    .148  -9.999  -9.999    .136   7.800
    76   2.650   1.450    .634    .219    .147    .387  -9.999    .131  -9.999
   127   2.650   1.450    .715    .150    .135  -9.999  -9.999    .103   8.400
   152   2.650   1.450    .540    .278    .182    .307  -9.999    .148   8.700
  5 HOYE            
    13   2.650   1.490    .782    .140    .078  -9.999  -9.999    .070  -9.999
    30   2.650   1.450    .629    .175    .196  -9.999  -9.999    .125  -9.999
    43   2.650   1.600    .552    .187    .261  -9.999  -9.999    .181  -9.999
    81   2.650   1.450    .746    .104    .150  -9.999  -9.999    .119  -9.999
   152   2.650   1.450    .786    .094    .120  -9.999  -9.999    .110   8.000
  1 KEARNS          
   124   2.650   1.420    .266    .472    .262  -9.999  -9.999    .152  -9.999
  7 KUNZLER         
    10   2.650   1.420    .507    .396    .097    .210  -9.999    .112   8.000
    28   2.650   1.320    .541    .346    .113    .187  -9.999    .121   8.500
    41   2.650   1.390    .598    .304    .098    .289  -9.999    .181   8.900
    63   2.650   1.520    .727    .211    .062    .404  -9.999    .176   8.800
    81   2.650   1.540    .704    .246    .050    .310  -9.999    .156   8.800
   104   2.650   1.320    .689    .258    .053    .272  -9.999    .120   8.300
   170   2.650   1.900    .527    .410    .063    .230  -9.999    .169   7.700
  5 LIMERIDGE       
     3   2.650   1.490    .777    .153    .070  -9.999  -9.999    .057   8.000
     8   2.650   1.450    .770    .137    .093  -9.999  -9.999    .061  -9.999
    20   2.650   1.590    .757    .139    .104    .189  -9.999    .113  -9.999
    28   2.650   1.570    .743    .154    .103    .240  -9.999    .077  -9.999
    41   2.650   1.620    .691    .172    .137    .183  -9.999    .097  -9.999
  7 MEDBURN         
    10   2.650   1.450    .590    .299    .111  -9.999  -9.999    .084   8.200
    20   2.650   1.560    .545    .348    .107    .251  -9.999    .106  -9.999
    38   2.650   1.430    .527    .358    .115    .227  -9.999    .097  -9.999
    61   2.650   1.530    .527    .384    .089    .217  -9.999    .098  -9.999
    81   2.650   1.510    .570    .315    .115    .267  -9.999    .097   8.300
   104   2.650   1.510    .623    .274    .103    .352  -9.999    .092   8.100
   152   2.650   1.410    .502    .411    .087    .281  -9.999    .099   7.800
  4 MESPUN          
    28   2.650   1.490    .960    .006    .034  -9.999  -9.999    .019  -9.999
    78   2.650   1.490    .933    .033    .034  -9.999  -9.999    .021  -9.999
   115   2.650   1.490    .938    .028    .034  -9.999  -9.999    .018  -9.999
   150   2.650   1.490    .925    .042    .033  -9.999  -9.999    .018  -9.999
  6 MIVIDA          
     6   2.650   1.450    .723    .215    .062  -9.999  -9.999    .054   8.000
    19   2.650   1.550    .645    .272    .083    .112  -9.999    .065  -9.999
    41   2.650   1.430    .620    .228    .152    .172  -9.999    .090  -9.999
    56   2.650   1.730    .586    .225    .189    .261  -9.999    .126  -9.999
    93   2.650   1.450    .625    .210    .165  -9.999  -9.999    .093  -9.999
   133   2.650   1.810    .678    .173    .149    .215  -9.999    .098   8.600
  6 NAKAI           
     5   2.650   1.490    .833    .091    .076  -9.999  -9.999    .051   8.000
    23   2.650   1.670    .804    .104    .092    .094  -9.999    .078  -9.999
    47   2.650   1.710    .749    .128    .123    .192  -9.999    .115  -9.999
    66   2.650   1.780    .609    .217    .174    .274  -9.999    .121  -9.999
    84   2.650   1.770    .567    .254    .179    .292  -9.999    .106   8.400
   110   2.650   1.450    .675    .167    .158    .218  -9.999    .142   8.700
  7 NAKAI           
    30   2.650   1.450    .722    .103    .175  -9.999  -9.999    .080  -9.999
    51   2.650   1.450    .758    .099    .143  -9.999  -9.999    .065  -9.999
    66   2.650   1.450    .771    .074    .155  -9.999  -9.999    .068  -9.999
    97   2.650   1.600    .784    .070    .146    .226    .088    .083  -9.999
   127   2.650   1.790    .871    .024    .105    .068    .098    .055  -9.999
   157   2.650   1.450    .742    .145    .113  -9.999  -9.999    .052  -9.999
   183   2.650   1.620    .203    .565    .232    .313  -9.999    .130  -9.999
  5 NOLAVA          
    10   2.650   1.420    .446    .337    .217  -9.999  -9.999    .122  -9.999
    33   2.650   1.420    .492    .311    .197  -9.999  -9.999    .104  -9.999
   102   2.650   1.420    .396    .379    .225  -9.999  -9.999    .108  -9.999
   117   2.650   1.420    .451    .291    .258  -9.999  -9.999    .119  -9.999
   152   2.650   1.600    .526    .187    .287  -9.999  -9.999    .144  -9.999
  4 NOLAVA          
    30   2.650   1.420    .493    .313    .194  -9.999  -9.999    .126  -9.999
    58   2.650   1.420    .403    .304    .293  -9.999  -9.999    .135  -9.999
    86   2.650   1.390    .295    .237    .468  -9.999  -9.999    .196  -9.999
   124   2.650   1.390    .309    .230    .461  -9.999  -9.999    .196  -9.999
  4 NOLAVA          
    30   2.650   1.450    .661    .178    .161  -9.999  -9.999    .090  -9.999
    61   2.650   1.600    .537    .141    .322  -9.999  -9.999    .160  -9.999
    89   2.650   1.390    .413    .166    .421  -9.999  -9.999    .157  -9.999
   150   2.650   1.510    .466    .182    .352  -9.999  -9.999    .136  -9.999
  5 RED ROCK        
    20   2.650   1.420    .415    .445    .140  -9.999  -9.999    .126  -9.999
    53   2.650   1.420    .384    .471    .145  -9.999  -9.999    .128  -9.999
    84   2.650   1.320    .280    .548    .172  -9.999  -9.999    .154  -9.999
   107   2.650   1.320    .239    .578    .183  -9.999  -9.999    .158  -9.999
   152   2.650   1.320    .224    .549    .227  -9.999  -9.999    .194  -9.999
  4 RENOL           
     8   2.650   1.450    .689    .174    .137  -9.999  -9.999    .064   7.400
    23   2.650   1.450    .657    .186    .157    .174  -9.999    .072  -9.999
    43   2.650   1.600    .583    .189    .228    .205  -9.999    .120  -9.999
    69   2.650   1.420    .432    .190    .378  -9.999  -9.999    .231   7.700
  3 RIZNO           
     5   2.650   1.560    .654    .279    .067    .206  -9.999    .134   7.700
    13   2.650   1.450    .664    .242    .094  -9.999  -9.999    .062  -9.999
    19   2.650   1.450    .638    .254    .108  -9.999  -9.999    .074  -9.999
  6 ROBROOST        
     3   2.650   1.450    .564    .361    .075  -9.999  -9.999    .078   7.400
    23   2.650   1.450    .731    .215    .054  -9.999  -9.999    .102   7.700
    51   2.650   1.780    .743    .207    .050    .171  -9.999    .091   7.800
    86   2.650   1.520    .588    .339    .073    .225  -9.999    .099   7.700
   115   2.650   1.610    .582    .332    .086    .230  -9.999    .060   7.700
   160   2.650   1.450    .743    .207    .050  -9.999  -9.999    .070   7.900
  2 RUINPOINT       
    76   2.650   1.450    .589    .236    .175  -9.999  -9.999    .112  -9.999
    94   2.650   1.450    .647    .202    .151  -9.999  -9.999    .097  -9.999
  8 SKUMPAH         
     3   2.650   1.510    .320    .510    .170    .190  -9.999    .085   7.500
    13   2.650   1.500    .289    .473    .238    .203  -9.999    .120   7.800
    22   2.650   1.660    .245    .455    .300    .289  -9.999    .179   8.200
    35   2.650   1.610    .155    .453    .392    .330  -9.999    .217   8.100
    50   2.650   1.500    .122    .541    .337    .347  -9.999    .233   7.900
    72   2.650   1.600    .327    .312    .361    .371  -9.999    .222   8.100
   124   2.650   1.050    .035    .520    .445    .532  -9.999    .217   8.500
   151   2.650   1.400    .102    .625    .273    .454  -9.999    .175   8.300
  6 SPAGER          
     5   2.650   1.750    .498    .357    .145    .324  -9.999    .163   7.700
    18   2.650   1.630    .414    .395    .191    .293  -9.999    .174   7.900
    25   2.650   1.420    .457    .348    .195    .366  -9.999    .163   8.000
    33   2.650   1.450    .594    .249    .157  -9.999  -9.999    .139   7.900
    46   2.650   1.450    .596    .258    .146  -9.999  -9.999    .174   7.600
    65   2.650   1.450    .665    .243    .092  -9.999  -9.999    .168   7.700
  5 SURFAZ          
     5   2.650   1.510    .790    .139    .071    .104  -9.999    .053   7.100
    20   2.650   2.130    .732    .161    .107    .149  -9.999    .109   7.100
    51   2.650   1.450    .811    .078    .111  -9.999  -9.999    .074  -9.999
   104   2.650   1.490    .900    .032    .068  -9.999  -9.999    .045  -9.999
   150   2.650   1.490    .950    .018    .032  -9.999  -9.999    .045  -9.999
  5 TAYLORSFLAT     
    13   2.650   1.350    .365    .470    .165    .262  -9.999    .150   7.400
    46   2.650   1.500    .396    .454    .150    .381  -9.999    .184   7.900
    64   2.650   1.310    .538    .351    .111    .307  -9.999    .140   8.000
    89   2.650   1.390    .418    .454    .128    .279  -9.999    .163   7.900
   152   2.650   1.380    .142    .572    .286    .339  -9.999    .229   7.600
  6 TOSSER          
    10   2.650   1.440    .689    .187    .124    .220  -9.999    .108   7.700
    25   2.650   1.450    .735    .158    .107  -9.999  -9.999    .112  -9.999
    58   2.650   1.490    .859    .085    .056    .215  -9.999    .091   7.900
    94   2.650   1.490    .922    .038    .040  -9.999  -9.999    .067   7.900
   130   2.650   1.420    .496    .375    .129    .322  -9.999    .121   7.800
   152   2.650   1.420    .395    .384    .221  -9.999  -9.999    .142   7.900
  6 UVADA           
     6   2.650   2.100    .865    .098    .037    .094  -9.999    .055   8.200
    15   2.650   1.670    .426    .304    .270    .301  -9.999    .122   8.700
    36   2.650   1.600    .352    .190    .458    .381  -9.999    .208   8.600
    46   2.650   1.490    .830    .060    .110  -9.999  -9.999    .089   8.000
    56   2.650   1.450    .794    .078    .128  -9.999  -9.999    .094   7.900
    83   2.650   1.420    .449    .337    .214  -9.999  -9.999    .162   7.800
  6 UVADA (SODIC)   
     2   2.650   1.320    .082    .651    .267  -9.999  -9.999    .116   7.200
     9   2.650   1.680    .058    .495    .447    .353  -9.999    .192   7.700
    22   2.650   1.390    .035    .387    .578    .343  -9.999    .206   7.800
    35   2.650   1.390    .026    .390    .584    .370  -9.999    .243   8.000
    62   2.650   1.430    .009    .618    .373    .355  -9.999    .237   8.100
   190   2.650   1.380    .060    .611    .329    .370  -9.999    .232   8.000
  5 WHEELON         
    20   2.650   1.320    .243    .557    .200  -9.999  -9.999    .206   7.500
    66   2.650   1.320    .143    .674    .183  -9.999  -9.999    .218  -9.999
    81   2.650   1.320    .222    .620    .158  -9.999  -9.999    .199  -9.999
   109   2.650   1.320    .211    .639    .150  -9.999  -9.999    .187  -9.999
   152   2.650   1.320    .256    .626    .118  -9.999  -9.999    .152  -9.999
  5 WHEELON         
    25   2.650   1.420    .484    .384    .132  -9.999  -9.999    .193   7.300
    58   2.650   1.320    .324    .504    .172  -9.999  -9.999    .231   7.300
    81   2.650   1.320    .179    .687    .134  -9.999  -9.999    .228  -9.999
   104   2.650   1.420    .460    .410    .130  -9.999  -9.999    .156  -9.999
   152   2.650   1.490    .776    .192    .032  -9.999  -9.999    .103  -9.999
  5 WHEELON         
    18   2.650   1.320    .220    .602    .178  -9.999  -9.999    .074   7.800
    58   2.650   1.320    .230    .613    .157  -9.999  -9.999    .082   8.400
    96   2.650   1.320    .275    .563    .162  -9.999  -9.999    .173   8.600
   132   2.650   1.420    .481    .412    .107  -9.999  -9.999    .143   8.500
   152   2.650   1.450    .543    .345    .112  -9.999  -9.999    .181   8.500
  5 WHEELON         
    27   2.650   1.320    .292    .531    .177  -9.999  -9.999    .124   7.600
    50   2.650   1.320    .110    .661    .229  -9.999  -9.999    .279   7.700
    70   2.650   1.320    .112    .659    .229  -9.999  -9.999    .272   7.700
    95   2.650   1.320    .160    .623    .217  -9.999  -9.999    .261  -9.999
   150   2.650   1.320    .095    .682    .223  -9.999  -9.999    .133  -9.999
  5 WOODHURST FAM.  
    25   2.650   1.420    .502    .330    .168  -9.999  -9.999    .253  -9.999
    74   2.650   1.450    .547    .303    .150    .193  -9.999    .178  -9.999
   102   2.650   1.450    .602    .278    .120  -9.999  -9.999    .122  -9.999
   134   2.650   1.450    .681    .187    .132  -9.999  -9.999    .106  -9.999
   152   2.650   1.420    .334    .317    .349  -9.999  -9.999    .230  -9.999
