  3 AMENIA          
    99   2.650   2.020    .612    .357    .031    .194  -9.999    .030  -9.999
   140   2.650   1.450    .501    .444    .055    .170  -9.999    .035  -9.999
   200   2.650   1.450    .490    .456    .054    .160  -9.999    .032  -9.999
  4 AMENIA          
    61   2.650   1.450    .542    .416    .042    .238  -9.999    .049  -9.999
   117   2.650   1.320    .403    .519    .078    .165  -9.999    .046  -9.999
   160   2.650   2.030    .401    .526    .073    .227  -9.999    .065  -9.999
   200   2.650   1.320    .396    .524    .080  -9.999  -9.999    .048  -9.999
  4 AMENIA          
    59   2.650   1.880    .435    .485    .080    .263  -9.999    .077  -9.999
    94   2.650   1.710    .369    .504    .127    .316  -9.999    .097  -9.999
   163   2.650   1.320    .357    .529    .114    .162  -9.999    .059  -9.999
   193   2.650   1.320    .333    .542    .125    .160  -9.999    .059  -9.999
  2 BERKSHIRE       
    25   2.650   1.170    .581    .369    .050    .393  -9.999    .076  -9.999
   132   2.650   1.900    .660    .336    .004    .133  -9.999    .023  -9.999
  1 BERSHIRE        
    38   2.650   1.450    .506    .425    .069  -9.999  -9.999    .131   4.800
 10 BOMOSEEN        
    28   2.650   1.420    .378    .426    .196    .239  -9.999    .114  -9.999
    40   2.650   1.420    .341    .449    .210    .248  -9.999    .119  -9.999
    58   2.650   1.420    .319    .451    .230    .206  -9.999    .116  -9.999
    74   2.650   1.420    .330    .440    .230    .200  -9.999    .114  -9.999
    99   2.650   1.420    .323    .448    .229    .199  -9.999    .109  -9.999
   170   2.650   1.420    .274    .452    .274    .216  -9.999    .138  -9.999
   200   2.650   1.420    .275    .459    .266    .186  -9.999    .126  -9.999
   220   2.650   1.420    .281    .449    .270    .214  -9.999    .142  -9.999
   230   2.650   1.450    .577    .290    .133    .183  -9.999    .077  -9.999
   260   2.650   1.450    .580    .287    .133    .215  -9.999    .071  -9.999
  5 BOMOSEEN        
   135   2.650   1.320    .274    .517    .209    .197  -9.999    .100  -9.999
   165   2.650   1.320    .275    .507    .218    .213  -9.999    .100  -9.999
   190   2.650   1.320    .281    .502    .217    .176  -9.999    .102  -9.999
   225   2.650   1.420    .278    .500    .222    .226  -9.999    .108  -9.999
   235   2.650   1.320    .263    .511    .226    .213  -9.999    .098  -9.999
  5 BOMOSEEN        
   112   2.650   1.320    .330    .537    .133    .214  -9.999    .063  -9.999
   130   2.650   1.320    .359    .516    .125    .214  -9.999    .059  -9.999
   167   2.650   1.320    .280    .563    .157    .257  -9.999    .069  -9.999
   200   2.650   1.320    .415    .513    .072    .185  -9.999    .037  -9.999
   240   2.650   1.420    .323    .492    .185    .203  -9.999    .088  -9.999
  1 COLTON          
    17   2.650   1.450    .663    .272    .065  -9.999  -9.999    .218  -9.999
  1 FRAGIAQUEPTS    
   137   2.650   1.710    .500    .432    .068    .239  -9.999    .062  -9.999
  2 GALWAY          
    56   2.650   1.450    .560    .395    .045  -9.999  -9.999    .068  -9.999
    80   2.650   1.450    .577    .394    .029  -9.999  -9.999    .054  -9.999
  5 GEORGIA         
    54   2.650   1.660    .481    .431    .088    .239  -9.999    .065  -9.999
    81   2.650   1.800    .477    .443    .080    .193  -9.999    .065  -9.999
   132   2.650   1.850    .512    .401    .087    .235  -9.999    .070  -9.999
   174   2.650   1.830    .498    .421    .081    .240  -9.999    .062  -9.999
   215   2.650   1.860    .458    .442    .100    .249  -9.999    .080  -9.999
  4 GEORGIA         
    41   2.650   1.700    .329    .536    .135    .330  -9.999    .097  -9.999
    56   2.650   1.320    .271    .575    .154    .248  -9.999    .082  -9.999
    76   2.650   1.320    .289    .565    .146    .216  -9.999    .078  -9.999
   160   2.650   1.420    .378    .493    .129    .220  -9.999    .082  -9.999
  1 HAPLAQUEPTS     
   172   2.650   1.740    .371    .561    .068    .294  -9.999    .064  -9.999
  2 HOUGHTONVILLE   
    44   2.650   1.130    .706    .251    .043    .271  -9.999    .093  -9.999
   107   2.650   1.800    .707    .256    .037    .160  -9.999    .038  -9.999
  2 LYMAN           
    20   2.650    .930    .461    .472    .067    .486  -9.999    .112  -9.999
    28   2.650    .910    .691    .254    .055    .385  -9.999    .132  -9.999
  2 NELLIS          
   101   2.650   1.420    .499    .372    .129    .200  -9.999    .072  -9.999
   189   2.650   1.420    .517    .374    .109    .203  -9.999    .062  -9.999
  3 PITTSFIELD      
   102   2.650   1.730    .452    .463    .085    .265  -9.999    .067  -9.999
   132   2.650   1.710    .500    .436    .064    .145  -9.999    .056  -9.999
   183   2.650   1.420    .440    .480    .080  -9.999  -9.999    .053  -9.999
  1 PITTSTOWN       
    33   2.650   1.330    .229    .667    .104    .472  -9.999    .104  -9.999
  1 QUONSET         
    38   2.650   1.330    .791    .160    .049    .213  -9.999    .048  -9.999
  3 STOCKBRIDGE     
   103   2.650   1.900    .502    .417    .081    .275  -9.999    .080  -9.999
   141   2.650   1.420    .427    .476    .097    .253  -9.999    .074  -9.999
   192   2.650   1.420    .402    .497    .101    .253  -9.999    .062  -9.999
  1 TACONIC         
    40   2.650   1.110    .396    .512    .092    .390  -9.999    .129  -9.999
  2 TUNBRIDGE       
    51   2.650   1.450    .554    .392    .054  -9.999  -9.999    .100  -9.999
    17   2.650   1.450    .634    .305    .061  -9.999  -9.999    .117  -9.999
  1 WARWICK         
    35   2.650   1.200    .461    .426    .113    .360  -9.999    .082  -9.999
