  8 ALSTOWN         
    18   2.650   1.260    .336    .578    .086    .315  -9.999    .083   5.600
    33   2.650   1.280    .305    .615    .080    .260  -9.999    .082  -9.999
    66   2.650   1.530    .292    .572    .136    .298  -9.999    .112  -9.999
    81   2.650   1.650    .318    .573    .109    .309  -9.999    .109  -9.999
    97   2.650   1.320    .253    .704    .043    .248  -9.999    .081  -9.999
   114   2.650   1.320    .186    .771    .043    .293  -9.999    .086  -9.999
   122   2.650   1.340    .149    .817    .034    .330  -9.999    .070  -9.999
   155   2.650   1.300    .315    .639    .046    .300  -9.999    .088   8.600
  6 BANDID          
     4   2.650   1.450    .535    .453    .012  -9.999  -9.999    .023  -9.999
    19   2.650   1.490    .890    .110    .000  -9.999  -9.999    .037  -9.999
    31   2.650   1.490    .957    .043    .000  -9.999  -9.999    .048  -9.999
    41   2.650   1.610    .848    .140    .012    .109  -9.999    .031  -9.999
    64   2.650   1.490    .971    .029    .000  -9.999  -9.999    .031  -9.999
    70   2.650   1.490    .991    .009    .000  -9.999  -9.999    .040  -9.999
  3 BENWY           
    46   2.650   1.320    .303    .568    .129  -9.999  -9.999    .137  -9.999
    84   2.650   1.320    .149    .613    .238  -9.999  -9.999    .176  -9.999
   114   2.650   1.320    .154    .622    .224  -9.999  -9.999    .189  -9.999
 10 BROADAX         
    15   2.650   1.350    .367    .489    .144    .316  -9.999    .109   5.400
    20   2.650   1.540    .346    .493    .161    .310  -9.999    .129   5.600
    33   2.650   1.420    .322    .517    .161    .275  -9.999    .119   6.700
    41   2.650   1.470    .283    .536    .181    .269  -9.999    .110   6.900
    69   2.650   1.480    .271    .529    .200    .293  -9.999    .124   7.000
    86   2.650   1.570    .254    .508    .238    .353  -9.999    .160   7.700
   109   2.650   1.490    .253    .526    .221    .340  -9.999    .145   7.900
   130   2.650   1.530    .272    .512    .216    .321  -9.999    .155   7.600
   145   2.650   1.320    .313    .551    .136  -9.999  -9.999    .136   8.300
   155   2.650   1.420    .442    .444    .114  -9.999  -9.999    .081   8.300
  1 CEDONIA         
    97   2.650   1.420    .417    .463    .120  -9.999  -9.999    .133  -9.999
  3 CHARD           
    20   2.650   1.420    .487    .430    .083  -9.999  -9.999    .094  -9.999
    46   2.650   1.450    .540    .381    .079  -9.999  -9.999    .094  -9.999
    79   2.650   1.450    .583    .351    .066  -9.999  -9.999    .081  -9.999
  5 COLOCKUM        
    10   2.650   1.420    .376    .479    .145  -9.999  -9.999    .143  -9.999
    25   2.650   1.420    .331    .458    .211  -9.999  -9.999    .156  -9.999
    51   2.650   1.420    .292    .500    .208  -9.999  -9.999    .148  -9.999
    84   2.650   1.420    .326    .494    .180  -9.999  -9.999    .156  -9.999
   109   2.650   1.420    .386    .462    .152  -9.999  -9.999    .172  -9.999
  6 CONCONULLY      
    43   2.650   1.280    .560    .405    .035    .197  -9.999    .069  -9.999
    74   2.650   1.770    .615    .336    .049    .234  -9.999    .076  -9.999
   117   2.650   1.450    .670    .293    .037  -9.999  -9.999    .026  -9.999
   124   2.650   1.780    .655    .325    .020    .144  -9.999    .037  -9.999
   147   2.650   1.940    .648    .323    .029    .097  -9.999    .033  -9.999
   168   2.650   1.450    .663    .307    .030  -9.999  -9.999    .022  -9.999
  1 CONCULLY        
   155   2.650   1.490    .869    .087    .044  -9.999  -9.999    .027  -9.999
  1 DELRIO          
   152   2.650   1.450    .589    .398    .013  -9.999  -9.999    .035  -9.999
  1 DONAVAN         
   157   2.650   2.000    .620    .298    .082    .204  -9.999    .060  -9.999
  6 DOUGVILLE       
    15   2.650   1.290    .441    .465    .094    .408    .477    .090   5.600
    30   2.650   1.240    .366    .515    .119    .393    .455    .097  -9.999
    50   2.650   1.210    .369    .535    .096    .379    .453    .087  -9.999
    82   2.650   1.290    .394    .515    .091    .419    .470    .081  -9.999
   117   2.650   1.370    .370    .520    .110    .240    .373    .089  -9.999
   157   2.650   1.320    .392    .512    .096    .440    .495    .116  -9.999
  7 DYERHILL        
    18   2.650   1.450    .589    .345    .066    .319  -9.999    .078   5.300
    41   2.650   1.390    .540    .403    .057    .346  -9.999    .078  -9.999
    56   2.650   1.340    .527    .415    .058    .319  -9.999    .074  -9.999
    76   2.650   1.400    .552    .398    .050    .295  -9.999    .066  -9.999
    92   2.650   1.790    .500    .404    .096    .301  -9.999    .116  -9.999
   117   2.650   1.450    .541    .386    .073    .218  -9.999    .072  -9.999
   124   2.650   1.450    .552    .376    .072  -9.999  -9.999    .088  -9.999
  3 ELVEDERE        
    15   2.650   1.320    .143    .672    .185  -9.999  -9.999    .079  -9.999
    25   2.650   1.400    .033    .573    .394  -9.999  -9.999    .171  -9.999
    38   2.650   1.380    .018    .567    .415  -9.999  -9.999    .152   8.000
  2 ESQUATZEL       
   102   2.650   1.420    .386    .384    .230  -9.999  -9.999    .072  -9.999
   152   2.650   1.420    .280    .478    .242  -9.999  -9.999    .065  -9.999
  3 FARRELL         
   104   2.650   1.320    .388    .548    .064  -9.999  -9.999    .078  -9.999
   122   2.650   1.490    .783    .166    .051  -9.999  -9.999    .067  -9.999
   152   2.650   1.490    .912    .073    .015  -9.999  -9.999    .048  -9.999
  8 HANNING         
    10   2.650   1.310    .257    .605    .138    .407  -9.999    .123  -9.999
    20   2.650   1.320    .268    .590    .142    .342  -9.999    .129  -9.999
    38   2.650   1.200    .286    .605    .109    .312  -9.999    .112  -9.999
    51   2.650   1.210    .236    .648    .116    .300  -9.999    .099  -9.999
    66   2.650   1.500    .255    .588    .157    .288  -9.999    .122  -9.999
    81   2.650   1.540    .264    .539    .197    .299  -9.999    .146  -9.999
   117   2.650   1.540    .318    .463    .219    .302  -9.999    .171  -9.999
   152   2.650   1.570    .265    .544    .191    .369  -9.999    .162  -9.999
  2 HODGSON         
    33   2.650   1.400    .085    .628    .287  -9.999  -9.999    .119  -9.999
   112   2.650   1.380    .013    .586    .401  -9.999  -9.999    .185  -9.999
  4 KIONA           
    10   2.650   1.420    .442    .436    .122  -9.999  -9.999    .143  -9.999
    25   2.650   1.420    .438    .445    .117  -9.999  -9.999    .151  -9.999
    53   2.650   1.420    .447    .472    .081  -9.999  -9.999    .125  -9.999
    90   2.650   1.420    .461    .446    .093  -9.999  -9.999    .109  -9.999
  3 LEAHY           
     8   2.650   1.320    .231    .621    .148  -9.999  -9.999    .077   8.700
    25   2.650   1.380    .027    .422    .551  -9.999  -9.999    .253   9.800
    41   2.650   1.400    .003    .630    .367  -9.999  -9.999    .160  10.000
  8 MALOTT          
    26   2.650   1.540    .418    .548    .034    .225  -9.999    .049  -9.999
    35   2.650   1.560    .444    .519    .037    .223  -9.999    .051  -9.999
    56   2.650   1.580    .434    .534    .032    .220  -9.999    .047  -9.999
    79   2.650   1.450    .505    .457    .038  -9.999  -9.999    .036  -9.999
    94   2.650   1.450    .568    .378    .054  -9.999  -9.999    .043  -9.999
   106   2.650   1.450    .615    .352    .033    .225  -9.999    .035  -9.999
   135   2.650   1.450    .593    .390    .017    .135  -9.999    .017  -9.999
   150   2.650   1.450    .564    .392    .044  -9.999  -9.999    .028  -9.999
  6 NANSENE         
    56   2.650   1.340    .119    .768    .113    .277  -9.999    .103  -9.999
    99   2.650   1.360    .094    .779    .127    .243  -9.999    .101  -9.999
   135   2.650   1.370    .090    .803    .107    .240  -9.999    .088  -9.999
   206   2.650   1.390    .133    .771    .096    .225  -9.999    .097  -9.999
   254   2.650   1.470    .127    .790    .083    .244  -9.999    .119  -9.999
    76   2.650   1.320    .112    .763    .125  -9.999  -9.999    .095  -9.999
  4 NESPELEM        
    23   2.650   1.320    .263    .598    .139  -9.999  -9.999    .067   6.800
    51   2.650   1.320    .171    .741    .088  -9.999  -9.999    .078   7.800
    69   2.650   1.400    .010    .630    .360  -9.999  -9.999    .165   8.200
   122   2.650   1.320    .137    .823    .040  -9.999  -9.999    .032   8.300
  1 NEVINE          
     2   2.650   1.320    .360    .598    .042  -9.999  -9.999    .261  -9.999
  2 OPNISH          
    20   2.650   1.450    .535    .317    .148  -9.999  -9.999    .189   7.600
    89   2.650   1.420    .402    .447    .151  -9.999  -9.999    .210   7.600
  3 OPNISH          
    20   2.650   1.420    .350    .415    .235  -9.999  -9.999    .219   7.600
    46   2.650   1.420    .280    .490    .230  -9.999  -9.999    .248   8.500
    61   2.650   1.420    .306    .492    .202  -9.999  -9.999    .222   8.500
  7 PALOUSE         
    18   2.650   1.470    .098    .701    .201    .387  -9.999    .132   4.900
    28   2.650   1.430    .093    .686    .221    .372  -9.999    .146  -9.999
    41   2.650   1.570    .083    .694    .223    .382  -9.999    .174  -9.999
    62   2.650   1.550    .083    .702    .215    .386  -9.999    .170  -9.999
    91   2.650   1.550    .085    .727    .188    .374  -9.999    .157  -9.999
   117   2.650   1.590    .095    .727    .178    .353  -9.999    .170  -9.999
   157   2.650   1.550    .089    .761    .150    .360  -9.999    .149  -9.999
 10 QUINCY          
    14   2.650   1.490    .854    .100    .046  -9.999  -9.999    .067  -9.999
    41   2.650   1.550    .849    .097    .054    .150  -9.999    .065  -9.999
    73   2.650   1.610    .887    .078    .035    .124  -9.999    .063  -9.999
   107   2.650   1.610    .848    .117    .035    .116  -9.999    .071  -9.999
   146   2.650   1.490    .940    .040    .020  -9.999  -9.999    .055  -9.999
   188   2.650   1.490    .943    .043    .014  -9.999  -9.999    .048  -9.999
   227   2.650   1.490    .942    .045    .013  -9.999  -9.999    .051  -9.999
   240   2.650   1.490    .751    .230    .019  -9.999  -9.999    .089  -9.999
   292   2.650   1.450    .510    .462    .028  -9.999  -9.999    .091  -9.999
   300   2.650   1.450    .652    .318    .030  -9.999  -9.999    .080  -9.999
  5 RALOCK          
    10   2.650   1.420    .383    .485    .132  -9.999  -9.999    .148  -9.999
    36   2.650   1.420    .389    .493    .118  -9.999  -9.999    .141  -9.999
    56   2.650   1.420    .403    .475    .122  -9.999  -9.999    .136  -9.999
    69   2.650   1.420    .383    .445    .172  -9.999  -9.999    .141  -9.999
    91   2.650   1.420    .441    .417    .142  -9.999  -9.999    .153  -9.999
  8 RENSLOW         
    18   2.650   1.320    .285    .595    .120    .326    .444    .104   5.400
    28   2.650   1.320    .283    .587    .130    .230    .376    .099  -9.999
    38   2.650   1.320    .254    .602    .144    .256    .358    .103  -9.999
    53   2.650   1.320    .182    .653    .165    .248    .308    .108  -9.999
    79   2.650   1.620    .182    .656    .162    .318    .364    .138  -9.999
   107   2.650   1.320    .225    .642    .133  -9.999  -9.999    .107   8.200
   120   2.650   1.550    .224    .646    .130    .304    .355    .121   8.200
   155   2.650   1.550    .310    .509    .181    .308    .381    .152   8.300
  8 RITZVILLE       
    13   2.650   1.280    .315    .605    .080    .447  -9.999    .068  -9.999
    30   2.650   1.390    .344    .575    .081    .398  -9.999    .082  -9.999
    51   2.650   1.360    .386    .554    .060    .298  -9.999    .073  -9.999
    79   2.650   1.410    .351    .583    .066    .385  -9.999    .073  -9.999
   109   2.650   1.420    .306    .635    .059    .419  -9.999    .072   7.700
   129   2.650   1.320    .362    .593    .045    .338  -9.999    .071   8.200
   152   2.650   1.350    .399    .553    .048    .244  -9.999    .085   8.900
   160   2.650   1.320    .387    .593    .020  -9.999    .405    .100  -9.999
  8 SAGEMOOR        
     6   2.650   1.140    .539    .399    .062    .218  -9.999    .064   6.500
    19   2.650   1.550    .554    .388    .058    .242  -9.999    .084  -9.999
    44   2.650   1.500    .472    .456    .072    .228  -9.999    .096  -9.999
    57   2.650   1.500    .437    .501    .062    .257  -9.999    .096  -9.999
    80   2.650   1.440    .388    .561    .051    .310  -9.999    .109  -9.999
    92   2.650   1.550    .448    .505    .047    .294  -9.999    .099  -9.999
   132   2.650   1.460    .328    .641    .031    .272  -9.999    .085   8.400
   160   2.650   1.320    .312    .641    .047  -9.999  -9.999    .059   8.200
  2 SANBEE          
    86   2.650   1.450    .703    .279    .018  -9.999  -9.999    .041  -9.999
   119   2.650   1.490    .793    .196    .011  -9.999  -9.999    .040  -9.999
  6 SEVAR           
    12   2.650   1.210    .522    .349    .129    .272  -9.999    .088   5.600
    25   2.650   1.290    .490    .384    .126    .277  -9.999    .101   5.400
    38   2.650   1.310    .413    .380    .207    .287  -9.999    .131   6.600
    61   2.650   1.390    .330    .421    .249    .318  -9.999    .161   6.700
    71   2.650   1.490    .302    .492    .206    .304  -9.999    .168   7.300
    79   2.650   1.450    .561    .338    .101    .283  -9.999    .222   7.700
  7 SHANO           
    10   2.650   1.360    .434    .492    .074    .333  -9.999    .073  -9.999
    25   2.650   1.370    .457    .460    .083    .338  -9.999    .081  -9.999
    48   2.650   1.420    .373    .550    .077    .375  -9.999    .084  -9.999
    66   2.650   1.390    .339    .592    .069    .366  -9.999    .075  -9.999
    97   2.650   1.460    .355    .595    .050    .409  -9.999    .080  -9.999
   137   2.650   1.390    .356    .606    .038    .391  -9.999    .068   8.200
   152   2.650   1.410    .342    .630    .028    .386  -9.999    .061   8.100
  6 SIMSFIELD       
    15   2.650   1.420    .524    .401    .075    .305  -9.999    .082  -9.999
    30   2.650   1.530    .469    .450    .081    .326  -9.999    .095  -9.999
    56   2.650   1.450    .448    .485    .067  -9.999  -9.999    .091  -9.999
    76   2.650   1.400    .389    .546    .065    .339  -9.999    .094  -9.999
   112   2.650   1.320    .178    .692    .130    .399  -9.999    .111   8.300
   157   2.650   1.400    .057    .915    .028    .437  -9.999    .081   7.800
  4 SPOFFORD        
    33   2.650   1.320    .341    .524    .135  -9.999  -9.999    .103  -9.999
    48   2.650   1.320    .376    .536    .088  -9.999  -9.999    .065  -9.999
    58   2.650   1.420    .290    .481    .229  -9.999  -9.999    .182   8.200
    79   2.650   1.320    .286    .513    .201  -9.999  -9.999    .168   8.700
  1 SPRAUER         
    64   2.650   1.420    .498    .389    .113  -9.999  -9.999    .091  -9.999
  4 STARBUCK        
     8   2.650   1.420    .384    .453    .163  -9.999  -9.999    .091  -9.999
    23   2.650   1.380    .069    .448    .483  -9.999  -9.999    .080  -9.999
    38   2.650   1.420    .264    .448    .288  -9.999  -9.999    .080  -9.999
    43   2.650   1.320    .344    .502    .154  -9.999  -9.999    .073  -9.999
  3 STARBUCK        
     8   2.650   1.420    .351    .496    .153  -9.999  -9.999    .128  -9.999
    23   2.650   1.450    .551    .305    .144  -9.999  -9.999    .152  -9.999
    38   2.650   1.420    .350    .387    .263  -9.999  -9.999    .153  -9.999
  3 STRATFORD       
    58   2.650   1.320    .356    .578    .066  -9.999  -9.999    .091  -9.999
    72   2.650   1.490    .784    .171    .045  -9.999  -9.999    .079  -9.999
   152   2.650   1.490    .980    .007    .013  -9.999  -9.999    .049  -9.999
  5 TANAHA          
    15   2.650   1.320    .243    .666    .091  -9.999  -9.999    .157   8.100
    53   2.650   1.320    .335    .626    .039  -9.999  -9.999    .235   8.000
    71   2.650   1.320    .438    .505    .057  -9.999  -9.999    .224   8.100
    94   2.650   1.320    .265    .687    .048  -9.999  -9.999    .186   7.800
   152   2.650   1.320    .344    .587    .069  -9.999  -9.999    .160   7.800
  7 TIMENTWA        
    17   2.650   1.370    .536    .413    .051    .208  -9.999    .070  -9.999
    46   2.650   1.360    .546    .406    .048    .178  -9.999    .063  -9.999
    71   2.650   1.420    .557    .401    .042    .186  -9.999    .064  -9.999
   104   2.650   1.860    .533    .395    .072    .247  -9.999    .071  -9.999
   127   2.650   1.900    .583    .378    .039    .199  -9.999    .065  -9.999
   143   2.650   2.020    .592    .371    .037    .162  -9.999    .075  -9.999
   160   2.650   1.930    .641    .337    .022    .210  -9.999    .039  -9.999
  7 TOUHEY          
    15   2.650   1.450    .538    .386    .076    .232  -9.999    .059  -9.999
    30   2.650   1.530    .567    .363    .070    .268  -9.999    .064  -9.999
    50   2.650   1.520    .551    .390    .059    .230  -9.999    .059  -9.999
    76   2.650   1.450    .549    .391    .060    .202  -9.999    .062  -9.999
    91   2.650   1.450    .536    .382    .082    .178  -9.999    .048  -9.999
   114   2.650   1.450    .540    .395    .065    .171  -9.999    .045  -9.999
   157   2.650   1.450    .623    .317    .060    .206  -9.999    .041  -9.999
  1 TUBSPRING       
   157   2.650   1.450    .724    .219    .057  -9.999  -9.999    .052   8.700
  5 WACOTA          
     8   2.650   1.320    .351    .612    .037  -9.999  -9.999    .067  -9.999
    41   2.650   1.320    .285    .683    .032  -9.999  -9.999    .069  -9.999
    84   2.650   1.320    .218    .743    .039  -9.999  -9.999    .079  -9.999
   140   2.650   1.320    .197    .736    .067  -9.999  -9.999    .069  -9.999
   152   2.650   1.320    .309    .655    .036  -9.999  -9.999    .063  -9.999
  2 WACOTA          
    79   2.650   1.320    .291    .690    .019  -9.999  -9.999    .051  -9.999
   152   2.650   1.320    .290    .685    .025  -9.999  -9.999    .055  -9.999
  7 WALLA WALLA     
    10   2.650   1.270    .318    .581    .101    .271  -9.999    .077  -9.999
    28   2.650   1.310    .243    .630    .127    .259  -9.999    .084  -9.999
    41   2.650   1.350    .185    .699    .116    .300  -9.999    .090  -9.999
    74   2.650   1.370    .365    .527    .108    .255  -9.999    .077  -9.999
   120   2.650   1.440    .460    .450    .090    .222  -9.999    .076  -9.999
   142   2.650   1.320    .420    .510    .070  -9.999  -9.999    .082   7.900
   163   2.650   1.370    .387    .557    .056    .312  -9.999    .075  -9.999
  1 WALLA WALLA     
   172   2.650   1.320    .227    .723    .050  -9.999  -9.999    .095  -9.999
