  1 ALMENA          
    66   2.650   1.320    .127    .654    .219  -9.999  -9.999    .145  -9.999
  6 ANGELICA        
    20   2.650   1.320    .271    .522    .207  -9.999  -9.999    .197  -9.999
    28   2.650   1.420    .364    .485    .151  -9.999  -9.999    .101  -9.999
    41   2.650   1.420    .392    .383    .225  -9.999  -9.999    .138  -9.999
    51   2.650   1.420    .345    .406    .249  -9.999  -9.999    .148  -9.999
    76   2.650   1.420    .306    .437    .257  -9.999  -9.999    .145  -9.999
   102   2.650   1.420    .314    .458    .228  -9.999  -9.999    .145  -9.999
  2 ANTIGO          
   152   2.650   1.490    .966    .010    .024    .192    .189    .016  -9.999
    86   2.650   1.490    .978    .021    .001  -9.999  -9.999    .015  -9.999
  1 BRANSTAD        
   203   2.650   1.450    .560    .270    .170  -9.999  -9.999    .138  -9.999
  1 CROSSETT        
   203   2.650   1.390    .096    .376    .528  -9.999  -9.999    .267  -9.999
  3 EMMET           
    76   2.650   1.450    .606    .232    .162  -9.999  -9.999    .096  -9.999
    84   2.650   1.450    .681    .243    .076  -9.999  -9.999    .051  -9.999
   152   2.650   1.450    .669    .276    .055  -9.999  -9.999    .035  -9.999
  8 ETTRICK         
    20   2.650   1.320    .027    .706    .267  -9.999  -9.999    .339  -9.999
    28   2.650   1.320    .020    .712    .268  -9.999  -9.999    .223  -9.999
    41   2.650   1.400    .023    .678    .299  -9.999  -9.999    .186  -9.999
    61   2.650   1.320    .033    .711    .256  -9.999  -9.999    .172  -9.999
    81   2.650   1.320    .067    .698    .235  -9.999  -9.999    .168  -9.999
    94   2.650   1.320    .029    .752    .219  -9.999  -9.999    .158  -9.999
   117   2.650   1.320    .281    .557    .162  -9.999  -9.999    .104  -9.999
   152   2.650   1.320    .000    .915    .085  -9.999  -9.999    .057  -9.999
  1 FALLCREEK       
    23   2.650   1.320    .326    .548    .126  -9.999  -9.999    .123  -9.999
  3 FREEON          
    36   2.650   1.320    .160    .738    .102  -9.999  -9.999    .108  -9.999
    58   2.650   1.320    .187    .648    .165  -9.999  -9.999    .103  -9.999
   132   2.650   1.930    .583    .312    .105    .249  -9.999    .085  -9.999
  2 HIBBING         
    86   2.650   1.390    .088    .274    .638  -9.999  -9.999    .288  -9.999
   152   2.650   1.390    .078    .231    .691  -9.999  -9.999    .311  -9.999
  3 HORTONVILLE     
    56   2.650   1.700    .370    .317    .313    .313  -9.999    .185  -9.999
    71   2.650   1.880    .510    .286    .204    .267  -9.999    .143  -9.999
   152   2.650   1.870    .525    .313    .162    .241  -9.999    .107   8.000
  2 IOSCO           
   102   2.650   1.420    .392    .361    .247  -9.999  -9.999    .149  -9.999
   152   2.650   1.450    .672    .243    .085  -9.999  -9.999    .059  -9.999
  1 KARLIN          
   102   2.650   1.490    .984    .015    .001  -9.999  -9.999    .010  -9.999
  2 KENNAN          
   122   2.650   1.880    .789    .146    .065    .179  -9.999    .058   6.300
   117   2.650   2.000    .848    .092    .060    .152  -9.999    .052   5.600
  2 KINGSVILLE      
    38   2.650   1.490    .907    .050    .043  -9.999  -9.999    .024  -9.999
   152   2.650   1.490    .900    .051    .049  -9.999  -9.999    .025  -9.999
  1 KINROSS         
   152   2.650   1.490    .990    .010    .000  -9.999  -9.999    .013  -9.999
  1 LANGLADE        
   107   2.650   1.600    .234    .602    .164    .304  -9.999    .114  -9.999
  1 MAGNOR          
    38   2.650   1.320    .120    .704    .176  -9.999  -9.999    .106  -9.999
  2 MENOMINEE       
   117   2.650   1.450    .599    .250    .151  -9.999  -9.999    .093  -9.999
   152   2.650   1.450    .469    .462    .069  -9.999  -9.999    .036  -9.999
  5 NADEAU          
    18   2.650   1.450    .669    .273    .058  -9.999  -9.999    .059  -9.999
    30   2.650   1.450    .624    .246    .130  -9.999  -9.999    .067  -9.999
    46   2.650   1.600    .549    .192    .259  -9.999  -9.999    .163  -9.999
    53   2.650   1.490    .841    .118    .041  -9.999  -9.999    .045  -9.999
   152   2.650   1.490    .905    .071    .024  -9.999  -9.999    .018  -9.999
  1 OKEE            
   152   2.650   1.880    .905    .015    .080    .154  -9.999    .039   6.500
  2 POYGAN          
    58   2.650   1.380    .045    .488    .467  -9.999  -9.999    .308  -9.999
   152   2.650   1.380    .049    .527    .424  -9.999  -9.999    .301  -9.999
  2 ROCKDAM         
     5   2.650   1.490    .877    .097    .026  -9.999  -9.999    .064  -9.999
    23   2.650   1.490    .907    .079    .014  -9.999  -9.999    .036  -9.999
  1 ROZETTA         
    23   2.650   1.320    .051    .803    .146  -9.999  -9.999    .110  -9.999
  1 RUBICON         
   135   2.650   1.490    .984    .015    .001    .054  -9.999    .009  -9.999
  1 SAYNER          
   152   2.650   1.490    .985    .015    .000  -9.999  -9.999    .033  -9.999
  2 SEATON          
   201   2.650   1.320    .156    .745    .099  -9.999  -9.999    .067  -9.999
   213   2.650   1.320    .114    .783    .103  -9.999  -9.999    .084  -9.999
  1 SEATON          
   152   2.650   1.320    .091    .792    .117  -9.999  -9.999    .090  -9.999
  6 SLICKROCK       
    10   2.650   1.450    .705    .241    .054  -9.999  -9.999    .132  -9.999
    23   2.650   1.450    .708    .238    .054  -9.999  -9.999    .043  -9.999
    33   2.650   1.450    .720    .210    .070  -9.999  -9.999    .045  -9.999
    46   2.650   1.450    .599    .205    .196  -9.999  -9.999    .120  -9.999
    56   2.650   1.450    .694    .238    .068  -9.999  -9.999    .045  -9.999
   152   2.650   1.450    .660    .263    .077  -9.999  -9.999    .043  -9.999
  5 SOLONA          
    28   2.650   1.710    .448    .393    .159    .299  -9.999    .147  -9.999
    53   2.650   1.730    .529    .341    .130    .249  -9.999    .109  -9.999
    61   2.650   1.810    .555    .335    .110    .279  -9.999    .092  -9.999
    96   2.650   1.450    .570    .325    .105    .197  -9.999    .067  -9.999
   130   2.650   1.420    .433    .401    .166    .200  -9.999    .098   7.800
  1 SPENCER         
    25   2.650   1.320    .081    .769    .150  -9.999  -9.999    .123  -9.999
  5 SYMCO           
    28   2.650   1.470    .338    .426    .236    .387  -9.999    .226  -9.999
    46   2.650   1.420    .384    .387    .229    .250  -9.999    .129  -9.999
    58   2.650   1.420    .376    .404    .220    .256  -9.999    .129  -9.999
    79   2.650   1.420    .326    .446    .228    .246  -9.999    .138  -9.999
   152   2.650   1.420    .312    .468    .220    .212  -9.999    .121   7.900
  2 TAMA            
    18   2.650   1.400    .055    .672    .273    .347  -9.999    .204  -9.999
    29   2.650   1.400    .044    .674    .282    .363  -9.999    .197  -9.999
  3 TINTSON         
    20   2.650   1.490    .816    .157    .027  -9.999  -9.999    .015  -9.999
   124   2.650   1.320    .107    .698    .195  -9.999  -9.999    .133  -9.999
   152   2.650   1.320    .208    .611    .181  -9.999  -9.999    .117  -9.999
  1 VANZILE         
     8   2.650   1.320    .156    .764    .080  -9.999  -9.999    .078  -9.999
  1 WABENO          
   152   2.650   1.490    .790    .154    .056  -9.999  -9.999    .024  -9.999
  4 WAUPACA         
    51   2.650   1.320    .082    .829    .089  -9.999  -9.999    .078  -9.999
    63   2.650   1.320    .070    .837    .093  -9.999  -9.999    .077  -9.999
    76   2.650   1.320    .038    .877    .085  -9.999  -9.999    .075  -9.999
   102   2.650   1.320    .079    .885    .036  -9.999  -9.999    .037  -9.999
  2 WEGA            
    79   2.650   1.320    .139    .841    .020  -9.999  -9.999    .041  -9.999
   102   2.650   1.320    .214    .750    .036  -9.999  -9.999    .048  -9.999
