  8 ALBINAS         
    19   2.650   1.460    .694    .175    .131    .228  -9.999    .105   6.300
    46   2.650   1.520    .645    .206    .149    .240  -9.999    .105  -9.999
    60   2.650   1.600    .603    .154    .243    .362  -9.999    .173  -9.999
    78   2.650   1.450    .681    .132    .187    .249  -9.999    .125  -9.999
    95   2.650   1.870    .726    .133    .141    .245  -9.999    .125  -9.999
   120   2.650   1.450    .674    .174    .152    .213  -9.999    .109  -9.999
   145   2.650   1.490    .911    .048    .041  -9.999  -9.999    .039  -9.999
   180   2.650   1.490    .894    .050    .056  -9.999  -9.999    .036  -9.999
  9 AMODAC          
     3   2.650   1.440    .300    .489    .211    .252  -9.999    .120   7.400
    13   2.650   1.420    .242    .470    .288  -9.999  -9.999    .158  -9.999
    25   2.650   1.420    .228    .498    .274    .277  -9.999    .141  -9.999
    46   2.650   1.420    .206    .517    .277  -9.999  -9.999    .135  -9.999
    64   2.650   1.540    .227    .514    .259    .319  -9.999    .137   8.200
    79   2.650   1.320    .222    .516    .262  -9.999  -9.999    .120   8.200
    99   2.650   1.650    .197    .528    .275    .342  -9.999    .190   8.100
   130   2.650   1.320    .232    .505    .263  -9.999  -9.999    .140   8.000
   160   2.650   1.420    .249    .490    .261  -9.999  -9.999    .148   7.900
  6 ANCHUTZ         
     7   2.650   1.450    .771    .138    .091  -9.999  -9.999    .059  -9.999
    35   2.650   1.650    .644    .165    .191    .223  -9.999    .125  -9.999
    61   2.650   1.760    .604    .156    .240    .259  -9.999    .132  -9.999
    87   2.650   1.630    .627    .156    .217    .303  -9.999    .106   8.100
   130   2.650   1.620    .627    .172    .201    .266  -9.999    .094   8.200
   146   2.650   1.580    .196    .485    .319    .344  -9.999    .155   8.000
  8 ASCALON         
    18   2.650   1.440    .757    .138    .105    .199  -9.999    .085   6.500
    27   2.650   1.430    .675    .123    .202    .327  -9.999    .134  -9.999
    60   2.650   1.580    .639    .129    .232    .305  -9.999    .163  -9.999
    75   2.650   1.590    .787    .110    .103    .205  -9.999    .094  -9.999
    90   2.650   1.690    .760    .138    .102    .242  -9.999    .106  -9.999
   120   2.650   1.450    .699    .137    .164    .273  -9.999    .119  -9.999
   160   2.650   1.490    .824    .084    .092    .241  -9.999    .061  -9.999
   180   2.650   1.490    .912    .049    .039  -9.999  -9.999    .034  -9.999
  2 BAUX            
     5   2.650   1.420    .366    .353    .281  -9.999  -9.999    .240   6.300
    15   2.650   1.420    .329    .324    .347  -9.999  -9.999    .288   6.600
  3 BAUXSON         
     5   2.650   1.140    .240    .545    .215    .390  -9.999    .188   5.800
    25   2.650   1.260    .171    .571    .258    .388  -9.999    .157  -9.999
    40   2.650   1.330    .166    .537    .297    .395  -9.999    .173  -9.999
  6 BIDMAN          
     8   2.650   1.480    .604    .322    .074    .229  -9.999    .059  -9.999
    18   2.650   1.690    .368    .294    .338    .247  -9.999    .149  -9.999
    51   2.650   1.390    .297    .291    .412    .281  -9.999    .172   7.500
    89   2.650   1.420    .329    .315    .356    .251  -9.999    .153   7.800
   132   2.650   1.420    .305    .317    .378    .219  -9.999    .163   7.600
   170   2.650   1.420    .304    .315    .381  -9.999  -9.999    .163   7.600
  7 BIDMAN          
     5   2.650   1.370    .330    .483    .187    .297  -9.999    .127   6.700
    15   2.650   1.590    .315    .520    .165    .315  -9.999    .100  -9.999
    23   2.650   1.420    .319    .493    .188  -9.999  -9.999    .081  -9.999
    46   2.650   1.390    .163    .271    .566    .379  -9.999    .331  -9.999
    89   2.650   1.390    .237    .345    .418    .261  -9.999    .204   7.900
   109   2.650   1.760    .291    .333    .376    .308  -9.999    .213   7.800
   153   2.650   1.620    .332    .328    .340    .306  -9.999    .181   7.800
  7 BIDMAN          
     5   2.650   1.200    .315    .367    .318    .223  -9.999    .161   6.500
    20   2.650   1.390    .181    .319    .500    .360  -9.999    .236  -9.999
    45   2.650   1.390    .150    .368    .482    .353  -9.999    .249  -9.999
    65   2.650   1.390    .143    .396    .461    .386  -9.999    .250   7.800
    90   2.650   1.420    .248    .415    .337    .344  -9.999    .202   7.900
   135   2.650   1.500    .444    .287    .269    .261  -9.999    .145   7.800
   160   2.650   1.520    .523    .257    .220    .295  -9.999    .131   7.700
  7 BIGHORN         
     7   2.650   1.310    .349    .379    .272    .263  -9.999    .124   7.300
    13   2.650   1.610    .407    .450    .143    .206  -9.999    .071  -9.999
    46   2.650   1.390    .188    .270    .542    .403  -9.999    .300   7.400
    66   2.650   1.390    .197    .327    .476    .338  -9.999    .236   8.000
    86   2.650   1.390    .217    .336    .447    .300  -9.999    .221   7.900
   114   2.650   1.420    .440    .249    .311  -9.999  -9.999    .148   8.000
   211   2.650   1.490    .781    .150    .069  -9.999  -9.999    .048   8.000
  8 BLACKDRAW       
     3   2.650   1.560    .302    .496    .202    .268  -9.999    .125   7.600
    13   2.650   1.610    .233    .517    .250    .250  -9.999    .156   7.900
    20   2.650   1.320    .230    .527    .243  -9.999  -9.999    .117   7.700
    30   2.650   1.690    .272    .481    .247    .292  -9.999    .134   7.800
    38   2.650   1.320    .248    .515    .237  -9.999  -9.999    .135   8.000
    53   2.650   1.320    .224    .522    .254    .210  -9.999    .158   8.000
   114   2.650   1.320    .166    .571    .263  -9.999  -9.999    .139   7.700
   152   2.650   1.400    .131    .595    .274    .216  -9.999    .165   7.600
  8 BLAZON          
     5   2.650   1.380    .063    .495    .442  -9.999  -9.999    .210   7.500
    19   2.650   1.380    .026    .464    .510    .299  -9.999    .195  -9.999
    31   2.650   1.380    .036    .486    .478    .305  -9.999    .175   7.500
    66   2.650   1.690    .056    .514    .430    .304  -9.999    .230   7.600
    80   2.650   1.380    .033    .528    .439    .283  -9.999    .193   7.900
   100   2.650   1.380    .044    .504    .452  -9.999  -9.999    .203   7.900
   130   2.650   1.380    .033    .472    .495  -9.999  -9.999    .201   7.500
   215   2.650   1.400    .116    .540    .344  -9.999  -9.999    .224   8.400
  9 BOSLER          
     4   2.650   1.490    .913    .048    .039  -9.999  -9.999    .037  -9.999
    12   2.650   1.490    .920    .033    .047  -9.999  -9.999    .037  -9.999
    25   2.650   1.680    .836    .045    .119    .146  -9.999    .086  -9.999
    42   2.650   1.710    .786    .067    .147    .180  -9.999    .104  -9.999
    54   2.650   1.450    .785    .056    .159    .196  -9.999    .103  -9.999
    90   2.650   1.490    .881    .029    .090  -9.999  -9.999    .072  -9.999
   127   2.650   1.490    .896    .035    .069  -9.999  -9.999    .052  -9.999
   165   2.650   1.490    .927    .026    .047  -9.999  -9.999    .030  -9.999
   221   2.650   1.490    .949    .021    .030  -9.999  -9.999    .022  -9.999
  7 BOSLER          
    10   2.650   1.670    .761    .165    .074    .140  -9.999    .065  -9.999
    25   2.650   1.490    .825    .099    .076  -9.999  -9.999    .057  -9.999
    43   2.650   1.690    .775    .111    .114    .161  -9.999    .083  -9.999
    61   2.650   1.450    .772    .113    .115  -9.999  -9.999    .070  -9.999
    89   2.650   1.580    .794    .085    .121    .250  -9.999    .100  -9.999
   130   2.650   1.450    .681    .157    .162    .333  -9.999    .207   8.200
   152   2.650   1.490    .899    .055    .046  -9.999  -9.999    .054  -9.999
  6 BOWBAC          
    10   2.650   1.650    .683    .171    .146    .206  -9.999    .109  -9.999
    33   2.650   1.880    .655    .140    .205    .203  -9.999    .179  -9.999
    46   2.650   1.770    .883    .060    .057    .140  -9.999    .073  -9.999
    56   2.650   1.700    .879    .064    .057    .178  -9.999    .087  -9.999
    96   2.650   1.490    .891    .060    .049  -9.999  -9.999    .069  -9.999
   156   2.650   1.490    .922    .050    .028  -9.999  -9.999    .057  -9.999
  6 BUFFCREEK       
     5   2.650   1.420    .453    .424    .123    .322  -9.999    .092   7.300
    15   2.650   1.420    .382    .412    .206  -9.999  -9.999    .160   7.700
    25   2.650   1.420    .363    .440    .197  -9.999  -9.999    .133   7.900
    46   2.650   1.530    .364    .417    .219    .295  -9.999    .121  -9.999
    81   2.650   1.420    .348    .446    .206  -9.999  -9.999    .099   8.600
   152   2.650   1.990    .367    .456    .177    .247  -9.999    .096   8.100
  7 CAMBRIA         
     5   2.650   1.400    .655    .233    .112    .171  -9.999    .070  -9.999
    10   2.650   1.590    .551    .201    .248    .232  -9.999    .151  -9.999
    25   2.650   1.610    .500    .237    .263    .266  -9.999    .167  -9.999
    35   2.650   1.690    .547    .235    .218    .213  -9.999    .140  -9.999
    74   2.650   1.690    .659    .154    .187    .199  -9.999    .113  -9.999
   122   2.650   1.620    .566    .235    .199    .222  -9.999    .118   8.300
   196   2.650   1.570    .559    .223    .218    .188  -9.999    .121   7.800
  9 CAMBRIA         
     5   2.650   1.490    .464    .356    .180    .352  -9.999    .136  -9.999
    18   2.650   1.620    .390    .261    .349    .371  -9.999    .227   7.100
    36   2.650   1.540    .309    .351    .340    .345  -9.999    .206  -9.999
    53   2.650   1.420    .328    .347    .325    .308  -9.999    .175  -9.999
    70   2.650   1.600    .569    .201    .230    .274  -9.999    .136  -9.999
    99   2.650   1.510    .456    .295    .249    .275  -9.999    .146  -9.999
   130   2.650   1.680    .529    .256    .215    .239  -9.999    .146  -9.999
   150   2.650   1.540    .402    .341    .257    .251  -9.999    .157   8.000
   183   2.650   1.510    .498    .277    .225    .263  -9.999    .131   8.000
  8 CAVEGULCH       
     3   2.650   1.480    .147    .420    .433    .305  -9.999    .247   7.800
    13   2.650   1.420    .299    .476    .225  -9.999  -9.999    .131   7.600
    30   2.650   1.190    .110    .464    .426    .305  -9.999    .206   7.500
    48   2.650   1.400    .146    .555    .299  -9.999  -9.999    .127   7.800
    76   2.650   1.440    .065    .487    .448    .340  -9.999    .189   8.100
    97   2.650   1.380    .070    .480    .450  -9.999  -9.999    .175   8.200
   122   2.650   1.380    .058    .493    .449  -9.999  -9.999    .172   8.200
   152   2.650   1.540    .065    .482    .453    .319  -9.999    .216   8.100
  3 CHALKVILLE      
     5   2.650   1.310    .395    .386    .219    .324  -9.999    .168  -9.999
    13   2.650   1.420    .332    .390    .278    .419  -9.999    .206  -9.999
    25   2.650   1.430    .312    .361    .327    .355  -9.999    .235  -9.999
  5 CLARKELEN       
    15   2.650   1.660    .805    .128    .067    .106  -9.999    .061   7.300
    51   2.650   1.530    .736    .194    .070    .173  -9.999    .050   7.800
    76   2.650   1.460    .344    .510    .146    .279  -9.999    .104   7.800
   130   2.650   1.650    .908    .046    .046    .117  -9.999    .030  -9.999
   152   2.650   1.670    .681    .201    .118    .301  -9.999    .120   8.100
  9 COOERS          
     5   2.650   1.350    .269    .445    .286    .352  -9.999    .170   7.200
    10   2.650   1.420    .218    .425    .357    .364  -9.999    .227   7.400
    22   2.650   1.470    .174    .450    .376    .363  -9.999    .231   7.500
    42   2.650   1.510    .182    .466    .352    .384  -9.999    .222   7.600
    56   2.650   1.560    .126    .494    .380    .402  -9.999    .243   7.700
    70   2.650   1.540    .081    .500    .419    .391  -9.999    .242   7.800
   103   2.650   1.600    .165    .500    .335    .358  -9.999    .219   8.000
   133   2.650   1.610    .139    .617    .244    .325  -9.999    .175   8.400
   170   2.650   1.590    .142    .683    .175    .289  -9.999    .132   8.400
  7 COPEMAN         
     8   2.650   1.600    .507    .246    .247  -9.999  -9.999    .152   7.500
    20   2.650   1.360    .379    .295    .326    .280  -9.999    .174  -9.999
    56   2.650   1.510    .399    .258    .343    .296  -9.999    .165   7.500
    74   2.650   1.600    .462    .256    .282  -9.999  -9.999    .144   7.600
    91   2.650   1.450    .581    .225    .194  -9.999  -9.999    .104   7.900
   140   2.650   1.450    .614    .209    .177  -9.999  -9.999    .149   8.200
   178   2.650   1.450    .774    .091    .135  -9.999  -9.999    .083   8.100
  1 CUSHMAN         
    35   2.650   1.420    .386    .285    .329  -9.999  -9.999    .186  -9.999
 10 CUTBACK         
     8   2.650   1.650    .619    .204    .177    .216  -9.999    .115   7.200
    20   2.650   1.650    .620    .121    .259    .252  -9.999    .162   7.100
    30   2.650   1.780    .702    .106    .192    .319  -9.999    .157   7.300
    42   2.650   1.450    .688    .122    .190    .351  -9.999    .128   7.600
    56   2.650   1.450    .799    .079    .122    .161  -9.999    .071   8.100
    86   2.650   1.600    .480    .265    .255    .363  -9.999    .222   8.000
   126   2.650   1.660    .633    .157    .210    .342  -9.999    .181   8.200
   152   2.650   1.620    .642    .148    .210    .334  -9.999    .177   7.900
   168   2.650   1.450    .760    .101    .139  -9.999  -9.999    .107   8.000
   190   2.650   1.490    .823    .070    .107  -9.999  -9.999    .089   8.100
  4 CUTBACK         
    36   2.650   1.600    .608    .146    .246  -9.999  -9.999    .155   7.200
   106   2.650   1.450    .761    .115    .124  -9.999  -9.999    .078  -9.999
   171   2.650   1.450    .656    .215    .129  -9.999  -9.999    .084  -9.999
   221   2.650   1.450    .687    .171    .142  -9.999  -9.999    .094  -9.999
  2 DECOLNEY        
    58   2.650   1.600    .620    .174    .206  -9.999  -9.999    .133  -9.999
    97   2.650   1.600    .635    .164    .201  -9.999  -9.999    .131  -9.999
 10 DECOLNEY        
    10   2.650   1.540    .763    .158    .079    .055  -9.999    .085  -9.999
    19   2.650   1.920    .705    .162    .133    .161  -9.999    .102  -9.999
    39   2.650   1.730    .695    .099    .206    .180  -9.999    .137  -9.999
    64   2.650   1.600    .815    .082    .103    .107  -9.999    .074  -9.999
    87   2.650   1.900    .837    .079    .084    .072  -9.999    .082  -9.999
   123   2.650   1.740    .830    .072    .098    .106  -9.999    .077  -9.999
   152   2.650   1.890    .828    .084    .088    .108  -9.999    .123  -9.999
   220   2.650   1.550    .777    .085    .138    .191  -9.999    .082  -9.999
   270   2.650   1.490    .916    .045    .039  -9.999  -9.999    .031  -9.999
   300   2.650   1.490    .841    .094    .065  -9.999  -9.999    .060  -9.999
  6 EVANSTON        
    10   2.650   1.400    .597    .264    .139    .237  -9.999    .105   6.000
    25   2.650   1.460    .521    .260    .219    .260  -9.999    .134  -9.999
    55   2.650   1.420    .368    .286    .346    .349  -9.999    .204  -9.999
    80   2.650   1.450    .761    .111    .128    .204  -9.999    .074  -9.999
   110   2.650   1.750    .886    .015    .099    .276  -9.999    .080  -9.999
   160   2.650   1.490    .914    .014    .072    .089  -9.999    .069  -9.999
  6 FIVEOH          
     5   2.650   1.450    .736    .199    .065  -9.999  -9.999    .030  -9.999
    20   2.650   1.580    .576    .210    .214    .209  -9.999    .111  -9.999
    48   2.650   1.470    .518    .348    .134    .173  -9.999    .073  -9.999
    61   2.650   1.550    .629    .269    .102    .116  -9.999    .065   7.700
   114   2.650   1.680    .678    .241    .081    .121  -9.999    .059   7.700
   152   2.650   1.660    .562    .328    .110    .144  -9.999    .070   7.800
 10 FORELLE         
     7   2.650   1.420    .403    .448    .149  -9.999  -9.999    .105   6.900
    12   2.650   1.560    .305    .368    .327    .349  -9.999    .212  -9.999
    26   2.650   1.570    .270    .422    .308    .371  -9.999    .212  -9.999
    46   2.650   1.390    .234    .520    .246    .275  -9.999    .149  -9.999
    68   2.650   1.500    .336    .425    .239    .278  -9.999    .145   8.200
    85   2.650   1.420    .394    .387    .219  -9.999  -9.999    .125   8.500
   134   2.650   1.480    .371    .426    .203    .237  -9.999    .123   8.400
   185   2.650   1.410    .340    .467    .193    .235  -9.999    .110   8.100
   261   2.650   1.320    .300    .507    .193  -9.999  -9.999    .098   7.900
   300   2.650   1.320    .253    .548    .199  -9.999  -9.999    .107   7.800
  8 FORELLE         
    10   2.650   1.380    .501    .396    .103    .262  -9.999    .083   6.900
    18   2.650   1.420    .397    .436    .167  -9.999  -9.999    .104  -9.999
    30   2.650   1.670    .334    .383    .283    .364  -9.999    .209  -9.999
    51   2.650   1.420    .324    .404    .272  -9.999  -9.999    .175  -9.999
    71   2.650   1.700    .412    .308    .280    .354  -9.999    .192   8.100
    99   2.650   1.450    .612    .216    .172  -9.999  -9.999    .116   8.400
   127   2.650   1.450    .606    .237    .157  -9.999  -9.999    .154   8.700
   152   2.650   2.020    .814    .092    .094    .198  -9.999    .143   8.800
  6 FORKWOOD        
    13   2.650   1.590    .559    .290    .151    .191  -9.999    .110   6.100
    36   2.650   1.420    .391    .276    .333    .332  -9.999    .183   7.100
    69   2.650   1.560    .357    .402    .241    .282  -9.999    .145  -9.999
    86   2.650   1.680    .520    .282    .198    .254  -9.999    .123  -9.999
   119   2.650   1.560    .529    .284    .187    .187  -9.999    .103  -9.999
   152   2.650   1.550    .457    .332    .211    .234  -9.999    .115   8.200
  7 FORKWOOD        
     5   2.650   1.420    .341    .468    .191    .361  -9.999    .115   6.700
    17   2.650   1.420    .285    .368    .347    .365  -9.999    .185  -9.999
    40   2.650   1.420    .284    .356    .360    .342  -9.999    .212   7.400
    57   2.650   1.520    .391    .334    .275    .319  -9.999    .173  -9.999
   105   2.650   1.620    .452    .281    .267    .282  -9.999    .154   8.100
   140   2.650   1.380    .395    .340    .265    .313  -9.999    .142   8.000
   175   2.650   1.560    .333    .357    .310    .363  -9.999    .173   7.700
  2 FRITZ           
    33   2.650   1.420    .395    .380    .225  -9.999  -9.999    .152  -9.999
    64   2.650   1.420    .484    .362    .154  -9.999  -9.999    .084  -9.999
  1 FRITZ           
    74   2.650   1.420    .462    .363    .175  -9.999  -9.999    .122   8.000
  5 HARLAN          
     5   2.650   1.140    .288    .531    .181    .321  -9.999    .122   6.400
    28   2.650   1.420    .257    .484    .259    .324  -9.999    .173  -9.999
    41   2.650   1.340    .281    .487    .232    .285  -9.999    .149   7.300
    64   2.650   1.480    .277    .465    .258    .346  -9.999    .188   7.500
   155   2.650   1.430    .338    .486    .176    .365  -9.999    .143   7.900
  8 HILAND          
     3   2.650   1.490    .761    .200    .039    .176  -9.999    .037  -9.999
    13   2.650   1.450    .701    .222    .077  -9.999  -9.999    .052  -9.999
    30   2.650   1.720    .738    .139    .123    .194  -9.999    .086  -9.999
    51   2.650   1.450    .743    .137    .120  -9.999  -9.999    .074  -9.999
    66   2.650   1.490    .825    .057    .118  -9.999  -9.999    .070  -9.999
    89   2.650   1.490    .866    .041    .093  -9.999  -9.999    .057  -9.999
   122   2.650   1.490    .905    .031    .064  -9.999  -9.999    .039  -9.999
   152   2.650   1.660    .912    .024    .064    .075  -9.999    .043  -9.999
  3 INCHAU          
    50   2.650   1.600    .742    .078    .180    .272  -9.999    .163  -9.999
    83   2.650   1.580    .802    .069    .129    .261  -9.999    .150  -9.999
   102   2.650   1.740    .897    .046    .057    .271  -9.999    .106  -9.999
  4 JAYEM           
    20   2.650   1.450    .696    .188    .116  -9.999  -9.999    .122  -9.999
    36   2.650   1.450    .714    .187    .099  -9.999  -9.999    .110  -9.999
    81   2.650   1.450    .617    .275    .108  -9.999  -9.999    .122  -9.999
   127   2.650   1.450    .708    .189    .103  -9.999  -9.999    .115  -9.999
  3 JULESBURG       
    51   2.650   1.450    .778    .119    .103  -9.999  -9.999    .081  -9.999
    71   2.650   1.450    .662    .140    .198  -9.999  -9.999    .161  -9.999
    97   2.650   1.450    .604    .220    .176  -9.999  -9.999    .149  -9.999
 10 KEYNER          
     3   2.650   1.500    .317    .472    .211    .285  -9.999    .138   7.400
    15   2.650   1.420    .283    .418    .299  -9.999  -9.999    .170  -9.999
    30   2.650   1.510    .243    .470    .287    .294  -9.999    .169  -9.999
    46   2.650   1.420    .230    .497    .273  -9.999  -9.999    .133  -9.999
    66   2.650   1.670    .213    .519    .268    .274  -9.999    .164   8.400
    89   2.650   1.420    .260    .492    .248  -9.999  -9.999    .160   8.900
   102   2.650   1.420    .268    .479    .253  -9.999  -9.999    .141   8.500
   152   2.650   1.730    .254    .497    .249    .292  -9.999    .176   8.000
   211   2.650   1.320    .214    .520    .266  -9.999  -9.999    .136   7.900
   287   2.650   1.420    .273    .482    .245  -9.999  -9.999    .142   7.900
  5 KIRTLEY         
     3   2.650   1.270    .335    .501    .164    .292  -9.999    .124   6.600
    18   2.650   1.490    .332    .465    .203    .314  -9.999    .156  -9.999
    36   2.650   1.460    .199    .505    .296    .317  -9.999    .184   7.200
    61   2.650   1.570    .076    .596    .328    .353  -9.999    .217   7.500
    79   2.650   1.440    .172    .575    .253    .451  -9.999    .189   7.700
  2 KISHONA         
    38   2.650   1.420    .302    .430    .268  -9.999  -9.999    .152  -9.999
   102   2.650   1.420    .281    .446    .273  -9.999  -9.999    .151  -9.999
  1 LAKOA           
   152   2.650   1.420    .388    .383    .229  -9.999  -9.999    .126  -9.999
  4 LOLITE          
     8   2.650   1.380    .072    .506    .422  -9.999  -9.999    .168   8.000
    23   2.650   1.380    .059    .514    .427  -9.999  -9.999    .108   7.700
    41   2.650   1.380    .044    .532    .424  -9.999  -9.999    .207   7.800
    64   2.650   1.380    .030    .537    .433  -9.999  -9.999    .186   7.800
  7 LUHON           
     5   2.650   1.600    .585    .199    .216  -9.999  -9.999    .114   7.400
    25   2.650   1.400    .538    .217    .245    .244  -9.999    .126   7.400
    48   2.650   1.640    .611    .204    .185    .223  -9.999    .110   7.900
    72   2.650   1.720    .621    .165    .214    .246  -9.999    .112   7.900
    91   2.650   1.620    .643    .168    .189    .232  -9.999    .097   8.100
   121   2.650   1.700    .668    .156    .176    .178  -9.999    .090   8.000
   155   2.650   1.610    .610    .201    .189    .208  -9.999    .097   7.900
  2 LUHON           
    30   2.650   1.420    .369    .421    .210  -9.999  -9.999    .162  -9.999
    76   2.650   1.420    .402    .324    .274  -9.999  -9.999    .216  -9.999
  3 MOSKEE          
    53   2.650   1.600    .539    .192    .269  -9.999  -9.999    .229  -9.999
    71   2.650   1.450    .616    .189    .195  -9.999  -9.999    .164  -9.999
   112   2.650   1.450    .560    .254    .186  -9.999  -9.999    .168  -9.999
  7 MUFF            
     7   2.650   1.600    .465    .250    .285  -9.999  -9.999    .203  -9.999
    17   2.650   1.420    .429    .257    .314  -9.999  -9.999    .206  -9.999
    30   2.650   1.420    .410    .259    .331  -9.999  -9.999    .202   7.600
    63   2.650   1.600    .536    .217    .247  -9.999  -9.999    .154   7.700
    97   2.650   1.600    .513    .237    .250  -9.999  -9.999    .150   7.600
   160   2.650   1.420    .430    .385    .185  -9.999  -9.999    .170   7.700
   190   2.650   1.450    .617    .219    .164  -9.999  -9.999    .151   7.700
  2 ORPHA           
    10   2.650   1.490    .804    .092    .104  -9.999  -9.999    .098  -9.999
   152   2.650   1.490    .842    .068    .090  -9.999  -9.999    .077  -9.999
  2 PAIGES          
    41   2.650   1.390    .025    .249    .726  -9.999  -9.999    .281   3.800
    71   2.650   1.390    .023    .271    .706  -9.999  -9.999    .291   3.100
  7 PARMLEED        
     7   2.650   1.450    .552    .349    .099    .252  -9.999    .109  -9.999
    15   2.650   1.780    .405    .403    .192    .262  -9.999    .132  -9.999
    38   2.650   1.390    .191    .273    .536  -9.999  -9.999    .286   7.500
    53   2.650   1.420    .308    .313    .379  -9.999  -9.999    .190   8.100
    69   2.650   1.420    .343    .308    .349  -9.999  -9.999    .153   7.900
   109   2.650   1.880    .396    .377    .227    .227  -9.999    .201   7.600
   152   2.650   1.420    .302    .385    .313    .214  -9.999    .065   5.200
  8 PETRIE          
     3   2.650   1.550    .130    .638    .232    .308  -9.999    .144   7.800
    13   2.650   1.720    .137    .564    .299    .332  -9.999    .213   8.000
    41   2.650   1.690    .207    .468    .325    .291  -9.999    .183   7.800
    61   2.650   1.400    .090    .556    .354  -9.999  -9.999    .161   7.900
    79   2.650   1.400    .080    .568    .352  -9.999  -9.999    .174   7.700
   104   2.650   1.400    .039    .576    .385    .332  -9.999    .188   7.700
   140   2.650   1.400    .068    .578    .354  -9.999  -9.999    .186   7.900
   165   2.650   1.380    .082    .510    .408  -9.999  -9.999    .195   8.000
  5 POPOSHIA        
    10   2.650   1.130    .362    .451    .187    .458  -9.999    .242   7.300
    23   2.650   1.150    .382    .440    .178    .453  -9.999    .256   7.400
    56   2.650   1.090    .453    .397    .150    .428  -9.999    .237   7.400
   106   2.650   1.070    .410    .428    .162    .426  -9.999    .226   7.400
   155   2.650   1.080    .258    .554    .188    .427  -9.999    .238   7.600
  3 PUGSLEY         
    10   2.650   1.490    .790    .124    .086  -9.999  -9.999    .067  -9.999
    38   2.650   1.450    .713    .127    .160  -9.999  -9.999    .106  -9.999
    58   2.650   1.490    .822    .084    .094  -9.999  -9.999    .083  -9.999
  6 RAWLINS         
     5   2.650   1.490    .860    .091    .049  -9.999  -9.999    .046  -9.999
    23   2.650   1.880    .711    .072    .217    .237  -9.999    .162  -9.999
    31   2.650   1.460    .754    .090    .156    .193  -9.999    .093  -9.999
    46   2.650   1.750    .676    .119    .205    .177  -9.999    .126  -9.999
   132   2.650   1.820    .783    .099    .118    .153  -9.999    .080  -9.999
   152   2.650   1.720    .718    .114    .168    .220  -9.999    .084  -9.999
  3 RECLUSE         
    18   2.650   1.320    .323    .544    .133  -9.999  -9.999    .082  -9.999
    51   2.650   1.390    .289    .273    .438  -9.999  -9.999    .252  -9.999
    74   2.650   1.420    .370    .373    .257  -9.999  -9.999    .160  -9.999
  8 ROCK RIVER      
     7   2.650   1.490    .940    .031    .029  -9.999  -9.999    .027  -9.999
    13   2.650   1.490    .933    .024    .043  -9.999  -9.999    .027  -9.999
    39   2.650   1.720    .796    .067    .137    .196  -9.999    .091  -9.999
    77   2.650   1.700    .797    .091    .112    .209  -9.999    .097  -9.999
   125   2.650   1.750    .811    .087    .102    .142  -9.999    .089  -9.999
   160   2.650   1.850    .826    .084    .090    .139  -9.999    .078   8.300
   190   2.650   1.490    .950    .019    .031  -9.999  -9.999    .015   8.000
   212   2.650   1.490    .936    .030    .034  -9.999  -9.999    .042  -9.999
  2 ROCKINCHAIR     
     8   2.650   1.420    .403    .432    .165  -9.999  -9.999    .166  -9.999
    15   2.650   1.420    .385    .371    .244  -9.999  -9.999    .230  -9.999
  2 ROGRUBE         
    79   2.650   1.600    .559    .231    .210  -9.999  -9.999    .146  -9.999
   109   2.650   1.450    .697    .262    .041  -9.999  -9.999    .099  -9.999
  7 ROUGHLOCK       
     5   2.650   1.330    .282    .561    .157    .245  -9.999    .105   7.100
    20   2.650   1.320    .207    .602    .191  -9.999  -9.999    .119   7.700
    46   2.650   1.470    .205    .636    .159    .263  -9.999    .101  -9.999
    76   2.650   1.320    .232    .612    .156  -9.999  -9.999    .084   8.400
    94   2.650   1.320    .227    .628    .145  -9.999  -9.999    .079   8.400
   127   2.650   1.320    .211    .632    .157  -9.999  -9.999    .095   8.200
   165   2.650   1.600    .210    .646    .144    .312  -9.999    .106   8.300
  6 RYAN PARK       
     7   2.650   1.490    .839    .079    .082  -9.999  -9.999    .040  -9.999
    15   2.650   1.490    .817    .110    .073  -9.999  -9.999    .039  -9.999
    47   2.650   1.630    .695    .145    .160    .155  -9.999    .083  -9.999
    73   2.650   1.860    .733    .102    .165    .210  -9.999    .112  -9.999
    99   2.650   1.830    .736    .104    .160    .231  -9.999    .099  -9.999
   126   2.650   1.490    .918    .037    .045  -9.999  -9.999    .030  -9.999
  4 SAMDAY          
     2   2.650   1.380    .075    .482    .443  -9.999  -9.999    .182  -9.999
    18   2.650   1.380    .049    .463    .488    .291  -9.999    .203   7.000
    38   2.650   1.380    .024    .471    .505    .324  -9.999    .241   7.300
    70   2.650   1.390    .002    .277    .721  -9.999  -9.999    .272   7.400
  4 SAVAGETON       
    10   2.650   1.390    .205    .362    .433  -9.999  -9.999    .179   7.700
    30   2.650   1.390    .151    .366    .483  -9.999  -9.999    .208   7.500
    43   2.650   1.390    .137    .363    .500  -9.999  -9.999    .220   7.500
    97   2.650   1.380    .131    .423    .446  -9.999  -9.999    .222   7.400
  4 SAVAGETON       
    10   2.650   1.390    .029    .373    .598    .399  -9.999    .286   6.900
    36   2.650   1.390    .028    .348    .624    .384  -9.999    .299   7.200
    61   2.650   1.390    .037    .396    .567  -9.999  -9.999    .264   7.400
    71   2.650   1.380    .026    .423    .551  -9.999  -9.999    .261   7.600
  3 SAVAGETON       
    13   2.650   1.420    .235    .420    .345  -9.999  -9.999    .186  -9.999
    38   2.650   1.380    .107    .482    .411  -9.999  -9.999    .192  -9.999
    71   2.650   1.380    .042    .516    .442  -9.999  -9.999    .197  -9.999
  7 SENLAR          
     5   2.650   1.270    .059    .532    .409    .357  -9.999    .251   6.800
    20   2.650   1.090    .295    .453    .252    .281  -9.999    .172   7.300
    41   2.650   1.250    .237    .578    .185    .344  -9.999    .185   7.600
    56   2.650   1.280    .323    .453    .224    .372  -9.999    .192   7.600
    71   2.650   1.300    .238    .555    .207    .341  -9.999    .195   7.900
   145   2.650   1.340    .168    .553    .279    .379  -9.999    .239   7.900
   160   2.650   1.100    .335    .405    .260    .253  -9.999    .169   7.700
  5 SHINGLE         
     6   2.650   1.580    .531    .260    .209    .248  -9.999    .126  -9.999
    18   2.650   1.550    .458    .281    .261    .281  -9.999    .160  -9.999
    30   2.650   1.420    .251    .457    .292  -9.999  -9.999    .169  -9.999
    50   2.650   1.420    .403    .383    .214  -9.999  -9.999    .141   7.800
   150   2.650   1.390    .061    .397    .542  -9.999  -9.999    .263   7.100
  2 SKILAK          
    41   2.650   1.320    .220    .588    .192  -9.999  -9.999    .103  -9.999
   102   2.650   1.420    .422    .420    .158  -9.999  -9.999    .098  -9.999
  5 TASSEL          
     5   2.650   1.450    .780    .105    .115  -9.999  -9.999    .074  -9.999
    15   2.650   1.600    .773    .083    .144    .198  -9.999    .091  -9.999
    38   2.650   1.670    .871    .052    .077    .097  -9.999    .048  -9.999
    61   2.650   1.730    .642    .252    .106    .182  -9.999    .066  -9.999
   152   2.650   1.490    .895    .057    .048  -9.999  -9.999    .034  -9.999
  5 TERRO           
     9   2.650   1.590    .792    .147    .061    .138  -9.999    .056  -9.999
    25   2.650   1.700    .753    .128    .119    .175  -9.999    .087  -9.999
    58   2.650   1.750    .817    .077    .106    .108  -9.999    .068  -9.999
    86   2.650   1.730    .875    .072    .053    .083  -9.999    .050  -9.999
   183   2.650   1.490    .877    .078    .045  -9.999  -9.999    .045  -9.999
  1 THIRTYNINE      
    28   2.650   1.420    .240    .393    .367  -9.999  -9.999    .268  -9.999
  5 TIESIDE         
     8   2.650   1.380    .389    .442    .169    .262  -9.999    .121   7.400
    28   2.650   1.280    .327    .460    .213    .302  -9.999    .154   7.500
    48   2.650   1.490    .245    .559    .196    .370  -9.999    .189   7.700
    68   2.650   1.870    .337    .592    .071    .245  -9.999    .107   8.000
   120   2.650   1.320    .272    .673    .055    .106  -9.999    .073   8.300
  2 TORRINGTON      
    30   2.650   1.450    .625    .182    .193  -9.999  -9.999    .154  -9.999
    48   2.650   1.450    .541    .296    .163  -9.999  -9.999    .133  -9.999
  6 TWOCABIN        
    10   2.650   1.780    .563    .298    .139    .247  -9.999    .109  -9.999
    28   2.650   1.790    .646    .085    .269    .288  -9.999    .234   7.000
    50   2.650   1.620    .529    .185    .286    .356  -9.999    .279   7.300
    68   2.650   1.110    .277    .564    .159    .546  -9.999    .238   7.700
   116   2.650   1.300    .274    .580    .146    .439  -9.999    .256   7.600
   152   2.650   1.360    .401    .477    .122    .445  -9.999    .230   7.500
  8 ULM             
    10   2.650   1.220    .395    .445    .160    .323  -9.999    .095  -9.999
    25   2.650   1.580    .375    .365    .260    .273  -9.999    .141  -9.999
    40   2.650   1.390    .287    .249    .464    .410  -9.999    .242  -9.999
    63   2.650   1.420    .330    .315    .355  -9.999  -9.999    .206  -9.999
    94   2.650   1.720    .413    .254    .333    .347  -9.999    .234   7.700
   128   2.650   1.770    .565    .178    .257    .264  -9.999    .184   7.800
   154   2.650   1.790    .663    .131    .206    .243  -9.999    .140   7.600
   183   2.650   1.770    .799    .092    .109    .149  -9.999    .085   7.500
  9 VONALEE         
     9   2.650   1.490    .870    .044    .086  -9.999  -9.999    .040  -9.999
    26   2.650   1.640    .887    .060    .053    .066  -9.999    .049  -9.999
    45   2.650   1.640    .874    .049    .077    .080  -9.999    .066  -9.999
    61   2.650   1.580    .773    .108    .119    .149  -9.999    .104  -9.999
   112   2.650   1.650    .616    .181    .203    .234  -9.999    .152  -9.999
   140   2.650   1.640    .696    .147    .157    .208  -9.999    .121  -9.999
   183   2.650   1.390    .251    .322    .427  -9.999  -9.999    .211   7.700
   213   2.650   1.420    .265    .339    .396  -9.999  -9.999    .233   7.600
   240   2.650   1.420    .494    .302    .204  -9.999  -9.999    .176   7.600
  4 VONALEE         
     8   2.650   1.450    .744    .141    .115  -9.999  -9.999    .061  -9.999
    25   2.650   1.450    .771    .123    .106  -9.999  -9.999    .072  -9.999
    41   2.650   1.450    .735    .141    .124  -9.999  -9.999    .088  -9.999
    58   2.650   1.450    .706    .171    .123  -9.999  -9.999    .125  -9.999
 10 VONALEE         
     3   2.650   1.490    .757    .196    .047  -9.999  -9.999    .049  -9.999
     7   2.650   1.450    .746    .191    .063  -9.999  -9.999    .045  -9.999
    16   2.650   1.740    .752    .118    .130    .158  -9.999    .092  -9.999
    27   2.650   1.700    .750    .089    .161    .177  -9.999    .111  -9.999
    37   2.650   1.620    .835    .074    .091    .110  -9.999    .066  -9.999
    64   2.650   1.610    .893    .038    .069    .084  -9.999    .048  -9.999
    87   2.650   1.620    .907    .031    .062    .071  -9.999    .044  -9.999
   128   2.650   1.760    .890    .035    .075    .093  -9.999    .060  -9.999
   165   2.650   1.780    .879    .041    .080    .082  -9.999    .062  -9.999
   230   2.650   1.490    .865    .047    .088  -9.999  -9.999    .052  -9.999
  8 VONALEE         
     5   2.650   1.540    .829    .136    .035    .159  -9.999    .049  -9.999
    13   2.650   1.450    .704    .179    .117  -9.999  -9.999    .074  -9.999
    23   2.650   1.700    .834    .043    .123    .173  -9.999    .085  -9.999
    38   2.650   1.490    .889    .022    .089  -9.999  -9.999    .058  -9.999
    58   2.650   1.690    .908    .029    .063    .096  -9.999    .049  -9.999
    84   2.650   1.490    .926    .025    .049  -9.999  -9.999    .036  -9.999
   117   2.650   1.490    .921    .021    .058  -9.999  -9.999    .040  -9.999
   152   2.650   1.700    .864    .080    .056    .094  -9.999    .049  -9.999
  7 VONALEE         
     5   2.650   1.460    .748    .130    .122    .166  -9.999    .101  -9.999
    10   2.650   1.540    .696    .145    .159    .197  -9.999    .108  -9.999
    25   2.650   1.510    .729    .122    .149    .165  -9.999    .112  -9.999
    45   2.650   1.480    .758    .117    .125    .145  -9.999    .089  -9.999
    85   2.650   1.540    .755    .114    .131    .192  -9.999    .079  -9.999
   128   2.650   1.520    .881    .058    .061    .125  -9.999    .085  -9.999
   160   2.650   1.590    .880    .071    .049    .102  -9.999    .091  -9.999
 10 WALLSON         
     7   2.650   1.450    .709    .219    .072  -9.999  -9.999    .054  -9.999
    12   2.650   1.660    .667    .186    .147    .173  -9.999    .100  -9.999
    25   2.650   1.640    .700    .147    .153    .220  -9.999    .105  -9.999
    38   2.650   1.660    .702    .152    .146    .161  -9.999    .096  -9.999
    47   2.650   1.450    .698    .165    .137  -9.999  -9.999    .081  -9.999
    70   2.650   1.760    .708    .155    .137    .204  -9.999    .102  -9.999
   120   2.650   1.750    .765    .117    .118    .154  -9.999    .082  -9.999
   140   2.650   1.490    .811    .087    .102  -9.999  -9.999    .061   8.400
   180   2.650   1.690    .704    .156    .140    .154  -9.999    .096   8.300
   250   2.650   1.320    .091    .712    .197  -9.999  -9.999    .156   7.900
  3 WORF            
     8   2.650   1.450    .547    .285    .168  -9.999  -9.999    .100  -9.999
    23   2.650   1.420    .423    .272    .305  -9.999  -9.999    .163  -9.999
    43   2.650   1.400    .174    .443    .383  -9.999  -9.999    .199   7.900
  4 WYCOLO          
    10   2.650   1.450    .667    .248    .085  -9.999  -9.999    .072  -9.999
    18   2.650   1.450    .671    .226    .103  -9.999  -9.999    .078  -9.999
    41   2.650   1.450    .645    .225    .130  -9.999  -9.999    .096  -9.999
    56   2.650   1.420    .498    .317    .185  -9.999  -9.999    .121  -9.999
  8 WYOTITE         
     8   2.650   1.440    .261    .395    .344    .370  -9.999    .200   6.400
    18   2.650   1.590    .236    .415    .349    .370  -9.999    .197  -9.999
    41   2.650   1.390    .188    .391    .421    .379  -9.999    .203  -9.999
    64   2.650   1.380    .184    .406    .410    .346  -9.999    .201  -9.999
   102   2.650   1.400    .172    .438    .390    .335  -9.999    .200   7.800
   120   2.650   1.560    .322    .359    .319    .349  -9.999    .187   7.500
   153   2.650   1.460    .220    .435    .345    .372  -9.999    .191   7.500
   183   2.650   1.550    .269    .385    .346    .364  -9.999    .201   7.500
