# Problem = CalAnaylsis
# Variables = 32
# Objectives = 4
4.0129482008290255E-6 1.2008674447267413 22.40798098720157 21.95066106956606 2.8968229646578756 2.673069353924888 0.6699316202841282 1.5946089968033679 13.385747737471245 1.6276039616778066 0.17308055863366287 0.12088699580970919 0.15438908924703268 1.7876734825124344E-13 5.827533571668059E-6 1.5940879655052736E-8 259.8310896341569 0.4736995099674388 726.8937919482071 780.5625890069873 5.419195343888763 14.148051404631953 0.17185796279969745 21.19996125196772 14.081345541969982 31.423606817175845 1.2918677488895023 395.79627772089646 158.3796556033499 0.18849445255915445 17.007090507036096 2.2307526952415273 1.2809991742264062 1.8169039112444794 0.38803322332003937 0.0867872078678058
1.6326587409781292E-6 2.2113339906966933 21.91047540280962 19.289853929361087 1.9403345003737602 2.8902595545487655 0.9325002929721984 3.632064930397276 1.8265026610179156 0.5155132746991241 0.13417272741770678 0.14706762378247482 0.1316802485638861 1.8792231133913225E-14 6.743526001728604E-5 1.332471351348308E-8 320.08332215099017 0.6143738426768937 614.225331638202 592.9455819049364 14.53114676762905 13.6843272631968 0.15078097761167006 16.324087612963403 15.719918390731586 33.24016059364046 1.262133850934165 381.4609451405732 227.7024594837054 0.17662466077295344 19.917319857210384 1.8505062255768094 1.8731035336879167 1.61028711254727 0.9127632030939784 0.021120288927902214
2.4855100280135103E-6 1.5994892717329758 21.17374501052355 9.380341547106728 2.883518007689968 4.918644522791544 1.1830921634570626 9.015254103202366 14.27837850308871 0.924709128903139 0.15051650953146878 0.1473654036169481 0.14665232705715664 9.457520896909897E-15 4.252212084942071E-5 2.3098324229056387E-9 265.99766429842964 0.6517043626920969 763.3643681686899 879.9746943108855 14.970327774877214 14.037346353122482 0.31104352498957794 16.559068018881316 15.96261388610892 33.23147428223997 1.3337127391151709 394.19313636316184 160.13362766550154 0.17356816147582937 17.756910034003038 2.3364423725012866 1.28238597982604 1.974160455768403 0.1707123050635445 0.03263267688814723
1.6326587409781292E-6 1.0429068770050463 21.91047540280962 21.170217354468303 1.9403345003737602 2.8902595545487655 1.4777332657191438 3.542616588194398 1.8265026610179156 0.5155132746991241 0.13976053331049137 0.14706762378247482 0.13033009005977836 1.8792231133913225E-14 2.505632866484566E-6 1.332471351348308E-8 218.5664139199528 0.6096670323842848 694.1770971129 700.5985923844094 14.53114676762905 13.684446235270677 0.15078097761167006 16.298176445751764 12.16182207697197 36.72364066280225 1.262133850934165 381.23087775048583 228.0509163287056 0.17662466077295344 19.866618223723716 2.223887782516705 1.9329562336772759 2.0309184353011855 0.8270856371558328 0.009978178073513786
4.032568457625079E-6 2.0899940620577233 15.790262023826937 10.088725822595926 2.3231979787824035 4.268672783714626 0.26123556419774896 3.1690355963090644 13.551168193544378 1.42403282444735 0.17291482923218926 0.1372474887046854 0.16966619396345148 4.715027960316659E-13 4.265412117793105E-6 1.706713337103638E-8 260.8985988123835 0.5071464367632033 743.4617827634127 606.097715876838 11.760494736908676 14.559863481694649 0.17244244980122891 22.81249367003774 13.209527278751484 34.464267480575565 1.3845426304929638 405.23036439741395 174.24557022753942 0.17166072845251037 25.21791399101268 1.9513551755116438 1.3681626104114437 2.0174252146800074 0.04852313426773758 0.08226059654631084
7.412432593417078E-7 1.17897230758761 23.740198966351645 21.979424510152587 2.8968229646578756 2.673069353924888 0.6699316202841282 1.2378171591646407 13.385747737471245 0.5808097771563727 0.1723259232748862 0.12088699580970919 0.15438908924703268 1.7876734825124344E-13 5.827533571668059E-6 1.6764700849231602E-8 259.8310896341569 0.4736995099674388 726.8937919482071 779.1875391140755 7.333410291642403 13.947865455984465 0.17295630880802676 21.19996125196772 13.086936920147021 33.21092178904409 1.2918677488895023 395.79066710091877 158.1550826618261 0.1569690958038534 17.747246036384215 1.9462498450777024 1.4843436064933966 1.7895931335988067 0.23026050094322206 0.042415246738167336
3.978258012626924E-6 1.199036898225812 18.218476820596702 24.609823809996463 2.390537843804881 4.755748485769805 1.96717270631004 1.5946089968033679 10.010012853988687 1.6102533328179134 0.17308055863366287 0.12088699580970919 0.15438908924703268 1.7876734825124344E-13 5.827533571668059E-6 1.5775977824416742E-8 256.64612074576775 0.4736995099674388 726.7920072743859 780.5625890069873 5.456924011505056 14.148051404631953 0.32605849821398136 22.424265934270604 12.47793828974743 30.96447172932461 1.3204970101535631 395.79627772089646 158.3796556033499 0.18860634905878212 17.007090507036096 2.229088127097095 1.2997312525119304 1.8118794902622208 0.3845091864548799 0.07316046903132813
1.6326587409781292E-6 2.2113339906966933 21.91047540280962 12.751265992128442 1.9403345003737602 4.806829374140511 0.9356674012368382 9.27670060573744 1.8265026610179156 0.5155132746991241 0.13417272741770678 0.14706762378247482 0.13169465893323165 1.8792231133913225E-14 2.0765696914162496E-5 1.3372329754347356E-8 320.08332215099017 0.614340179098182 614.225331638202 592.9455819049364 14.53114676762905 13.684324898065693 0.15078097761167006 16.324087612963403 15.687751250526034 33.1623917094002 1.262133850934165 381.4724631412606 227.7024594837054 0.17662466077295344 19.917319857210384 1.8701771123828062 1.8731276680285407 1.5979403679545392 0.9123602613521992 0.016907895783781803
1.6752914811794725E-6 2.20216679458626 21.87082829990323 19.25607071516269 2.3406854769338583 4.696852192189528 1.9887588991093763 9.193773540164266 9.891907303899302 0.8294124553240411 0.21357328949637067 0.14149611645619548 0.13668673788555127 7.054138910365845E-13 4.2243129094022685E-5 2.905448333908529E-9 351.3126176644841 0.40280152975962114 664.9852508251741 579.0572972763841 14.669876723310333 13.628366344733479 0.1937784877128963 22.25148807117328 12.400300287931755 31.857763071509343 1.1509387174605221 377.071676739327 144.04263029833166 0.19438038737986085 23.5435287360198 2.26785987762549 1.2564396242204798 2.1781142733863375 0.4061551620068251 0.03174144067947991
3.997302243034612E-6 1.1706699817085287 22.40798098720157 21.95482718431117 2.8968229646578756 2.673069353924888 0.7159821115428855 1.655081567844252 8.747127468204429 0.2503464148288188 0.17308055863366287 0.12128481270555988 0.15438908924703268 1.7876734825124344E-13 5.827533571668059E-6 1.5919236894832017E-8 259.8310896341569 0.4736995099674388 662.517402035649 778.7639468811798 5.582698686427191 13.948441726024184 0.17185796279969745 21.169535417988197 14.081345541969982 35.68068293084752 1.2918677488895023 395.79627772089646 158.43372054427223 0.18849445255915445 22.346542157630132 1.7644293901501094 1.3458692911861527 1.7693993829237882 0.4825152534971003 0.038456732471333535
4.746052387461808E-6 1.6009946639935282 23.578743041677956 22.322955040472237 2.879868444558955 4.951149590096968 1.1830921634570626 5.016291752363619 14.27837850308871 0.9295567702771717 0.17823789852292085 0.1475626538974007 0.14669475860736045 9.457520896909897E-15 4.996550186685491E-6 3.0839461405244433E-9 265.93598630805633 0.6517043626920969 762.9751549456499 875.0272869522241 8.204942067750777 14.037461440595052 0.3198125333105174 20.75190230035422 15.96261388610892 31.69330447842888 1.1297705130330509 394.5254419757535 159.75370139140475 0.1931760187657888 18.14028795556513 2.3363586080171364 1.2879285686426247 1.893854504733385 0.09643315877062456 0.038762478822592136
1.6108398576916862E-6 2.166942147487172 21.91047540280962 19.289853929361087 1.9403345003737602 2.8897818552257335 0.727288300528367 3.632064930397276 1.8265026610179156 0.5150349083856149 0.1398567947916146 0.14706762378247482 0.13078437752008676 1.8792231133913225E-14 7.71570811415603E-6 1.332471351348308E-8 175.98628910951538 0.6094330932842431 614.225331638202 592.8124615334908 14.53114676762905 13.684446235270677 0.15078097761167006 16.31544224652258 15.880553888326245 35.068726045141844 1.280411791004653 380.5567516085287 227.7024594837054 0.17662466077295344 19.917319857210384 2.222480544451315 1.8751422630912595 1.6485406416536965 0.7714901870249663 0.02597629989560195
7.412432593417078E-7 1.17897230758761 23.740198966351645 21.979424510152587 2.8968229646578756 2.6719570933436665 0.6699316202841282 1.2439512375599477 13.385747737471245 0.5808097771563727 0.1723259232748862 0.12088699580970919 0.16971988540994024 1.7876734825124344E-13 5.827533571668059E-6 1.6764700849231602E-8 259.8310896341569 0.4484879409276843 727.8976244312134 779.1875391140755 5.977749958265839 13.947865455984465 0.17295630880802676 21.19996125196772 13.078976976016252 31.644743948061784 1.2918677488895023 395.79066710091877 158.35987586462912 0.1569690958038534 17.747246036384215 1.945789414757653 1.4935892087415334 1.7845509514850757 0.3378340043001663 0.044380658245875
6.981310787041855E-7 1.3716806620321305 20.945951052571168 22.20000401238287 2.322705609424845 3.378718831065222 0.6704241630285632 9.083692903690816 13.476552249424639 0.6811947279943852 0.1409708303220417 0.13838171810357972 0.15480689774338602 5.989939392894811E-13 5.215456473772183E-6 2.287195758737097E-8 171.9025256010357 0.0335618644169601 899.9203294845986 783.4152218572722 8.003202445618651 14.114030194967564 0.2471475497577248 21.176148868348715 13.106758149516534 32.56960567424922 1.2906605934901922 396.6994018202895 141.40916306676183 0.1707283121429455 17.76296612853768 1.951747844359529 1.52548199700791 1.8278317478096158 0.16859709281564228 0.042439062313975366
3.5705033904296055E-6 1.589896713212696 23.739260646709255 21.939743505153107 2.8968229646578756 4.510742746529474 1.4978776151536686 6.6111511790944855 13.385627016749108 0.5808097771563727 0.1723259232748862 0.1464147310199347 0.1468483299709943 1.7876734825124344E-13 5.827533571668059E-6 1.321560073829331E-8 265.5198217470662 0.45078786709543256 723.2586741437151 879.7053376311598 7.352198544724442 14.03681290895768 0.3095062032433272 21.19996125196772 13.086936920147021 33.27804565390677 1.333527517224215 376.38380129409194 160.6444704150691 0.15879915216120494 17.065613708737065 1.9462498450777024 1.245518368425495 1.7984022643998532 0.15975411864225642 0.09182398709310469
9.393462962198866E-7 1.175034727710984 23.73184587544216 22.715054295364503 2.879868444558955 2.5981693648593103 1.1977092888255514 4.911094980528839 10.35181124688238 0.5766295960686334 0.17867395947468262 0.14731857419045627 0.13191250674269425 9.457520896909897E-15 5.846822720941652E-6 1.7147542170288842E-8 259.74169896320615 0.645616699113407 762.9751549456499 875.0272869522241 7.337681638660331 14.037461440595052 0.31184323332264424 20.753161554304235 13.109044797336919 33.296527924235086 1.1297705130330509 373.2441112970759 159.89533652391222 0.15714442791471592 17.758570122321892 1.9338925861393073 1.616305723750574 3.761717409971144 0.060157586775755056 0.04270477396777219
4.744388403531649E-6 1.599585868709284 18.21064404252746 15.805179023283488 2.872523219841361 2.4725012408487625 0.7159821115428855 1.5591738763091763 8.78621176686431 0.23057695071643447 0.1723929206438928 0.12139723879356942 0.13511804415550438 1.7876734825124344E-13 2.801319859733064E-6 1.8639272786297263E-8 259.8310896341569 0.4736995099674388 725.8060838062217 782.3899787783054 5.13318850699746 13.980559872710685 0.17185796279969745 21.200343782766936 15.850124434291974 35.46653387489 1.211607636836474 353.64562364947824 160.1002648104905 0.1929173422590449 22.39517331055888 2.375782995909102 1.325276896970954 1.7206853757487472 0.4227803348490882 0.14634215846982704
9.393462962198866E-7 1.1470157333237132 23.73184587544216 22.859883169177323 2.879868444558955 2.604999569074832 0.6965677104920296 4.911094980528839 10.95330173240476 0.5766295960686334 0.17867395947468262 0.14731857419045627 0.13189010839792023 9.457520896909897E-15 5.847567817794972E-6 1.6887724441180347E-8 259.74169896320615 0.645616699113407 762.9751549456499 874.6596655024829 7.337681638660331 14.039560684704535 0.3095381636707084 20.756362212314375 13.08726036469116 33.25454457247725 1.1297705130330509 373.01987071914465 159.89533652391222 0.1571460528640821 17.758570122321892 1.9338925861393073 1.4268659449012793 4.763390523334086 0.06030888999164924 0.04053580695378224
3.43523970016317E-6 1.0146068832932578 22.328425914956814 21.95482718431117 2.035563885432215 2.6742455196387813 0.7159821115428855 1.650841486504603 8.78873914475074 0.2920049741839683 0.17308020855620396 0.12128481270555988 0.1564520219533844 1.7876734825124344E-13 5.827533571668059E-6 1.7058914412827378E-8 259.8310896341569 0.47880901770166207 662.517402035649 778.7639468811798 5.464721392636806 13.948441726024184 0.17185796279969745 21.169535417988197 14.081260175630895 35.700791194430316 1.2928661261928431 395.7040847989189 158.43372054427223 0.18836816866523468 22.47840897039255 1.7644293901501094 1.3844350083766077 1.7494751551685215 0.49772568140426804 0.03952803237681059
2.4855100280135103E-6 1.61685109632833 21.116547532282606 19.047039012501106 2.883518007689968 4.918644522791544 1.4973263264418588 3.918830493319807 2.0201686658899654 0.924709128903139 0.13925257939067204 0.1470657365195181 0.1306878207326485 9.457520896909897E-15 1.615900773587915E-5 1.3392189797053893E-8 265.99766429842964 0.6517043626920969 763.3643681686899 585.204953154238 14.93996491954485 14.052823516493495 0.31104352498957794 16.559068018881316 15.962489264922503 35.01412847844457 1.3337127391151709 381.08940535338996 159.57956574766283 0.17356816147582937 17.744307891642215 2.3364423725012866 1.7449835400610114 1.647257960999877 0.2719462771770134 0.03887738541311472
3.3907883143489585E-6 1.589896713212696 23.740198966351645 21.939743505153107 2.8968229646578756 3.336584368532822 0.6838696349560425 9.052269021771437 13.21095231967124 1.8918266406966089 0.1723259232748862 0.12313534166032702 0.1468483299709943 1.7876734825124344E-13 5.827533571668059E-6 1.6764700849231602E-8 277.87448265873155 0.4726880111337656 726.8937919482071 877.5766982206128 7.352198544724442 14.234219787505229 0.3095062032433272 21.19996125196772 13.086936920147021 31.640762610318955 1.333527517224215 397.82860758754447 158.1550826618261 0.1569690958038534 17.747246036384215 1.9462498450777024 1.2561048452208394 1.8303691087409162 0.13309821327584487 0.048488562297045956
8.056502691199995E-7 1.1557638983670486 23.740198966351645 22.20296697596713 2.8968229646578756 2.6797716324055747 0.6694002220700725 1.6985428773289115 10.495666103979712 0.523024150012328 0.17869632381565448 0.14691025454956003 0.15475564855247828 1.7876734825124344E-13 5.827533571668059E-6 1.5940879655052736E-8 157.9906457054855 0.07451305264998401 726.9438875801247 781.3149924482227 5.419195343888763 14.02188957397064 0.15769335622008104 21.19996125196772 13.086936920147021 33.276306663901195 1.2918677488895023 395.8119335164448 158.3796556033499 0.1569690958038534 17.007090507036096 2.0663391419780353 1.5323828304929155 1.6123104406112339 0.5495981219711064 0.0741511924083663
3.43506616331939E-6 1.3246314889809312 23.687910453429776 18.431112348014864 1.9640880626639705 3.5507589781175914 0.741687617275372 1.6985428773289115 14.494175050380877 1.7960875814216795 0.17869632381565448 0.12683224797699388 0.13180672221880016 1.7876734825124344E-13 5.8284573212873575E-6 2.291932083548684E-8 170.2894834986542 0.11918674581197963 729.2459597083175 599.2762155093093 5.390725612513583 14.212296477958185 0.15823995629201232 20.64975847765362 13.208950729397156 37.31966462070032 1.2842662270383867 373.5320917666205 224.10937156655163 0.15693760095203232 17.007090507036096 2.072856422797799 1.3254414744359342 2.0337927901791133 0.611864252770262 0.010052000372736026
1.6773274818377224E-6 1.6009946639935282 23.578743041677956 22.322955040472237 2.8684257666797843 4.951149590096968 1.1830921634570626 5.016291752363619 14.27837850308871 0.508077867796224 0.17754409631653922 0.1475626538974007 0.1297770364513885 9.457520896909897E-15 2.0169832343349524E-5 2.7641744362356784E-9 265.93598630805633 0.6517043626920969 737.4703159653968 860.2835873693708 8.294081045736114 13.692544682314445 0.3198125333105174 20.75190230035422 15.96261388610892 35.100471262132785 1.1424782742802013 380.45763726948314 159.75370139140475 0.17728429800928658 17.7099659584393 2.333157365085547 1.3027621965415013 1.9022860629057374 0.07312653809759441 0.23997507483686545
4.742284047069759E-6 1.604932855998921 22.480586341776668 21.978059344414362 2.8968229646578756 4.818459063880454 0.7158796297958329 1.2372220038904689 13.407371933619162 0.3266163197646899 0.17308978209817152 0.12088699580970919 0.15423002338299255 1.7876734825124344E-13 5.827533571668059E-6 1.4957564947773627E-9 259.9154099893178 0.47175552320679365 724.7094966544332 778.7494804885379 5.420497461394877 13.947850757193955 0.1718591528035427 21.19996125196772 14.588893394076383 35.866784842664764 1.2918677488895023 395.7006521710184 158.1550826618261 0.18857558070487945 18.12896386962753 2.2310525982207925 1.2462259517994483 2.1899012446910833 0.4115863655239377 0.012218705634091082
1.78820258091712E-6 1.3421280433213003 23.77094530988215 19.066301635019386 1.9988576924657495 3.5507589781175914 1.5017865710056792 1.1390802810130207 10.375555634746782 0.546134634605907 0.13853188214840934 0.12620955259243372 0.13180672221880016 1.9796092480589268E-13 5.8284573212873575E-6 2.3092835089599513E-8 171.31930263420978 0.6134230565586563 748.3043855476031 600.6168524233667 5.419195343888763 14.219296452518462 0.1605462584685586 20.765752929692 15.600047387283063 31.695310251005573 1.2887526654945505 373.5320917666205 220.33608139864407 0.15679353333162468 20.23199018393239 2.228794575546737 1.4201981048956214 1.6786582517652584 0.6306656452247624 0.016886017971145816
4.0129482008290255E-6 1.2008674447267413 22.34167460246637 21.95066106956606 2.8968229646578756 2.673069353924888 0.6668415683521948 1.6035779746125702 13.385747737471245 0.5439375712621499 0.17308055863366287 0.12088699580970919 0.15438908924703268 1.7876734825124344E-13 5.694580689489502E-6 1.5931658613883294E-8 259.8310896341569 0.4736995099674388 726.9048449004825 779.1054666512812 5.424271664475846 14.148051404631953 0.17185796279969745 21.200819421755412 14.081345541969982 31.48399026827938 1.2918677488895023 395.7907204981091 158.3796556033499 0.18849445255915445 17.007090507036096 1.9438465394338893 1.2976347207137215 1.780811712248802 0.391434759082722 0.09050449919238848
3.5318317496503854E-6 1.3476816329725179 23.740198966351645 15.797589598743174 2.005962471373455 3.5507589781175914 0.7374514413686877 1.4501031093353736 8.769653536578954 1.7131918148679095 0.17235832464639836 0.12683224797699388 0.13363962764278578 1.8489613649784662E-13 5.8284573212873575E-6 2.291932083548684E-8 171.31930263420978 0.4738772403527026 725.4884363791489 600.1975018516242 5.419195343888763 14.219296452518462 0.1605462584685586 22.524066134014028 13.260593473445162 35.44567325207522 1.2877893973343741 373.5320917666205 220.33608139864407 0.19001772797429395 25.24117495625282 2.077525526212845 1.322723432185032 1.6897972116155247 0.6148146576194419 0.09905124283804974
3.36074194366518E-6 1.1557638983670486 22.363962097105137 21.949499781852577 2.0374442030164706 2.6823223997157344 0.6694010066627671 1.6985428773289115 10.65547913828857 0.8969199833668279 0.17869632381565448 0.14691025454956003 0.15475564855247828 1.7876734825124344E-13 5.827533571668059E-6 1.5917948197273772E-8 257.4368023039991 0.07451305264998401 659.3518588085489 781.3339743393859 5.419195343888763 14.02188957397064 0.17116892790545943 21.200009945009466 13.086480019030036 33.276306663901195 1.2928696749993955 395.79468904025805 158.3796556033499 0.1569690958038534 17.007090507036096 2.0644627146076906 1.3683217358204873 1.7537628967819012 0.49130795767172214 0.041323381084319565
1.2459611907951647E-6 1.599585868709284 18.21064404252746 15.805179023283488 2.873542079750312 2.4725012408487625 0.7159821115428855 1.5591738763091763 8.78621176686431 0.3730266533646972 0.17267574149490028 0.12243414952677974 0.13511804415550438 1.7876734825124344E-13 6.06616189222429E-6 1.8639272786297263E-8 155.19489646187057 0.4736995099674388 725.8060838062217 808.8643747243726 5.108067791720605 13.980559872710685 0.17923119327872025 21.200343782766936 15.850124434291974 33.297916496354524 1.211607636836474 396.042925012463 160.1002648104905 0.15571131983562447 22.39517331055888 2.375782995909102 1.370079585171844 1.552845090402947 0.5589091731814879 0.07867169597404554
4.297268980724019E-6 1.1557638983670486 23.740198966351645 22.20296697596713 2.895804104748924 2.6797716324055747 0.6694002220700725 1.6985428773289115 10.495666103979712 0.523024150012328 0.17841350296464698 0.14587335723545228 0.15475564855247828 1.7876734825124344E-13 4.21884582702458E-6 1.5940879655052736E-8 262.6765392077169 0.07451305264998401 726.9438875801247 782.440454065214 5.444319654052572 14.02188957397064 0.15769335622008104 21.19996125196772 13.086936920147021 35.4449240407342 1.2918677488895023 353.48433831138243 158.3796556033499 0.19422999017647297 17.007090507036096 2.0663391419780353 1.3404137526098572 1.7335995072742858 0.39560507393782574 0.12610568629228358
3.991431539312387E-6 1.3840922611360724 21.939492596395613 22.82598186823001 2.8968229646578756 3.6201833903374565 0.7159821115428855 5.119979542974939 8.783916221237941 0.5757602919712141 0.17891331139322858 0.11804498923459068 0.13535549376753872 1.7876734825124344E-13 5.962109086931955E-6 1.887260311835762E-8 259.8310896341569 0.4736995099674388 650.6201685760072 872.7813782941828 5.13318850699746 13.29595692181817 0.17185796279969745 21.161133748169664 13.12923884258899 35.062473122821736 1.223141718344864 353.64562364947824 160.41472273933917 0.17754771167314165 20.067155921073542 2.2249231667053513 1.304683357744125 1.7239885029426545 0.48625277644706244 0.17044082635666358
4.766651789946776E-6 1.589896713212696 23.739260646709255 21.939743505153107 2.8968229646578756 4.510742746529474 1.4978776151536686 6.340190222878846 13.431434356417668 0.5808097771563727 0.17284662289491612 0.1264893564683052 0.1467906210717124 1.7876734825124344E-13 5.827524311462168E-6 1.321560073829331E-8 265.5198217470662 0.4518875615768092 723.2586741437151 879.7053376311598 7.352198544724442 14.040820024237986 0.3095062032433272 21.175809462314742 13.062483227670457 33.253178428768614 1.333527517224215 376.38380129409194 160.6444704150691 0.15879871509662138 17.068489506692718 1.9348922572166793 1.2476939772681739 1.895119378956699 0.16845926947872503 0.07513344455079249
8.754560347261491E-7 1.17897230758761 23.71088424055543 7.137915797182489 2.9665447169568493 2.673069353924888 0.6668783049079046 1.7799974426832703 10.536945241366992 0.5808097771563727 0.17233161043525533 0.1465835067199345 0.15432306621898978 1.7876734825124344E-13 5.704035897846001E-6 1.8590189835066543E-8 259.8310896341569 0.6283286361299085 729.1062444862414 779.0966474149469 6.856700099390229 13.947865455984465 0.13068335767293077 21.237672911481482 13.09058734204024 33.29681798975123 1.2918677488895023 395.79066710091877 175.92867289529556 0.18841624373126964 22.424569281206118 1.9479430116732683 1.442779678831535 1.7334786040324799 0.2657555938652628 0.04934952677210575
2.6617201059415917E-6 1.1769443751516286 18.536363663212754 23.9375492691929 2.015246123319769 4.755748485769805 1.96717270631004 1.6514481018208755 10.010012853988687 1.6102533328179134 0.17372977032143447 0.12088699580970919 0.14935036503786456 1.7876734825124344E-13 5.827533571668059E-6 1.575692659227994E-8 259.3488254619631 0.47315915814432996 726.7920072743859 778.7297214252941 6.447162896199036 13.097594095246853 0.32605849821398136 16.07365810804003 12.505953247057864 30.746031503875194 1.320235047448462 395.79101924862243 158.3796556033499 0.18860634905878212 17.011275119374634 1.7727899594941028 1.3554669970564877 1.7905371828049872 0.2763840793300427 0.2987580954168427
3.473138202901206E-6 1.3575410490625326 23.698618639436297 21.95482718431117 2.035016936385013 2.7652141169905953 0.6844734650717839 1.5940023814870954 8.78873914475074 0.32822450203424314 0.17308020855620396 0.12128481270555988 0.1564477284026997 1.7876734825124344E-13 5.827533571668059E-6 1.682240517255247E-8 156.32015878457165 0.47880901770166207 665.0604694196104 779.9247131411629 7.412269410139632 13.948451136110208 0.17299416021296957 21.21354808342285 14.048983900740192 35.9194256725256 1.291885241454399 395.79628087791775 158.41661001611544 0.18719718898161913 22.47840897039255 2.2227687836516457 1.3790971801665506 1.6622480922202298 0.47416479718982524 0.04171218290607982
3.5647920715483156E-6 1.3421280433213003 23.740198966351645 19.069846759462354 1.9988576924657495 3.5507589781175914 0.7413077809872801 1.4501031093353736 10.32087111089717 1.7131918148679095 0.17869632381565448 0.12683224797699388 0.13180672221880016 1.9796092480589268E-13 5.8945602589025415E-6 2.291932083548684E-8 171.31930263420978 0.4652668750600595 742.3152225812764 600.1975018516242 5.419195343888763 14.219296452518462 0.1605462584685586 20.765752929692 13.061323118056746 31.69339411907626 1.2877893973343741 373.5320917666205 220.33608139864407 0.15733803842635782 17.622880008150375 2.0728881228531955 1.321250422234612 1.7387515745860624 0.600472818896755 0.01881736146156571
4.742146636001908E-6 1.3246314889809312 23.740198966351645 19.069846759462354 1.9617788666714127 3.5507589781175914 0.7378312776567797 1.6985428773289115 10.32087111089717 1.7131918148679095 0.17869632381565448 0.12683224797699388 0.13180672221880016 1.7876734825124344E-13 5.8284573212873575E-6 2.291932083548684E-8 170.2894834986542 0.4652668750600595 729.8461635906665 600.1975018516242 5.419195343888763 14.219296452518462 0.1605462584685586 20.64975847765362 13.061323118056746 31.686936881147517 1.2877893973343741 373.5320917666205 220.33608139864407 0.15733803842635782 24.726940700572232 2.0774938261574483 1.298620390024845 1.7704680130061639 0.6084152188099161 0.054131678648560964
3.5647920715483156E-6 1.3421280433213003 23.740198966351645 19.069846759462354 2.8435577966524046 3.5507589781175914 0.7413077809872801 1.6869169754928977 10.32087111089717 1.7131918148679095 0.17869632381565448 0.12683224797699388 0.13180672221880016 1.9796092480589268E-13 5.893035689394154E-6 2.291932083548684E-8 170.35512104952582 0.10051099992078771 742.3152225812764 600.1975018516242 5.419195343888763 14.219296452518462 0.1605462584685586 20.76297221283232 13.061323118056746 31.693821530861346 1.2877893973343741 373.5320917666205 221.97741845613336 0.15733803842635782 17.004213399189883 2.0728563233931063 1.3098206477344654 1.728808336766145 0.6059907908981869 0.024692235781515554
6.660389530540994E-7 1.607792987257175 23.792858246035355 21.979348855964854 2.8968229646578756 4.747625770447159 0.7158796297958329 1.237850730206016 13.383511031039255 0.3266163197646899 0.172311979910572 0.12088699580970919 0.1543901604511008 1.7876734825124344E-13 5.827533571668059E-6 1.668668963611111E-8 259.9154099893178 0.47175552320679365 726.9780613926131 778.7494804885379 5.449869033480231 13.972431112178086 0.1718591528035427 21.19996125196772 14.485949968520117 35.866784842664764 1.2918677488895023 395.7005604268279 158.1550826618261 0.18857558070487945 18.12896386962753 1.948817349238965 1.3488929865241512 1.7722922886278676 0.3940894512999095 0.019072329731224413
3.58142048455087E-6 1.3967288073490705 23.740198966351645 15.690609600139698 2.059498775049959 3.6612345988609016 0.7374514413686877 3.671956132349622 8.607143771706765 1.7131918148679095 0.17235832464639836 0.13107750089754205 0.13363962764278578 1.8489613649784662E-13 5.8284573212873575E-6 2.291932083548684E-8 171.31930263420978 0.27545015811516815 725.8610669836355 600.1975018516242 8.370841790514113 13.94328320660021 0.16062011664879952 22.521894477249898 12.559464139209098 34.3591897741048 1.2877893973343741 373.5320917666205 172.5497469264096 0.18892004147903405 25.232403973288818 2.077525526212845 1.335362233944528 1.701775884632395 0.3996066815502724 0.0472347504283792
1.0215240653675124E-6 1.3840922611360724 23.764488467161268 19.25192017513273 2.8968229646578756 2.801041997607939 0.7159821115428855 1.757621785374727 8.357373650011274 0.5248151332468617 0.1713815825381752 0.14636469838654376 0.13489640776763998 1.7876734825124344E-13 5.961540094408116E-6 1.8555176752722032E-8 259.8310896341569 0.4736995099674388 655.6482991012272 584.5498422464007 5.131934748154132 13.245104945020357 0.17185796279969745 21.161133748169664 14.078259344349151 35.062473122821736 1.2630355411900023 353.64562364947824 158.36410588180289 0.17688094898318826 20.067155921073542 2.2170248172426814 1.3649889384707516 1.6458988110563388 0.6417410254623658 0.20470572368787882
3.555936604278431E-6 1.5685275811958665 23.608010305595187 21.944724401293755 2.8909603553244136 2.645572101713277 0.6724850169514565 1.4572756379985043 13.302785749344798 0.585286198675759 0.17280397605192832 0.12683224797699388 0.1544083077970528 1.7876734825124344E-13 5.8299818907957445E-6 1.5880473335874185E-8 173.69029398953336 0.45357208300083324 726.9218263830189 774.5967061928122 5.4190794357805565 14.019856524239701 0.15998908737221912 20.872238397741146 13.044642934932389 31.66549832340051 1.2911202272263194 395.40988320029396 150.77830226677264 0.19219456133523777 17.078005964517256 2.0735594211151422 1.2873195797732973 1.673284945998203 0.5152261773501348 0.11066357089005381
8.725407488889266E-7 1.17897230758761 23.7318127435925 6.9905096452028825 2.970380466848387 2.60102249069561 0.6702763189179326 1.8009398987307956 10.52687675073243 0.5808097771563727 0.17233161043525533 0.1465835067199345 0.1553143280668918 1.7876734825124344E-13 5.702992941528017E-6 1.8590189835066543E-8 259.8310896341569 0.6283286361299085 729.1062444862414 779.0966474149469 7.341773884327431 13.943589321051986 0.13068335767293077 20.736603806859428 13.09058734204024 33.29681908356588 1.2839109332827636 397.8887032617382 176.46254333273038 0.18841624373126964 22.424569281206118 1.9339585621364261 1.449483842814142 1.7290662353807746 0.2254790479490619 0.0737870335435833
7.976386158935685E-7 1.2008674447267413 23.813276889859203 21.95066106956606 2.8968229646578756 2.673069353924888 0.6699316202841282 5.2257248135925165 10.1053146098932 1.6276039616778066 0.17308055863366287 0.1509255204560958 0.15438908924703268 1.7876734825124344E-13 5.827533571668059E-6 1.5940879655052736E-8 259.83166406970525 0.46642400631587233 726.8937919482071 780.2760421482474 5.467947544474072 14.04251356288636 0.3161296204841166 21.19996125196772 14.081345541969982 33.19937327845273 1.121665981401248 395.79627772089646 159.76160851617138 0.19048409454629797 17.01376624366171 1.9349061636935119 1.4208232430221837 1.7316115348690369 0.39374340229454985 0.08750663397706926
1.6691418868910058E-6 2.240606599815975 21.91047540280962 19.37805383193558 1.9403345003737602 2.8902595545487655 1.5172759694381757 3.632064930397276 1.8994673617036701 0.5410454117879597 0.13857685020163002 0.14706762378247482 0.13167944703862408 1.8792231133913225E-14 7.585111427094957E-5 1.332471351348308E-8 320.08332215099017 0.6152250768381852 615.5058130948248 903.0968204646459 14.53114676762905 13.6843272631968 0.15078097761167006 16.324087612963403 15.645331381999434 33.24016059364046 1.262854805293503 373.51965396321435 227.7024594837054 0.17662466077295344 19.917319857210384 2.2397898349394967 1.8564252737064513 1.6250916361148022 0.9004999833695566 0.01839617215107096
3.555936604278431E-6 1.5685275811958665 23.608010305595187 21.944724401293755 1.9353752892801293 2.643229258041732 1.3536348977383847 1.4572756379985043 13.302785749344798 0.5862491017106697 0.17280397605192832 0.12683224797699388 0.1544083077970528 1.7876734825124344E-13 5.8299818907957445E-6 1.5854108405543042E-8 173.69029398953336 0.45357208300083324 726.621530962955 702.2509240441452 5.964140351396072 14.019856524239701 0.15998908737221912 20.872238397741146 13.044642934932389 31.66549832340051 1.29081991764914 380.74403482174824 150.77830226677264 0.17651403819732392 19.810193750172488 2.2215144072618545 1.3303007674680734 1.6642222162752067 0.5115934962571926 0.1614001052108761
3.5647920715483156E-6 1.3421280433213003 23.740198966351645 19.069846759462354 2.8479302138786955 3.5507589781175914 0.7413077809872801 1.6874831636791487 10.32087111089717 1.7131918148679095 0.17869632381565448 0.12683224797699388 0.13180672221880016 1.9796092480589268E-13 5.89461750150103E-6 2.291932083548684E-8 170.2712597832406 0.10051099992078771 742.3152225812764 600.1975018516242 5.419195343888763 14.219296452518462 0.1605462584685586 20.76297221283232 13.061323118056746 31.693821530861346 1.2877893973343741 373.5320917666205 220.2745612493116 0.15733803842635782 17.004213399189883 2.072856631489725 1.3088041588057069 1.7385021327974544 0.6059907908981869 0.01865425529357984
4.763246391890533E-6 1.199036898225812 23.971041390468486 22.3919440308542 2.3918918755058267 4.763036433927881 1.96717270631004 5.178704003673734 10.010012853988687 1.6328269520225405 0.17823474718614307 0.12088699580970919 0.15438908924703268 1.7876734825124344E-13 5.827533571668059E-6 1.5816806808095514E-8 266.109589426109 0.4819030468409433 726.7920072743859 780.5625890069873 5.456924011505056 14.148051404631953 0.32605849821398136 20.779385395337258 15.75041895659047 30.98230131678685 1.1318876637856758 395.8761581397204 159.76042754069482 0.18860634905878212 17.007090507036096 2.229088127097095 1.282625977905703 1.8373902234878303 0.3940382496743044 0.021133120564677726
3.961052737833044E-6 1.6009946639935282 17.824386007091004 24.540527986127465 2.878501662463519 4.943861641938892 1.1830921634570626 1.4358658159772388 14.27837850308871 0.9069828923841459 0.17308370997044065 0.1475626538974007 0.14669475860736045 9.457520896909897E-15 4.996550186685491E-6 3.0440551447434012E-9 256.4725176277151 0.6435008258185708 762.9751549456499 875.0272869522241 8.204942067750777 14.037461440595052 0.3198125333105174 22.638271677190193 12.6484868796541 31.675474890966708 1.3183796841742983 394.4455615569296 158.37292945405983 0.1931760187657888 18.14028795556513 2.3363586080171364 1.3409340755482184 1.8909475501518604 0.009006306669348487 0.09606021776717963
4.775239118695766E-6 1.3692399904898722 23.740198966351645 7.647395004335702 2.8367876017205855 3.5494487961512107 0.7528698595518533 4.992089612508106 10.32087111089717 1.7131918148679095 0.17869632381565448 0.12683224797699388 0.17055146674687272 1.7876734825124344E-13 5.824959008297062E-6 1.5924972675544165E-8 153.53444655394728 0.14151862710869667 727.4477415217875 678.2835493863748 7.411881521431513 14.219296452518462 0.15998908737221912 20.817994703904617 13.061323118056746 31.686753048609415 1.2989424725221848 368.9642239601504 163.80427490667364 0.15724827174322592 25.20914785064971 2.0719857241722592 1.3305533977307213 1.6682331947907387 0.439865245547273 0.25711525374986055
3.971146253629913E-6 1.2008674447267413 22.40798098720157 6.910229707841369 2.8402953091537224 3.4768385035532763 0.6760172054548076 1.5946089968033679 10.378588544542513 1.6276039616778066 0.17853351137123957 0.12088699580970919 0.15438908924703268 1.7876734825124344E-13 5.84851999982715E-6 1.5940879655052736E-8 263.95912734781575 0.4791577022856892 726.8937919482071 780.5625890069873 5.419195343888763 14.148051404631953 0.17166988539745084 21.08032117683788 14.081345541969982 31.43747991672544 1.299035444468458 377.53516408972774 158.3796556033499 0.18849445255915445 17.558332151221766 2.2307526952415273 1.2968022154945722 1.7548758362333103 0.3969647713586791 0.13203883695708185
4.7880081595019655E-6 1.4107848502561957 23.707756239344537 21.882311496675563 2.051666697794857 3.5507589781175914 0.1887395212381217 1.461729011171468 10.336632067964617 1.7157254474473995 0.1786929566100816 0.13723746561862127 0.17051079438060876 1.7876734825124344E-13 5.8299818907957445E-6 1.7078908063887752E-8 171.25366508333818 0.11708233281411762 831.607408575011 851.2040630961957 5.392403669280986 14.219296452518462 0.15827719477933366 20.872238397741146 13.061323118056746 37.383452255972124 1.1325559981648026 405.0051883310082 156.69237049144527 0.16314319695361032 17.78381970379458 2.072888222257888 1.3057303781476386 1.71844383012306 0.39295366907605445 0.2231906287600091
3.5129164306677114E-6 1.3719725073441262 20.945951052571168 22.20000401238287 2.322705609424845 3.215215347901205 0.6704241630285632 9.083692903690816 13.476552249424639 0.6811947279943852 0.1409708303220417 0.1388108298841154 0.15430375044458475 5.989939392894811E-13 2.017967638575113E-6 2.287195758737097E-8 171.9025256010357 0.0335618644169601 899.9203294845986 780.3853342626214 7.875033582500577 14.114030194967564 0.2471475497577248 21.176148868348715 13.106758149516534 32.56960567424922 1.2906605934901922 398.8640750463103 141.40527924894653 0.1707283121429455 17.76296612853768 1.9608994106793807 1.3281231372096192 1.9161919467564765 0.17401765051115622 0.03683050474156103
3.6491648538468568E-6 1.1437068990518053 23.740198966351645 15.77071758067925 2.922158754031978 2.6674005243419865 0.7296396609886135 1.2378171591646407 8.41330949585098 0.5517161453332062 0.1723259232748862 0.12088699580970919 0.1537331497706055 1.7876734825124344E-13 5.827533571668059E-6 2.238786257826178E-8 172.24676587413882 0.4736995099674388 726.8937919482071 600.5771174116956 8.37858056067575 13.94798490960934 0.1606972119115065 21.012885518558324 13.086936920147021 33.21092178904409 1.2918677488895023 396.9494191848286 158.1550826618261 0.1569690958038534 24.99178846217841 1.9462498450777024 1.382938690673999 1.6286796689814391 0.41940986049829887 0.09226817039636716
6.736906400196729E-7 1.431994355936928 23.740198966351645 21.899314521013682 2.032395132890782 3.666903428444969 0.6777434006642025 3.671956132349622 13.016814585706978 1.7421976417971448 0.17235832464639836 0.13107750089754205 0.13429556712091703 1.8489613649784662E-13 5.8284573212873575E-6 1.7296159106456675E-8 258.9038852789113 0.27545015811516815 725.8610669836355 778.8079385615242 7.325671521480802 13.943163752975336 0.17287921354531985 22.708968825953153 12.559464139209098 34.3591897741048 1.2877893973343741 372.3733397218338 172.5497469264096 0.18892004147903405 17.954099680863763 2.077525526212845 1.4613738990069387 1.7583548570918917 0.21460110317738856 0.045836648560717036
3.939846655869361E-6 1.6009946639935282 23.578743041677956 22.321325692466502 2.879868444558955 5.006106829490497 1.169144490800795 5.018935010887047 14.348144097929268 0.9295567702771717 0.17889983605880388 0.1187122572249381 0.14700610494213195 9.457520896909897E-15 4.972486776836649E-6 3.0839461405244433E-9 265.93598630805633 0.6517043626920969 762.9751549456499 872.636762689514 8.364971642825898 14.037461440595052 0.3198125333105174 20.74418925871308 15.67563777003994 31.69330447842888 1.1301019416394473 394.5254419757535 159.75370139140475 0.1931760187657888 18.14028795556513 2.3363586080171364 1.2551414005952546 1.9211551557677546 0.11477833624325527 0.04320620808545953
6.791549779564762E-7 1.1807974609781677 23.740795660318888 7.137915797182489 2.0628171285292787 2.673069353924888 0.19738601057723945 1.466827754649594 10.339237379044915 1.7147381401703041 0.17233161043525533 0.12088699580970919 0.15438908924703268 1.7876734825124344E-13 5.704035897846001E-6 1.7107592038935238E-8 259.8310896341569 0.4736995099674388 830.5758810550337 779.0952768118124 6.843289439820135 13.947865455984465 0.13056571340663797 21.237672911481482 13.09058734204024 33.29681798975123 1.3037268695561464 396.4007475268888 175.83593790797127 0.1569690958038534 17.536110158529993 1.9462498450777024 1.5008265346387653 1.76194106007783 0.18934088610801672 0.04202825792593353
4.824279861149333E-6 1.408959698023037 23.707159545377294 21.882311496675563 2.8852796842116035 3.5507589781175914 0.6582399625132721 1.2327184158232067 10.479110826698639 0.5817713607226205 0.1786929566100816 0.13723746561862127 0.17051079438060876 1.7876734825124344E-13 5.8299818907957445E-6 1.7078908063887752E-8 171.25366508333818 0.11708233281411762 730.1377720087997 851.2040630961957 5.40583774085678 14.219296452518462 0.15849766281166483 20.872238397741146 13.061323118056746 37.383452255972124 1.1206968304945926 404.3951079050379 156.69237049144527 0.16314319695361032 17.78381970379458 2.072888222257888 1.324900326187139 1.6566153633371166 0.46528375382644 0.23185968189915326
4.742749087712544E-6 1.3692399904898722 23.742741821685332 7.569292649313497 2.835014929707961 3.5494487961512107 0.7528698595518533 4.992089612508106 10.32087111089717 1.7131918148679095 0.17869632381565448 0.12683224797699388 0.17063106883677348 1.7876734825124344E-13 5.824961201132323E-6 1.5924972675544165E-8 153.53444655394728 0.14151862710869667 736.1823152956637 678.2835493863748 7.411881521431513 14.219296452518462 0.15998908737221912 21.15151915638439 13.061323118056746 31.574964380073475 1.291716966572911 368.9642239601504 164.25363603513696 0.15724827174322592 18.162948518433794 2.0637864236671604 1.3171106959948562 1.6688283241300959 0.432722516727498 0.1740639915531527
4.850963102723255E-6 1.3246314889809312 23.740198966351645 19.069846759462354 1.9617788666714127 3.4601807647143903 0.7906840187132775 1.6985428773289115 14.530274822249018 1.600909104464717 0.17869632381565448 0.12683224797699388 0.20300955499703513 1.7876734825124344E-13 5.8284573212873575E-6 1.3190598989769195E-8 170.2894834986542 0.4652668750600595 729.8461635906665 600.3758925289211 5.419195343888763 14.219296452518462 0.15492328256345014 20.64975847765362 13.106329984718956 31.78073600232612 1.2766909801593613 373.5320917666205 224.43139835096662 0.15733851797065046 24.230128216155748 2.0774938261574483 1.2936912632166946 1.7563866232142502 0.605330757559517 0.08450565636147651
3.4716236460712862E-6 1.373476051058856 23.855175159300032 19.108662926312707 2.035016936385013 2.8013352020402795 0.7159821115428855 1.5719367337443004 8.78873914475074 0.28912050208080164 0.17308020855620396 0.12128481270555988 0.1564477284026997 1.7876734825124344E-13 5.827533571668059E-6 1.6815863458830587E-8 259.8310896341569 0.47880901770166207 665.0604694196104 783.8738310123487 7.412601198056214 13.948451136110208 0.17192541701094616 21.169535417988197 14.076750615450408 35.07489729946989 1.291885241454399 395.7910224056437 158.58606269304676 0.18836816866523468 19.83115497909506 1.7644293901501094 1.356429947114986 1.8060934736201844 0.33094387961374433 0.02082771258770817
3.8122530540442804E-6 1.0193576988974618 22.24848039120662 24.474622180359923 2.878501662463519 2.7162031886915865 1.2192929770898433 1.4306934694862485 14.27837850308871 0.9044627099844251 0.17308370997044065 0.1475626538974007 0.14669475860736045 9.457520896909897E-15 5.849330378650518E-6 1.9587162144361315E-9 259.96368963588475 0.45308895909360053 762.9751549456499 783.8941810000676 8.204942067750777 13.754504005326 0.16934223531897535 22.638271677190193 12.643178168205592 31.675474890966708 1.3183796841742983 395.6720881806278 158.16852173940129 0.1931760187657888 18.14028795556513 2.335575779620567 1.3074529484027686 1.866180652889297 0.06720170569421662 0.08968744477378038
3.978258012626924E-6 1.199036898225812 18.218476820596702 24.61786775451542 2.4404652354414083 4.755074919321074 0.7496549064997706 1.593730991533987 10.054558456547332 1.6192658952768886 0.17308055863366287 0.12088699580970919 0.15438908924703268 1.7876734825124344E-13 5.827520344328505E-6 1.5881110238997626E-8 254.33540941675673 0.45361643067132684 726.9247698451352 780.5625890069873 6.063854844270554 14.151059761055222 0.32605849821398136 22.424265934270604 12.47793828974743 31.009423363554966 1.3206085012601996 395.79627772089646 159.50943266164472 0.18861521366620265 17.006235942427082 2.2362851262733567 1.2982125470836483 1.8126617794021298 0.315222748641315 0.07605961412904165
3.555936604278431E-6 1.5685275811958665 23.608010305595187 21.93584201218207 2.8410137614486306 2.646245677866254 1.88092018448982 1.4581536432678852 13.258239548996215 0.5762711191380118 0.17280397605192832 0.12683224797699388 0.1544083077970528 1.7876734825124344E-13 5.829995118135299E-6 1.5775340921293298E-8 176.00109574518788 0.47365516229694515 726.7890638122697 774.5967061928122 5.421311032108443 14.016848167816434 0.15998908737221912 20.872238397741146 13.044642934932389 31.62054668917019 1.291008736119683 395.40988320029396 149.64852521743015 0.1921856967117962 17.078985774417337 2.066362421924104 1.2897326824759205 1.6730376813976695 0.5151043548746148 0.11625352304269272
3.4686926691474074E-6 1.2091021949464231 22.34167460246637 21.95066106956606 2.896956177321857 2.673291914987666 0.6668415683521948 1.9816731783667816 13.385747737471245 0.5439375712621499 0.17308055863366287 0.12088699580970919 0.15438908924703268 1.7876734825124344E-13 5.694580689489502E-6 1.5931658613883294E-8 259.8310896341569 0.17715695844830867 726.8390873268628 779.1054364239934 5.424271664475846 14.148051404631953 0.17185796279969745 21.200819421755412 13.180988673128368 31.48399026827938 1.2918677488895023 395.7907204981091 177.1122086030593 0.18849445255915445 19.707601328589867 1.9438465394338893 1.3200841638269645 1.7911896162058147 0.394615813461654 0.05394469474389835
4.749098144100216E-6 2.0833121564177124 23.00982346663311 13.183769316877417 2.84449775983416 3.975218223936414 1.6266137504276739 4.967511333315431 9.26560416839655 0.1262000023506632 0.14761583730749628 0.12906492625855243 0.11528917853651012 8.157181654780102E-14 8.701036972311494E-6 2.0705163376614765E-8 164.49833324109744 0.6795471931102548 656.2555283655638 883.028092754711 14.140196012312687 14.220109705258292 0.18901534142659968 20.895667554351846 13.108293992401478 31.865027813215136 1.2518268904866698 418.6035114043383 155.2310363950459 0.19323827454003287 18.170680743368703 2.0738870622242858 1.3478065818941989 1.9986476839993887 0.07434997983277324 0.02779758357705925
7.152684076446662E-7 1.3716806620321305 20.945951052571168 22.20000401238287 2.322705609424845 3.378718831065222 0.6523212980299977 9.235163128186317 13.476552249424639 0.6653942281162524 0.14100164156606604 0.13833157482642258 0.13035036922865673 5.989939392894811E-13 5.400374187971397E-6 2.287195758737097E-8 175.9004419813047 0.0335618644169601 909.0884676470732 752.6886164023967 7.610754904699609 14.09795420081284 0.2471475497577248 21.176148868348715 15.823594122106844 35.25495889329129 1.2906605934901922 396.6994018202895 146.769650987254 0.17163349160142718 18.01182164916965 1.9757206168300039 1.493792119736963 1.8249028616658682 0.15715343648481986 0.04795911944025482
1.601936879463303E-6 2.2113339906966933 18.31773070255312 15.282755975638802 1.9403345003737602 2.8905634446829573 1.5039991192858775 3.477285457699869 1.8265026610179156 0.21158266543483822 0.13727844689771806 0.14711776705963195 0.1551657447193094 1.8792231133913225E-14 1.6128406524297846E-5 1.3096428778159475E-8 171.98837272924635 0.6094330932842431 608.9533160551317 786.8771103290478 14.809623303778157 13.700522229387708 0.15078097761167006 16.324087612963403 12.957299133281326 33.00158248196084 1.262133850934165 380.5567516085287 223.13155856092214 0.1866662116088063 21.997331595866882 1.739722257922621 1.8992550181644012 1.6154484759921812 0.2274234351241569 0.03097439051720843
1.662112823965506E-6 2.2407658992097352 18.31773070255312 15.282755975638802 1.9403345003737602 4.521257995651326 1.5039991192858775 3.477285457699869 1.8265026610179156 0.5807257602249899 0.171648421381581 0.14711776705963195 0.1551657447193094 1.8792231133913225E-14 1.6128406524297846E-5 1.3096428778159475E-8 171.98837272924635 0.6094330932842431 608.9533160551317 877.9249840397238 14.809623303778157 14.036459687457665 0.15078097761167006 21.791074469391873 12.957299133281326 32.996757797417274 1.334170746075345 380.5567516085287 156.9628258310212 0.1866662116088063 21.997331595866882 1.739722257922621 1.8190962477966597 1.5959799802851158 0.17432834643806042 0.033282485675411096
3.456000165186262E-6 2.0646838816223156 15.790262023826937 10.341666710505507 2.013726048169073 4.268672783714626 0.26123556419774896 3.1122446839873237 10.486294837065216 1.8336495295835071 0.1788005040661876 0.1372474887046854 0.17046547587608113 4.656222305709184E-13 4.265412117793105E-6 1.709919921210169E-8 171.35647611698897 0.11743334417110404 835.0086579064371 606.097715876838 11.760494736908676 14.376344833924518 0.15819760181157885 22.81249367003774 13.209527278751484 37.32035349723921 1.3849348037986309 404.84958049679074 174.24557022753942 0.16347367313037003 25.21791399101268 2.1796998287589004 1.3378244760778417 1.9158786208447132 0.1519153902720198 0.017279859222376154
1.6326587409781292E-6 2.2113339906966933 21.91047540280962 12.228626946548069 2.43160595384029 4.784692652255894 1.4858963069163647 9.583526489041157 1.8231397295612954 0.5155132746991241 0.13976053331049137 0.14706762378247482 0.12913815203787968 1.8792231133913225E-14 1.6811281593036136E-5 1.332471351348308E-8 175.98628910951538 0.6094330932842431 614.225331638202 589.1453996690402 14.53114676762905 13.684446235270677 0.15078047810381573 16.325533134068213 15.687765355306514 35.068726045141844 1.262133850934165 380.5567516085287 227.7024594837054 0.1766152147793415 19.917319857210384 2.223946982590358 1.8722707037258106 1.5856612547551792 0.7557709256776948 0.05977555289620855
3.436379908388816E-6 1.1472613858767626 23.740198966351645 22.62789238367078 2.801544505396307 2.673069353924888 0.6699316202841282 1.6985428773289115 10.32087111089717 1.794743880140244 0.17869632381565448 0.12088699580970919 0.15475564855247828 1.7876734825124344E-13 2.6171747233691993E-5 1.7052638414609116E-8 169.86187039751687 0.07451305264998401 726.9438875801247 586.6281155959757 13.770304579602545 14.219296452518462 0.15769335622008104 21.19996125196772 13.110825907322209 31.686753048609415 1.2918677488895023 395.34634810570674 145.33213053101463 0.1569690958038534 17.007090507036096 2.0663391419780353 1.4024895963555077 1.7357324271160346 0.1497035415665873 0.20179420898445116
4.775239118695766E-6 1.3246314889809312 23.740198966351645 19.069846759462354 1.9617788666714127 3.5507589781175914 0.741687617275372 1.6985428773289115 10.32087111089717 1.7131918148679095 0.17869632381565448 0.12683224797699388 0.13180672221880016 1.7876734825124344E-13 5.8284573212873575E-6 2.291932083548684E-8 170.2894834986542 0.4652668750600595 727.4532544196758 600.1975018516242 5.419195343888763 14.219296452518462 0.1605462584685586 20.64975847765362 13.061323118056746 31.686753048609415 1.2877893973343741 373.5320917666205 220.33608139864407 0.15733803842635782 17.007090507036096 2.072856422797799 1.296716054079376 1.7886208541956334 0.6140728383487386 0.030245763463214555
4.793000223968112E-6 1.3692881461519542 23.740198966351645 22.605656893532203 2.8977540373913366 3.5507589781175914 0.6724850169514565 3.595525494850359 10.32087111089717 1.6875804963959742 0.17869632381565448 0.12683224797699388 0.15475564855247828 1.7876734825124344E-13 4.376757505220473E-6 1.5880473335874185E-8 170.2894834986542 0.1448642191105839 936.3638937713571 851.2040630961957 7.959145887870729 14.219296452518462 0.15998908737221912 20.868709994283204 13.061323118056746 31.686753048609415 1.1253961293436983 395.4130272970741 158.3796556033499 0.17461018392647074 19.90998164499101 2.072856422797799 1.3087544417826174 1.7909100402168994 0.1239004051484629 0.2645763885973615
4.02417499388963E-6 1.2008674447267413 23.508350259302624 21.95066106956606 2.8968229646578756 2.673069353924888 0.6699316202841282 1.595204160129553 13.385747737471245 1.6276039616778066 0.1731454770517852 0.12088699580970919 0.15438908924703268 1.7473072052065564E-13 5.827533571668059E-6 1.5940879655052736E-8 265.9410566238462 0.4736334164236344 726.8937919482071 780.5625890069873 8.21852085434174 14.148051404631953 0.1730666601926272 21.19996125196772 15.915234388366741 31.425662889609036 1.2918677488895023 395.79627772089646 158.3796556033499 0.1929048456943368 17.007090507036096 2.3395981173152265 1.2730063807630738 1.8253332999144767 0.15723845892685162 0.08961019755142918
7.0343319913086E-7 1.0117439259046634 22.21344968009213 21.979424510152587 2.8969225600105184 2.673069353924888 0.6699316202841282 1.2378171591646407 13.385747737471245 0.5728576133399156 0.1723259232748862 0.12088699580970919 0.1543933827977174 1.7876734825124344E-13 5.827533571668059E-6 1.7546905692224707E-8 259.8310896341569 0.4736995099674388 724.350724593618 779.178530114437 5.385844595646785 13.94785604589844 0.17182011139475464 21.19996125196772 13.091211603379652 33.21092178904409 1.292848633627946 395.70372949419396 158.17219318998286 0.1569690958038534 17.747246036384215 1.9462498450777024 1.5333292960492966 1.7588894296244522 0.40309516798571804 0.03645927153833775
3.473138202901206E-6 1.1823565282456725 23.855175159300032 21.95482718431117 2.035016936385013 2.7652141169905953 0.7159821115428855 1.650841486504603 8.78873914475074 0.29995714366499604 0.17308020855620396 0.12128481270555988 0.1564477284026997 1.7876734825124344E-13 5.827533571668059E-6 1.6803353940415665E-8 259.8310896341569 0.47880901770166207 665.0604694196104 778.7729558808184 7.412601198056214 13.948451136110208 0.17299416021296957 21.169535417988197 14.076985492534577 35.700791194430316 1.291885241454399 395.7910224056437 158.41661001611544 0.18836816866523468 22.47840897039255 1.7644293901501094 1.3684638066501076 1.7986196826749832 0.34557761237068835 0.04018960947893161
1.78820258091712E-6 1.3411561533085647 23.74742497772378 22.330402067779985 2.8800987008384222 4.987448482478804 1.4950066804910207 5.023633838531165 10.375555634746782 0.5393733690052864 0.13853188214840934 0.12620955259243372 0.13180672221880016 1.9796092480589268E-13 4.9956999552081205E-6 2.385103156969292E-8 171.31930263420978 0.6600997468774752 748.3043855476031 875.1274343042119 5.419195343888763 14.219296452518462 0.1605462584685586 20.751911046023096 15.600047387283063 31.693269276705784 1.2887526654945505 373.7377456235323 220.33608139864407 0.15679353333162468 20.24229492961659 2.229630904197877 1.3845570026789222 1.658203565682646 0.4815658192204778 0.020722135007849293
4.688187173978091E-6 1.387433085258742 23.578743041677956 22.846152220171444 2.896605452841929 4.951149590096968 0.6993692069579833 5.015046898056666 14.27837850308871 0.9567715827946257 0.1788748762618204 0.1180182957231794 0.14669475860736045 9.457520896909897E-15 4.9935007811434254E-6 2.683056804463779E-9 265.3491255307065 0.47672136298811985 759.6830974015278 875.0272869522241 5.281545450519902 14.037461440595052 0.32664886572536034 20.75190230035422 15.830469392686924 31.69330447842888 1.128939427425688 356.79808786506464 160.43140029073487 0.1940213536197543 18.14028795556513 2.225887559881513 1.2649121076198317 1.8497138652525953 0.28862260751151464 0.01842829587545267
3.548562457181993E-6 1.5826663651918527 23.740198966351645 21.94497438489448 2.051666697794857 4.510472683740127 0.6724850169514565 1.461729011171468 10.32087111089717 0.5860833984036413 0.17869632381565448 0.12683224797699388 0.15475564855247828 1.7876734825124344E-13 5.8299818907957445E-6 1.5880473335874185E-8 171.25366508333818 0.45357208300083324 727.4202935153639 882.6986720226221 5.419195343888763 14.028139409570866 0.15998908737221912 20.872238397741146 13.061041063863666 31.686325636824332 1.3075369900531693 395.40988320029396 150.47753689309067 0.15671164806228963 17.079780442992263 2.0735594211151422 1.3416554932996838 1.6871536121541213 0.467115274116305 0.12477760060586646
1.306756034937E-6 2.2113339906966933 21.83795393144768 12.751265992128442 1.9403345003737602 4.806829374140511 0.9356674012368382 9.1808259974447 1.8265026610179156 0.5155132746991241 0.2137149218977794 0.14919297377495896 0.13203527109442656 1.8792231133913225E-14 2.0765696914162496E-5 1.3372329754347356E-8 320.08332215099017 0.614340179098182 614.225331638202 592.9455819049364 14.53114676762905 13.625974530527467 0.15078097761167006 16.324087612963403 15.654318301120734 31.912354184214976 1.262133850934165 381.4724631412606 227.7024594837054 0.19395500598962997 19.917319857210384 1.8701771123828062 1.835615764640726 1.5926979217627957 0.9117232604580845 0.025349208192190307
#
