# Problem = CalAnaylsis
# Variables = 32
# Objectives = 4
4.731432658112851E-7 1.6418402649987853 11.547072736051408 7.493019957645637 1.8060941682442615 2.414770389316905 1.4041734231522425 9.775748679850079 1.4357301323284664 0.5907647674092213 0.20767021486414788 0.20220996044182632 0.11636760912181801 7.099371502173035E-13 4.6394842167077384E-5 1.3513420275164387E-8 187.27069666136586 0.776445767717828 821.5827283097146 897.7590097195962 14.958782979814167 13.131162639853 0.14225392561661634 16.291775794215194 13.862915012800263 36.54931756129143 1.2545720765699735 360.1786957823612 181.42413682139517 0.18713080366388285 20.805796418554984 1.8428459331905391 1.946980909800512 2.0253477620522333 1.0053397833947546 0.0055502887063308285
2.4855100280135103E-6 1.0727688238506197 21.17374501052355 24.449581937155187 1.5457517506981306 4.928655221394535 1.1830921634570626 5.016291752363619 15.0 0.5000811679202056 0.20965849969169165 0.10999999940395355 0.160610824823494 9.457520896909897E-15 6.38467750291415E-5 3.0839461405244433E-9 265.99766429842964 0.6517043626920969 763.3643681686899 875.0272869522241 5.478260550797842 13.804069152309173 0.3198125333105174 16.661441317982852 15.96261388610892 33.23147428223997 1.1535760736889986 364.08101608072707 159.75370139140475 0.17356816147582937 17.76050788644743 2.3363586080171364 1.3760263962906512 1.9846803106761721 0.3019061890817469 0.012017368420097103
2.4855100280135103E-6 1.0727688238506197 21.17374501052355 24.449581937155187 1.5457517506981306 4.928655221394535 1.1830921634570626 5.016291752363619 15.0 0.5000811679202056 0.15051650953146878 0.10999999940395355 0.14665232705715664 9.457520896909897E-15 6.38467750291415E-5 3.0839461405244433E-9 265.99766429842964 0.6517043626920969 763.3643681686899 875.0272869522241 9.564812876325947 12.714699032336764 0.3198125333105174 16.661441317982852 15.96261388610892 33.23147428223997 1.1535760736889986 364.08101608072707 159.75370139140475 0.17356816147582937 17.76050788644743 2.3363586080171364 1.36441485810884 1.9171141168586472 0.19618373831259928 0.3065847654162507
2.4855100280135103E-6 1.6009946639935282 22.50011950457106 24.449581937155187 2.883518007689968 4.928655221394535 1.1830921634570626 3.2787276501287215 14.27837850308871 0.9295567702771717 0.15051650953146878 0.1889868672696946 0.14665232705715664 9.457520896909897E-15 6.38467750291415E-5 3.0839461405244433E-9 265.99766429842964 0.6517043626920969 763.3643681686899 875.0272869522241 14.970327774877214 14.037467891863233 0.3198125333105174 16.661441317982852 15.96261388610892 33.23147428223997 1.288980303837864 371.0504277770107 159.75370139140475 0.17356816147582937 17.76050788644743 2.3363586080171364 1.325275501737366 1.8828214881825915 0.23032692073035618 0.06235679581174052
2.4855100280135103E-6 1.6009946639935282 21.17374501052355 24.449581937155187 2.883518007689968 1.0 1.1830921634570626 5.016291752363619 14.27837850308871 0.9295567702771717 0.15051650953146878 0.18422087696922157 0.14665232705715664 9.457520896909897E-15 6.38467750291415E-5 3.0839461405244433E-9 265.99766429842964 0.6517043626920969 763.3643681686899 875.0272869522241 14.970327774877214 14.037467891863233 0.3198125333105174 16.661441317982852 15.211370728514936 33.23147428223997 1.288980303837864 371.0504277770107 159.75370139140475 0.17356816147582937 17.76050788644743 2.3363586080171364 1.3434630271214505 1.853732987448137 0.23889388630599637 0.05599358359626136
2.4855100280135103E-6 1.6009946639935282 21.17374501052355 24.449581937155187 2.883518007689968 4.928655221394535 1.1830921634570626 5.016291752363619 14.27837850308871 0.9295567702771717 0.15051650953146878 0.10999999940395355 0.14665232705715664 9.457520896909897E-15 6.38467750291415E-5 3.0839461405244433E-9 265.99766429842964 0.6517043626920969 763.3643681686899 875.0272869522241 14.970327774877214 14.037467891863233 0.3198125333105174 16.661441317982852 15.96261388610892 33.23147428223997 1.288980303837864 371.0504277770107 159.75370139140475 0.17356816147582937 17.76050788644743 2.3363586080171364 1.2773046475789347 2.034585468427603 0.17499137419009284 0.07325472806993488
2.4855100280135103E-6 1.6009946639935282 21.17374501052355 24.449581937155187 2.883518007689968 4.928655221394535 1.1830921634570626 5.016291752363619 14.27837850308871 0.9295567702771717 0.15051650953146878 0.1475626538974007 0.14665232705715664 9.457520896909897E-15 6.38467750291415E-5 3.0839461405244433E-9 265.99766429842964 0.6517043626920969 763.3643681686899 814.5043659842833 14.970327774877214 14.037467891863233 0.3198125333105174 16.661441317982852 15.96261388610892 33.23147428223997 1.288980303837864 371.0504277770107 159.75370139140475 0.17356816147582937 17.76050788644743 2.3363586080171364 1.2835221777393886 1.9257225405838068 0.19634542115009157 0.06702028196256787
2.4855100280135103E-6 1.6009946639935282 21.17374501052355 24.449581937155187 2.883518007689968 4.928655221394535 1.1830921634570626 5.016291752363619 14.27837850308871 0.9295567702771717 0.15051650953146878 0.1475626538974007 0.14665232705715664 9.457520896909897E-15 6.38467750291415E-5 3.0839461405244433E-9 265.99766429842964 0.6517043626920969 763.3643681686899 875.0272869522241 14.970327774877214 14.037467891863233 0.3198125333105174 16.661441317982852 15.96261388610892 33.23147428223997 1.288980303837864 371.0504277770107 159.75370139140475 0.17356816147582937 17.76050788644743 2.3363586080171364 1.283136480992666 1.9253866487876494 0.20182695211029072 0.06702028196256787
3.5107873000670422E-6 2.282855529360341 20.959342958167678 22.407369968262962 1.4093334682812353 7.216300583470995 1.4993076384980295 6.482448411328027 9.731245715003269 0.6811947279943852 0.1409708303220417 0.1833032037358967 0.14562153387767077 7.461373726082496E-13 6.262336096483566E-5 2.449154488744461E-8 250.1626526059871 0.37280879999683847 910.1519468957194 628.9550100729389 7.877239863479444 11.93831274170296 0.2471475497577248 17.231893882636236 13.616871453705665 32.59314463834044 1.2748019931466263 374.3006685843426 140.09113518646308 0.18049721660294726 22.005592853244494 2.2178411676013443 1.410409406389545 14.526067134288184 0.055166373556277466 0.4170713105392935
3.5107873000670422E-6 1.3652823630094169 20.959342958167678 22.407369968262962 1.4093334682812353 7.216300583470995 1.4993076384980295 6.482448411328027 9.731245715003269 0.6811947279943852 0.1409708303220417 0.1833032037358967 0.14562153387767077 7.461373726082496E-13 6.262336096483566E-5 2.449154488744461E-8 250.1626526059871 0.0046389839643290465 910.1519468957194 628.9550100729389 7.877239863479444 11.93831274170296 0.2471475497577248 17.231893882636236 13.616871453705665 32.59314463834044 1.2748019931466263 374.3006685843426 140.09113518646308 0.18049721660294726 22.005592853244494 2.2178411676013443 1.4196837280461112 15.483901554936711 0.049540347174823494 0.4138186277014541
4.7762962870678966E-6 1.383730959632694 18.256477872503027 16.857057350896856 1.3345627458112637 6.987884819046343 1.740813764654684 7.299033832401426 9.047920002268846 0.21300331854215984 0.21353177969356957 0.12724036848531398 0.13550346027698768 3.6168557302290754E-14 3.52909235871061E-5 1.8842607205913153E-8 193.35557293550022 1.0 669.9131126508981 850.8848439916585 12.78976636762229 13.940956983131146 0.31519754764414865 16.356502776602976 14.488240825819577 29.5 1.2107277994898522 353.98780473435363 160.55005477818585 0.19400703343720996 22.31886837806023 2.440000057220459 1.3627589607177961 3.5948364946684137 0.10284180419009602 0.1117955458631101
4.7762962870678966E-6 1.383730959632694 18.256477872503027 16.857057350896856 2.179589329706297 6.987884819046343 1.740813764654684 7.299033832401426 9.047920002268846 0.21300331854215984 0.21353177969356957 0.12724036848531398 0.13550346027698768 3.6168557302290754E-14 3.52909235871061E-5 1.8842607205913153E-8 193.35557293550022 1.0 669.9131126508981 850.8848439916585 12.78976636762229 13.940956983131146 0.31519754764414865 16.356502776602976 14.488240825819577 29.5 1.2107277994898522 353.98780473435363 160.55005477818585 0.19400703343720996 22.31886837806023 2.440000057220459 1.3394394342190385 3.628999951265387 0.10199414009132803 0.11477159639833118
4.7762962870678966E-6 1.383730959632694 18.256477872503027 16.857057350896856 2.179589329706297 1.6997182197869818 1.740813764654684 1.569764173521558 14.852552245260073 0.21300331854215984 0.21353177969356957 0.12724036848531398 0.13550346027698768 2.65496206480573E-13 3.52909235871061E-5 1.8842607205913153E-8 193.35557293550022 0.652861019438014 669.9131126508981 850.8848439916585 12.78976636762229 13.662609141857036 0.13285009109772067 20.838800229062628 14.488240825819577 29.5 1.2107277994898522 353.98780473435363 160.55005477818585 0.19400703343720996 22.31886837806023 1.7880382791849412 1.2987736182642386 2.5196922502782804 0.13596956916314235 0.1719673994886612
4.7762962870678966E-6 1.383730959632694 18.256477872503027 16.857057350896856 2.179589329706297 6.987884819046343 1.740813764654684 1.569764173521558 9.047920002268846 0.21300331854215984 0.21353177969356957 0.12724036848531398 0.13550346027698768 3.6168557302290754E-14 3.52909235871061E-5 1.8842607205913153E-8 193.35557293550022 0.652861019438014 669.9131126508981 850.8848439916585 12.78976636762229 13.940956983131146 0.13285009109772067 20.838800229062628 14.488240825819577 29.5 1.2107277994898522 353.98780473435363 160.55005477818585 0.19400703343720996 22.31886837806023 1.7880382791849412 1.3836789853045617 3.1379541082876576 0.11182779212390245 0.2378680464760579
4.7762962870678966E-6 1.383730959632694 18.256477872503027 16.857057350896856 2.179589329706297 6.987884819046343 1.740813764654684 1.569764173521558 9.047920002268846 0.21300331854215984 0.21353177969356957 0.12724036848531398 0.13550346027698768 8.78977666117099E-13 3.52909235871061E-5 1.8842607205913153E-8 193.35557293550022 0.652861019438014 669.9131126508981 850.8848439916585 12.78976636762229 13.940956983131146 0.13285009109772067 20.838800229062628 14.488240825819577 35.772346907817386 1.2107277994898522 353.98780473435363 160.55005477818585 0.19400703343720996 22.31886837806023 1.7880382791849412 1.3780334371759189 1.8328184273578882 0.30355070261128336 0.2590167925420784
1.8803124713700298E-6 1.1891887823460554 25.0 7.1266109696449735 2.8968229646578756 2.673069353924888 1.1380295617310665 1.7553328841218037 13.385747737471245 1.4281320609379842 0.17240820057946032 0.12088699580970919 0.15438908924703268 1.7876734825124344E-13 1.9217407427929823E-5 1.5940879655052736E-8 259.8310896341569 0.4736995099674388 726.8937919482071 779.1875391140755 5.419195343888763 14.219296452518462 0.1289999932050705 21.19996125196772 13.086936920147021 31.56955274213557 1.2918677488895023 395.79066710091877 158.3796556033499 0.16402664560957086 17.007090507036096 1.9516182365232455 1.4786182588394172 1.7712018934325224 0.39675697083106737 0.22166060363502257
1.8803124713700298E-6 1.1891887823460554 25.0 7.1266109696449735 2.8968229646578756 2.673069353924888 0.6699316202841282 1.7553328841218037 13.385747737471245 1.4281320609379842 0.17240820057946032 0.12088699580970919 0.15438908924703268 1.7876734825124344E-13 1.9217407427929823E-5 1.5940879655052736E-8 259.8310896341569 0.4736995099674388 726.8937919482071 779.1875391140755 5.419195343888763 14.219296452518462 0.1289999932050705 21.19996125196772 13.086936920147021 31.56955274213557 1.2918677488895023 395.79066710091877 158.3796556033499 0.16402664560957086 17.007090507036096 1.9516182365232455 1.4783925434317755 1.7806284842574907 0.39675697083106737 0.22125831737523707
4.0129482008290255E-6 1.1891887823460554 25.0 6.456219869019525 2.8968229646578756 2.673069353924888 0.6699316202841282 1.0 15.0 1.4281320609379842 0.1440292726347075 0.12088699580970919 0.15438908924703268 1.7876734825124344E-13 3.026045578685947E-5 1.5940879655052736E-8 347.827167414318 0.4736995099674388 710.3002823075244 779.1875391140755 8.497401413529822 14.219296452518462 0.2492086291087221 21.19996125196772 14.955219472449794 31.56955274213557 1.2918677488895023 395.79066710091877 158.3796556033499 0.1569690958038534 17.007090507036096 2.022713506074931 1.2806225039419066 2.19333321610695 0.26339309493552343 0.030648853045367096
4.0129482008290255E-6 1.1891887823460554 25.0 21.95066106956606 2.8968229646578756 2.673069353924888 0.6699316202841282 1.7553328841218037 15.0 1.4281320609379842 0.17240820057946032 0.12088699580970919 0.15438908924703268 1.7876734825124344E-13 5.827533571668059E-6 1.5940879655052736E-8 347.827167414318 0.4736995099674388 710.3002823075244 779.1875391140755 8.497401413529822 14.219296452518462 0.2492086291087221 21.19996125196772 15.308820736723643 31.56955274213557 1.2918677488895023 395.79066710091877 158.3796556033499 0.1569690958038534 17.007090507036096 2.022713506074931 1.2829387343524108 1.8916037068061204 0.26960579459623435 0.04178656043349991
4.0129482008290255E-6 1.0 23.740198966351645 21.95066106956606 2.8968229646578756 3.486885626813699 0.6699316202841282 1.7553328841218037 13.385747737471245 1.4281320609379842 0.17240820057946032 0.12088699580970919 0.15438908924703268 1.7876734825124344E-13 5.827533571668059E-6 2.10236921674823E-8 259.8310896341569 0.4736995099674388 726.8937919482071 779.1875391140755 5.419195343888763 14.219296452518462 0.17185796279969745 21.19996125196772 13.086936920147021 31.56955274213557 1.2918677488895023 395.79066710091877 158.3796556033499 0.18337252341071916 17.007090507036096 2.1049148253939354 1.3237763713948536 1.8524593368969267 0.3919022352149613 0.12197670870433293
4.0129482008290255E-6 1.1891887823460554 23.740198966351645 21.95066106956606 2.8968229646578756 2.673069353924888 0.6699316202841282 1.7553328841218037 13.385747737471245 1.4281320609379842 0.17240820057946032 0.12088699580970919 0.15438908924703268 1.7876734825124344E-13 5.827533571668059E-6 1.5940879655052736E-8 259.8310896341569 0.4736995099674388 726.8937919482071 779.1875391140755 5.419195343888763 14.219296452518462 0.17185796279969745 21.19996125196772 13.086936920147021 31.56955274213557 1.2918677488895023 395.79066710091877 158.3796556033499 0.1569690958038534 17.007090507036096 1.9516182365232455 1.2978538634805463 1.8040020257326481 0.3912822941077079 0.14457435660818244
3.0484427293461E-6 1.9903745285400847 18.961663390519718 21.686487809569005 1.9403345003737602 2.8902595545487655 0.9325002929721984 9.471085804412775 1.8265026610179156 0.5865698517774371 0.15433041779269369 0.14706762378247482 0.13388081519194556 6.06959015234648E-14 6.74691024345259E-5 1.8903568042768616E-8 315.9809272784012 0.6201808509716478 614.0731811746047 590.887446054488 14.53114676762905 13.6843272631968 0.2230516192383641 16.324087612963403 13.469165997075603 33.24016059364046 1.0 370.0692324149053 227.7024594837054 0.17662466077295344 19.917319857210384 1.8490355232302311 1.844714565482174 1.6902103611354107 0.9147175579914115 0.04567452598422655
3.0484427293461E-6 1.9903745285400847 18.961663390519718 19.289853929361087 1.9403345003737602 2.8902595545487655 0.9325002929721984 9.471085804412775 1.8265026610179156 0.5865698517774371 0.15433041779269369 0.14706762378247482 0.13388081519194556 6.06959015234648E-14 6.74691024345259E-5 1.8903568042768616E-8 315.9809272784012 0.6201808509716478 614.0731811746047 590.887446054488 14.53114676762905 13.6843272631968 0.2852127729513677 16.324087612963403 13.469165997075603 33.24016059364046 1.0 380.7226283782606 227.7024594837054 0.17662466077295344 19.917319857210384 1.8490355232302311 1.8392146685735076 1.6803930072992388 0.9145486361362559 0.1758321651021834
3.0484427293461E-6 1.9903745285400847 18.961663390519718 19.289853929361087 1.9403345003737602 2.8902595545487655 0.9325002929721984 1.0 1.8265026610179156 0.5865698517774371 0.12990578181363754 0.14706762378247482 0.13388081519194556 6.06959015234648E-14 6.74691024345259E-5 1.8903568042768616E-8 315.9809272784012 0.6201808509716478 614.0731811746047 590.887446054488 14.53114676762905 14.208864538500269 0.22799867088198272 16.324087612963403 15.719918390731586 33.24016059364046 1.262133850934165 380.7226283782606 227.7024594837054 0.17662466077295344 21.405596756810382 1.8490355232302311 1.8636822261731334 1.6855930414448206 0.9149541886697834 0.09164990589748144
3.0484427293461E-6 1.9903745285400847 18.961663390519718 19.289853929361087 1.9403345003737602 2.8902595545487655 0.9325002929721984 9.471085804412775 1.8265026610179156 0.5865698517774371 0.12990578181363754 0.14706762378247482 0.13388081519194556 6.06959015234648E-14 6.74691024345259E-5 1.8903568042768616E-8 315.9809272784012 0.6201808509716478 614.0731811746047 590.887446054488 14.53114676762905 13.6843272631968 0.2852127729513677 16.324087612963403 15.719918390731586 33.24016059364046 1.262133850934165 380.7226283782606 227.7024594837054 0.17662466077295344 19.917319857210384 1.8490355232302311 1.849544788323338 1.6729374677352118 0.9146499792402255 0.3027850112539503
3.9761618246821696E-6 1.6877680300531077 19.583098615874647 19.586512043900083 2.4014220604086187 8.888690194237395 1.5303834044571347 8.868501392760141 13.236419455752092 0.21026648840459997 0.10999999940395355 0.15243216781040758 0.10999999940395355 3.3682196532088304E-13 5.3874294575215653E-5 6.90510366787162E-9 218.80215373397436 0.26224747858992603 959.6375671195124 866.0438195835247 8.027418271745741 14.15511953398791 0.31350089767868694 21.436641793436685 15.578244140342573 34.78638551262398 1.1232587299839742 387.22212051854035 173.07565516164698 0.18651073880893532 24.29636811493995 2.0607765242453366 1.297483955041506 1.9091218286162397 0.32420544891644354 0.0227331586552223
3.9761618246821696E-6 1.6877680300531077 19.583098615874647 19.586512043900083 2.4014220604086187 8.888690194237395 1.5303834044571347 8.868501392760141 13.236419455752092 0.21026648840459997 0.17104844371477565 0.19604404810194864 0.10999999940395355 3.3682196532088304E-13 5.3874294575215653E-5 6.90510366787162E-9 251.33038410497343 0.26224747858992603 959.6375671195124 866.0438195835247 6.201049234168874 14.15511953398791 0.31350089767868694 21.436641793436685 15.578244140342573 34.78638551262398 1.1232587299839742 387.22212051854035 173.07565516164698 0.17602458806334276 24.29636811493995 2.0607765242453366 1.4078744662259801 2.6813266845425177 0.07451872084474115 0.018204946956765118
3.9761618246821696E-6 1.0761175656379116 19.583098615874647 19.586512043900083 2.4014220604086187 8.888690194237395 1.4410141096206077 4.542058491808771 13.236419455752092 0.21026648840459997 0.17104844371477565 0.23000000417232513 0.13935508634749788 3.3682196532088304E-13 4.88470140373889E-5 2.433445957386034E-8 251.33038410497343 0.26224747858992603 959.6375671195124 866.0438195835247 6.201049234168874 14.15511953398791 0.31350089767868694 17.808105463094186 15.578244140342573 34.527950800192215 1.1232587299839742 387.22212051854035 182.95407121859972 0.17040666239431093 24.29636811493995 2.1132871433115317 1.5092554320130551 14.141214383793397 0.04011705030843063 0.06769058927227614
3.9761618246821696E-6 1.0761175656379116 19.583098615874647 19.586512043900083 2.4014220604086187 8.888690194237395 0.5673126575273442 6.370606525536445 13.236419455752092 0.21026648840459997 0.17104844371477565 0.19604404810194864 0.10999999940395355 3.3682196532088304E-13 4.88470140373889E-5 2.433445957386034E-8 251.33038410497343 0.26224747858992603 959.6375671195124 866.0438195835247 6.201049234168874 14.15511953398791 0.31350089767868694 17.808105463094186 15.578244140342573 34.78638551262398 1.1232587299839742 387.22212051854035 173.07565516164698 0.17040666239431093 24.29636811493995 2.1132871433115317 1.4365125256487428 11.51394496215026 0.038480393947802574 0.08770130595530928
3.9761618246821696E-6 1.6877680300531077 19.583098615874647 19.586512043900083 2.4014220604086187 8.888690194237395 1.5303834044571347 6.370606525536445 13.236419455752092 0.21026648840459997 0.17104844371477565 0.19604404810194864 0.10999999940395355 3.3682196532088304E-13 4.88470140373889E-5 4.5000000947759133E-10 251.33038410497343 0.26224747858992603 959.6375671195124 866.0438195835247 6.201049234168874 14.15511953398791 0.31350089767868694 21.436641793436685 15.578244140342573 34.78638551262398 1.1232587299839742 387.22212051854035 173.07565516164698 0.17602458806334276 24.29636811493995 2.0607765242453366 1.4075601075038602 2.115785477329089 0.15513751642462809 0.02426434892342865
4.485235012382364E-6 2.0833121564177124 23.00982346663311 13.287813366797941 1.8798355293488394 9.618009142099401 1.6266137504276739 4.503334655668226 9.511100122856904 0.30573203957918715 0.14698152725071056 0.1289477420548211 0.11728366023689295 8.157181654780102E-14 4.256945152520375E-5 2.0705163376614765E-8 164.3255410795254 0.6795471931102548 663.7935464675417 906.7979840292049 14.140196012312687 13.20575002462266 0.1289999932050705 20.895667554351846 14.58113481760498 37.38444187590398 1.2518268904866698 417.5196994178116 155.2310363950459 0.19062368537718397 18.61463508123564 2.071236801980735 1.326626209686958 3.0329465566462517 0.10459046142207855 0.26816789525573
4.485235012382364E-6 2.0833121564177124 23.00982346663311 13.287813366797941 1.2767842237434732 9.618009142099401 1.6266137504276739 4.503334655668226 9.511100122856904 0.1262000023506632 0.14761583730749628 0.1289477420548211 0.11728366023689295 8.157181654780102E-14 4.256945152520375E-5 2.0705163376614765E-8 164.3255410795254 0.6795471931102548 663.7935464675417 906.7979840292049 14.140196012312687 13.659020331778581 0.18901534142659968 20.895667554351846 14.58113481760498 37.38444187590398 1.2518268904866698 417.5196994178116 155.2310363950459 0.1847396826581985 18.61463508123564 2.273516914089629 1.3315473291560842 2.979399377819482 0.11264475168592648 0.26170801916164005
4.485235012382364E-6 2.0833121564177124 23.00982346663311 13.287813366797941 1.2767842237434732 9.618009142099401 1.6266137504276739 4.503334655668226 9.511100122856904 0.1262000023506632 0.14761583730749628 0.1289477420548211 0.11728366023689295 8.157181654780102E-14 4.256945152520375E-5 2.0705163376614765E-8 164.3255410795254 0.6795471931102548 663.7935464675417 906.7979840292049 14.140196012312687 13.659020331778581 0.18901534142659968 20.895667554351846 14.58113481760498 31.866079155536696 1.2518268904866698 417.5196994178116 155.2310363950459 0.19485637608249445 18.61463508123564 2.273516914089629 1.3291056410344073 2.971597825759529 0.11276491854285314 0.1839382760163345
1.98351690215313E-6 2.157721495555559 7.062663790546626 23.234189142760098 2.522759562167627 2.928329500986271 0.7965296282366374 8.459660362345494 9.763026830664346 0.10000000149011612 0.12703605916477434 0.19533684077650945 0.11434207500172895 5.349279850632276E-13 3.7578588771047404E-5 3.3661754909889416E-9 193.4891740323224 0.7686534132294369 939.7604464116675 568.3208734366623 8.38039868904023 14.600000381469727 0.15895248371487378 18.742619493872308 13.635039967321836 35.15004589418179 1.1858955107917208 423.3640741032117 219.18300670610614 0.18851603267388983 20.868825293739096 2.1415874447842893 1.7472862196003363 2.4944469661618136 0.06336705195624168 0.1805938061333199
1.98351690215313E-6 2.157721495555559 7.062663790546626 23.234189142760098 2.522759562167627 2.928329500986271 0.7965296282366374 8.459660362345494 9.763026830664346 0.10000000149011612 0.12703605916477434 0.19533684077650945 0.11434207500172895 6.292421213017349E-13 7.342520695724282E-5 3.3661754909889416E-9 193.4891740323224 0.7686534132294369 939.7604464116675 568.3208734366623 8.38039868904023 14.600000381469727 0.15895248371487378 18.742619493872308 14.012160062756998 34.61070676082164 1.1858955107917208 423.3640741032117 219.18300670610614 0.19453579334659654 24.32143307204339 2.1415874447842893 1.7479116202919394 2.475643242837768 0.0633264436410413 0.19409168352654793
1.98351690215313E-6 2.157721495555559 7.062663790546626 23.234189142760098 2.522759562167627 2.928329500986271 0.7965296282366374 6.734894649425204 9.763026830664346 1.5349241021752442 0.12703605916477434 0.19533684077650945 0.17668554230365 8.666498913562374E-13 7.342520695724282E-5 3.3661754909889416E-9 193.4891740323224 0.7686534132294369 939.7604464116675 568.3208734366623 8.38039868904023 11.810450228323926 0.15895248371487378 19.87666524060871 14.012160062756998 37.12563708009754 1.1858955107917208 423.3640741032117 204.6299108293536 0.19453579334659654 24.32143307204339 2.1415874447842893 1.7875536984359963 4.863200857014558 0.06189192515973737 0.4967015105144448
1.98351690215313E-6 2.157721495555559 7.062663790546626 23.234189142760098 2.522759562167627 2.928329500986271 0.7965296282366374 1.374118397600258 9.763026830664346 1.5349241021752442 0.12703605916477434 0.19533684077650945 0.11434207500172895 8.666498913562374E-13 7.342520695724282E-5 3.3661754909889416E-9 193.4891740323224 0.7686534132294369 939.7604464116675 568.3208734366623 8.38039868904023 14.600000381469727 0.15895248371487378 19.87666524060871 14.012160062756998 37.12563708009754 1.1858955107917208 423.3640741032117 219.18300670610614 0.19453579334659654 24.32143307204339 2.1415874447842893 1.7760801994169997 2.7016336221435577 0.06204862907389616 0.10000677702539883
2.3197402900648347E-6 1.2597183159289291 19.1947671060974 18.686722773788674 1.0 10.0 0.40210077806137845 6.412133880556938 6.600457734286326 0.3944032386351276 0.12006256363560566 0.10999999940395355 0.21369977264820655 4.3064188813509366E-13 2.1285394366108163E-5 3.005648785404998E-8 233.03939676711843 0.6267766114849362 958.1912550153585 854.6111339761841 5.312942087665484 13.428850852058746 0.14826984659227538 17.080492604060026 13.29578009614504 30.947825988094902 1.285994587801431 423.66067806419375 223.303414629209 0.16606188982530062 25.10708381974532 2.2502706999297377 1.5036705515587703 1.8515801295322547 0.27161463927850316 0.05672731758151
2.3197402900648347E-6 1.2597183159289291 19.1947671060974 18.686722773788674 2.8677980251433284 10.0 0.40210077806137845 6.412133880556938 6.600457734286326 0.2650391329498048 0.12006256363560566 0.10999999940395355 0.21369977264820655 4.3064188813509366E-13 2.1285394366108163E-5 4.1841876026670366E-8 233.03939676711843 0.08485018999388338 958.1912550153585 854.6111339761841 5.312942087665484 13.428850852058746 0.14826984659227538 17.080492604060026 13.105993635749371 30.947825988094902 1.285994587801431 423.66067806419375 223.303414629209 0.16606188982530062 25.10708381974532 2.2502706999297377 1.4559014720371513 1.8686855010555383 0.19676114080498872 0.09155305109659861
3.56144140984463E-6 1.5373181919302288 16.284582479541058 16.299041262091798 1.9733366198161408 5.7129623886995 1.5945517442358197 1.0 12.802953767234259 0.597076114708761 0.17682846318064532 0.18439831042840288 0.18782060546874774 3.32321239900182E-13 1.297758375571051E-5 4.322408549922699E-8 248.08471864330568 0.9267211237054351 736.621840483376 706.2770000959408 9.601707624539578 12.733014628756255 0.16065650561335326 22.8598963309015 15.041827719646651 31.563283774798883 1.1070478984301586 352.9267158926239 210.1358738141435 0.16101559091197323 23.373083709406743 2.214186296534261 1.4575646079002575 11.27185834653438 0.05009605319798801 0.43236912894458784
4.2695964380943575E-6 1.3949120483712933 13.339393804784784 12.804201183947729 1.076953555053107 10.0 1.610178471699671 7.261174523013411 12.903487572003439 1.6342027278879212 0.20367246256214686 0.11594145235617687 0.13849138825415042 3.2495491093534743E-13 6.362490890903774E-5 3.3520488231654344E-9 195.9358328037376 0.44886462807109506 851.0261491491742 855.2337040482104 6.754184110251716 13.503818059029447 0.3477027565994508 20.73143637349488 13.72902264776948 33.15930750612518 1.0 373.48110608309986 191.26169432847053 0.16289053013277202 24.863951782933157 2.085450337141307 1.3883803698969046 1.9544122375123865 0.12693067491754154 0.20123127223548481
4.2695964380943575E-6 1.3949120483712933 13.339393804784784 12.804201183947729 1.076953555053107 2.063144398544525 1.610178471699671 7.261174523013411 12.903487572003439 1.6342027278879212 0.20367246256214686 0.11594145235617687 0.13849138825415042 3.2495491093534743E-13 2.2572319122469952E-5 3.3520488231654344E-9 195.9358328037376 0.44886462807109506 807.7878813134395 855.2337040482104 6.754184110251716 13.503818059029447 0.3477027565994508 20.73143637349488 13.72902264776948 33.15930750612518 1.0 373.48110608309986 191.26169432847053 0.16289053013277202 24.863951782933157 2.085450337141307 1.3868865937226584 2.001348072239799 0.1764082013779333 0.20520785732339672
2.334527548865108E-6 1.496639094400134 23.00982346663311 8.906044502711636 2.4403431169954297 9.618009142099401 1.6266137504276739 2.037284902217186 9.511100122856904 1.1321056816979231 0.16478594737659324 0.1289477420548211 0.11728366023689295 8.157181654780102E-14 4.256945152520375E-5 2.0705163376614765E-8 209.86559731484036 0.5300571148568441 663.7935464675417 906.7979840292049 9.141697076405588 13.659020331778581 0.3055538857701223 20.549390846181605 14.58113481760498 31.866079155536696 1.2518268904866698 361.09685212765544 140.0 0.19485637608249445 18.61463508123564 2.1357398665939074 1.3137849438067593 4.280822090686317 0.11981390809539748 0.25304573967761873
2.334527548865108E-6 1.3642551812534616 23.00982346663311 13.287813366797941 2.4403431169954297 9.618009142099401 1.6266137504276739 2.037284902217186 9.511100122856904 1.1321056816979231 0.16478594737659324 0.1289477420548211 0.11728366023689295 8.157181654780102E-14 4.256945152520375E-5 2.0705163376614765E-8 209.86559731484036 0.5300571148568441 663.7935464675417 906.7979840292049 14.140196012312687 13.659020331778581 0.18901534142659968 20.895667554351846 14.58113481760498 31.866079155536696 1.2518268904866698 361.09685212765544 140.0 0.19485637608249445 18.61463508123564 2.1357398665939074 1.3577075005849462 3.162691785014714 0.11067625544730864 0.023395635523091547
1.5669850181640087E-6 2.2060619132115735 22.043422991613454 23.779978149003746 2.4426916810531396 7.840248209170603 1.1901868801515147 5.9159762442606 14.494067476499467 0.10000000149011612 0.11307413699312505 0.18489867617700012 0.20617817396812332 5.20291045685353E-13 1.573883866952914E-5 1.3400878517091184E-8 163.92066435113423 0.22641503444788225 740.8232073031146 875.7540045489972 5.14252016607911 13.871909575638718 0.15541944765812798 22.387648618529226 12.5215237311028 33.94405901227214 1.2765621758317562 372.14971539675093 171.94431606119224 0.1570560350602117 17.930923019072424 2.1499165631662063 1.2912295014287627 1.866112805492114 0.5103492629281859 0.049871621847439734
1.5669850181640087E-6 2.2060619132115735 22.043422991613454 8.732987759465294 1.1039119577300704 7.840248209170603 1.1901868801515147 5.9159762442606 14.494067476499467 1.6078670323452722 0.11307413699312505 0.18489867617700012 0.20617817396812332 5.20291045685353E-13 1.573883866952914E-5 1.3400878517091184E-8 163.92066435113423 0.2358787478631279 740.8232073031146 875.7540045489972 5.14252016607911 13.871909575638718 0.15541944765812798 22.387648618529226 12.5215237311028 33.94405901227214 1.2765621758317562 372.14971539675093 171.94431606119224 0.1570560350602117 17.930923019072424 1.7008753343819127 1.3775357145073475 1.8149478975649191 0.5120002802298191 0.045608110695293844
2.4855100280135103E-6 1.6009946639935282 21.17374501052355 24.449581937155187 2.883518007689968 4.928655221394535 1.5485992347085602 5.016291752363619 14.27837850308871 0.7584951829070306 0.15051650953146878 0.14546063095893577 0.14665232705715664 9.457520896909897E-15 6.38467750291415E-5 3.0839461405244433E-9 265.99766429842964 0.6517043626920969 763.3643681686899 875.0272869522241 14.970327774877214 14.037467891863233 0.3198125333105174 16.661441317982852 15.96261388610892 33.23147428223997 1.1247902954044093 364.08101608072707 159.75370139140475 0.17356816147582937 17.76050788644743 2.3363586080171364 1.2889437984455299 1.9314707353375504 0.19521386842930946 0.18752880625539978
3.5107873000670422E-6 2.2681393680681827 14.32873333050599 22.407369968262962 1.0 10.0 0.28065256570063485 6.482448411328027 9.731245715003269 0.2946432254503002 0.1409708303220417 0.19808906223593437 0.1156046640367067 7.461373726082496E-13 3.704047508636843E-5 1.0005507756305368E-8 250.1626526059871 0.0046389839643290465 915.3573886858251 628.9550100729389 7.877239863479444 11.987076164667009 0.2471475497577248 18.12495309060207 13.616871453705665 36.47411013292752 1.2748019931466263 374.3006685843426 140.09113518646308 0.18049721660294726 22.005592853244494 1.7732834521452334 1.590568410386526 10.565572116579833 0.04403019539180497 0.3965248070377868
3.56144140984463E-6 1.0 16.284582479541058 24.599687069152345 1.9733366198161408 5.7129623886995 1.5945517442358197 1.0 12.802953767234259 0.597076114708761 0.17682846318064532 0.12388392508503224 0.11912640014099221 4.345476348068969E-14 1.951143453028615E-6 4.322408549922699E-8 248.08471864330568 0.9267211237054351 736.621840483376 706.2770000959408 9.601707624539578 13.90246862116248 0.16065650561335326 22.8598963309015 15.041827719646651 31.563283774798883 1.1070478984301586 352.9267158926239 210.1358738141435 0.18749211781986624 23.373083709406743 2.15422886633283 1.360892906277509 7.738850684174381 0.06580892173341908 0.10781832611100499
4.2695964380943575E-6 2.5 13.339393804784784 9.288568108325478 1.7310783737046076 2.063144398544525 1.610178471699671 7.261174523013411 7.353975708928201 1.6342027278879212 0.20367246256214686 0.11594145235617687 0.13849138825415042 3.2495491093534743E-13 2.2572319122469952E-5 5.360581267079346E-9 195.9358328037376 0.44886462807109506 807.7878813134395 855.2337040482104 6.754184110251716 13.007487924850638 0.14043028640879654 20.73143637349488 13.72902264776948 33.15930750612518 1.0 373.48110608309986 191.26169432847053 0.16289053013277202 21.711171782115656 2.440000057220459 1.4568973861118775 2.048769829738106 0.16569446856209322 0.038068345491423274
2.334527548865108E-6 1.9235714964802977 23.00982346663311 13.287813366797941 1.2767842237434732 9.618009142099401 1.6266137504276739 2.037284902217186 15.0 0.1262000023506632 0.14761583730749628 0.1289477420548211 0.11728366023689295 8.157181654780102E-14 4.256945152520375E-5 2.0705163376614765E-8 164.3255410795254 0.6795471931102548 663.7935464675417 906.7979840292049 14.140196012312687 13.659020331778581 0.18901534142659968 20.895667554351846 14.58113481760498 31.866079155536696 1.2518268904866698 361.09685212765544 140.0 0.19485637608249445 22.796955254913655 2.0102740310598546 1.3449116170393929 3.8226261353106494 0.10014080658878563 0.004489905697354817
1.5669850181640087E-6 1.51343475520729 25.0 8.732987759465294 1.1039119577300704 9.435954902963658 1.1901868801515147 3.6539519533356257 14.494067476499467 0.41554388762146277 0.11307413699312505 0.18489867617700012 0.20617817396812332 5.20291045685353E-13 1.573883866952914E-5 1.3400878517091184E-8 163.92066435113423 0.2358787478631279 740.8232073031146 875.7540045489972 5.14252016607911 13.256555983542741 0.15541944765812798 22.387648618529226 12.5215237311028 34.356339263595956 1.2765621758317562 372.14971539675093 171.94431606119224 0.1570560350602117 17.930923019072424 2.2874986857016557 1.4380520190038821 1.7864690282656897 0.5176189402057506 0.1777091157167581
5.423316001745347E-7 1.0637424685866472 10.774996464264373 18.99183703072776 2.031883671693742 6.43032799182243 1.4019737933019418 7.151541267289608 7.347450114961424 0.9133775434035463 0.15273226854750882 0.15296960404418045 0.221406865253815 9.138516773044435E-13 1.0268748781134363E-6 3.896689561539122E-8 208.9685745804466 0.8073987074006836 670.5401384816812 908.0 7.665494924153724 14.057018982735693 0.30815454756266136 19.428356873487843 13.13732898685171 33.09635574354789 1.2298814809714882 396.1624975111779 214.9346351257884 0.15735171619582103 21.194098497775617 2.3452169200795483 1.6716307606048781 1.8433536098248924 0.22335080356138304 0.2002307864066945
8.322985746153479E-7 2.1576306348174454 18.323466759424903 8.771258443055432 2.595185616327189 8.313011522141414 0.3050875978946579 8.573563377461689 12.944738889110369 1.8053129093851288 0.19936190331254783 0.1429488095219997 0.1729343514630935 3.3889152743948533E-13 5.5804344295812885E-5 1.3479067660293335E-8 276.4368675302301 0.2271401801530013 942.4409974883479 759.2762124886174 6.758415658168849 11.783009176858492 0.26427200463099454 22.692223307619578 16.0 32.15661815235257 1.3150283149672697 388.25073247391924 181.08147098548494 0.15856836035485922 20.533681679480726 2.4048673880172715 1.3455732004922163 11.948023254202726 0.03562171010958775 0.958647510647745
2.812153005663744E-7 1.6368146947181788 7.657636263199836 21.634676539057402 1.5939686242818678 5.787505447657586 0.10925057272884423 5.462839935215422 1.746236044549764 0.21647271826112424 0.14540914836202332 0.2042107471102621 0.19727817347171686 9.239500917319463E-13 5.7964722825547554E-5 1.4679899707248477E-8 274.9543900855616 0.05434847197353054 664.101507297943 888.1920211713198 7.592951230568539 14.08397809638712 0.3436328391367385 21.822572084920683 12.453955513652868 29.855288369770825 1.0398676092016053 360.3756201595697 170.95236286017933 0.18628824147700646 18.15934741602227 1.7009984478700588 1.9077997871492347 3.288498845763934 0.5104852021912761 0.006472693289823643
#
